0.000000,0.995000,0.000000,0.000000
1.002938,0.851736,0.001762,0.026930
1.016880,0.850423,0.001703,0.027124
1.030742,0.849225,0.001653,0.027315
1.044969,0.847984,0.001755,0.027387
1.059508,0.846923,0.001709,0.027586
1.074073,0.845818,0.001701,0.027895
1.088837,0.844764,0.001713,0.028094
1.103878,0.843389,0.001732,0.028378
1.119172,0.841977,0.001715,0.028181
1.134654,0.840568,0.001721,0.028424
1.150287,0.839377,0.001749,0.028400
1.166197,0.837789,0.001714,0.028313
1.182294,0.836536,0.001748,0.028379
1.198484,0.835300,0.001756,0.028420
1.215043,0.833891,0.001687,0.028511
1.231987,0.832330,0.001666,0.028446
1.249046,0.830823,0.001759,0.028953
1.266152,0.829559,0.001793,0.029120
1.283586,0.828307,0.001782,0.029001
1.301264,0.826732,0.001758,0.029297
1.319269,0.825248,0.001753,0.029138
1.337463,0.823870,0.001732,0.029035
1.355959,0.822209,0.001748,0.029041
1.374775,0.820432,0.001756,0.029081
1.393717,0.819150,0.001766,0.029158
1.413060,0.817814,0.001772,0.029063
1.432474,0.816498,0.001727,0.029333
1.452235,0.815086,0.001738,0.029391
1.472228,0.813632,0.001801,0.029604
1.492695,0.812268,0.001792,0.029555
1.513270,0.810686,0.001790,0.029160
1.534210,0.809191,0.001791,0.029356
1.555316,0.807743,0.001822,0.029474
1.576913,0.806148,0.001790,0.029587
1.598602,0.804648,0.001786,0.029597
1.620815,0.802773,0.001850,0.029590
1.643045,0.801339,0.001764,0.029698
1.665735,0.799766,0.001814,0.029758
1.688830,0.798368,0.001825,0.029680
1.712147,0.796593,0.001774,0.029749
1.735867,0.794977,0.001795,0.029704
1.759825,0.793395,0.001841,0.030059
1.784064,0.791468,0.001850,0.030163
1.808739,0.790164,0.001841,0.030337
1.833783,0.788675,0.001838,0.030899
1.859109,0.787589,0.001834,0.031134
1.884761,0.785870,0.001793,0.031121
1.910722,0.784080,0.001819,0.031344
1.937085,0.782484,0.001855,0.031313
1.963892,0.780716,0.001907,0.031460
1.991176,0.779518,0.001842,0.031538
2.018544,0.777577,0.001789,0.031528
2.046465,0.776155,0.001976,0.031415
2.074765,0.774982,0.001856,0.031417
2.103496,0.773730,0.001860,0.031759
2.132506,0.772089,0.001912,0.031726
2.161908,0.770427,0.001859,0.031925
2.191972,0.769268,0.001842,0.031704
2.222219,0.767639,0.001964,0.032251
2.252756,0.766393,0.001862,0.032551
2.283925,0.764770,0.001837,0.032779
2.315605,0.763166,0.001901,0.033089
2.347579,0.761843,0.001906,0.033504
2.380025,0.759820,0.001895,0.033707
2.412823,0.758302,0.001852,0.033577
2.446198,0.756405,0.001907,0.033677
2.480069,0.754934,0.001899,0.033277
2.514399,0.753175,0.001964,0.033458
2.549010,0.751643,0.001931,0.033218
2.584284,0.750080,0.001959,0.033586
2.620052,0.748670,0.001950,0.033901
2.656279,0.747334,0.001914,0.033888
2.692917,0.745886,0.001932,0.034060
2.730214,0.744034,0.001927,0.034627
2.767951,0.742832,0.001981,0.034595
2.806050,0.742159,0.001944,0.034810
2.844977,0.740991,0.001958,0.035299
2.884257,0.739886,0.002015,0.035444
2.924118,0.737895,0.001986,0.035459
2.964509,0.736668,0.001985,0.035767
3.005448,0.735395,0.001936,0.035852
3.047131,0.734527,0.001997,0.035968
3.089039,0.733243,0.001991,0.035745
3.131952,0.732325,0.002015,0.035940
3.175180,0.730884,0.001968,0.035986
3.219022,0.730059,0.001943,0.036556
3.263405,0.728791,0.001947,0.036700
3.308809,0.727182,0.001997,0.036916
3.354292,0.725798,0.001971,0.037158
3.400813,0.724480,0.002018,0.038020
3.447781,0.723577,0.002026,0.038200
3.495416,0.722948,0.002016,0.038342
3.543772,0.721632,0.002038,0.038475
3.592811,0.719945,0.001964,0.038438
3.642430,0.718275,0.002044,0.038822
3.692865,0.716266,0.002045,0.038917
3.744040,0.714527,0.002040,0.039006
3.795554,0.712691,0.001964,0.039714
3.848113,0.711495,0.002046,0.039483
3.901338,0.709800,0.002060,0.039990
3.955233,0.708302,0.002117,0.040133
4.009997,0.707439,0.002050,0.039685
4.065172,0.705675,0.002025,0.039975
4.121652,0.704175,0.002021,0.039984
4.178538,0.703207,0.002136,0.040006
4.236222,0.701625,0.002086,0.039596
4.294985,0.700257,0.002073,0.039948
4.354328,0.699309,0.002121,0.039682
4.414475,0.698014,0.002100,0.040067
4.475652,0.696282,0.002068,0.039341
4.537317,0.694864,0.002066,0.039452
4.600128,0.693825,0.002126,0.039434
4.663686,0.692077,0.002061,0.040000
4.728181,0.690868,0.002131,0.040048
4.793518,0.689736,0.002115,0.040275
4.859967,0.688423,0.002121,0.041078
4.927122,0.687391,0.002128,0.041196
4.995265,0.685907,0.002131,0.041253
5.064259,0.684270,0.002104,0.040897
5.134346,0.683052,0.002129,0.040830
5.205246,0.681734,0.002159,0.041181
5.277222,0.680425,0.002143,0.041229
5.350194,0.679445,0.002126,0.041315
5.424178,0.678648,0.002122,0.040688
5.499281,0.677702,0.002154,0.040973
5.575330,0.677007,0.002152,0.041753
5.652333,0.675764,0.002167,0.041525
5.730523,0.674552,0.002181,0.042272
5.809614,0.673170,0.002157,0.042468
5.890202,0.671352,0.002190,0.042041
5.971588,0.670593,0.002220,0.041495
6.054029,0.669720,0.002187,0.041477
6.137871,0.668734,0.002126,0.041494
6.222580,0.666875,0.002220,0.041807
6.308714,0.665495,0.002201,0.042356
6.396136,0.664302,0.002182,0.042005
6.484581,0.662495,0.002145,0.042650
6.574141,0.661593,0.002237,0.042978
6.665144,0.659734,0.002206,0.043033
6.757177,0.658132,0.002261,0.043879
6.850775,0.657632,0.002289,0.043984
6.945386,0.655720,0.002235,0.044451
7.041469,0.654664,0.002210,0.043998
7.138845,0.652955,0.002260,0.044459
7.237753,0.652539,0.002213,0.044283
7.337486,0.651211,0.002227,0.044189
7.439216,0.650455,0.002299,0.043953
7.542040,0.649214,0.002222,0.043715
7.646405,0.647825,0.002234,0.043885
7.752235,0.646780,0.002304,0.043607
7.859389,0.645109,0.002256,0.043925
7.968207,0.643491,0.002258,0.043946
8.078423,0.642527,0.002236,0.044370
8.189936,0.640636,0.002322,0.043904
8.303322,0.640134,0.002332,0.043073
8.418193,0.638407,0.002336,0.043399
8.534528,0.637723,0.002322,0.043318
8.652524,0.636539,0.002272,0.043755
8.772096,0.634948,0.002366,0.043981
8.893547,0.634339,0.002280,0.044655
9.016623,0.633855,0.002261,0.044731
9.141132,0.633598,0.002255,0.045163
9.267667,0.631632,0.002293,0.045150
9.396020,0.630311,0.002279,0.045481
9.525925,0.629386,0.002372,0.046095
9.657609,0.628632,0.002321,0.047073
9.791127,0.627223,0.002298,0.047015
9.926790,0.626307,0.002319,0.047419
10.064013,0.625473,0.002326,0.047197
10.203199,0.624175,0.002336,0.047386
10.344225,0.623580,0.002378,0.047662
10.487256,0.622925,0.002302,0.048198
10.632503,0.621334,0.002315,0.047905
10.779523,0.621057,0.002319,0.047745
10.928479,0.619500,0.002354,0.047277
11.079858,0.617884,0.002412,0.047555
11.232894,0.616784,0.002360,0.048011
11.388343,0.615589,0.002440,0.047606
11.545751,0.613609,0.002376,0.047646
11.705351,0.612743,0.002318,0.047981
11.867532,0.611409,0.002376,0.048726
12.031625,0.610089,0.002391,0.048892
12.198089,0.609082,0.002427,0.048572
12.366736,0.608341,0.002425,0.049071
12.537680,0.606761,0.002444,0.049430
12.711133,0.605405,0.002397,0.049664
12.887057,0.604661,0.002433,0.049812
13.065285,0.604059,0.002461,0.050076
13.246088,0.603305,0.002528,0.049860
13.429295,0.601993,0.002507,0.050233
13.615016,0.600955,0.002487,0.050701
13.803255,0.599941,0.002535,0.051038
13.994173,0.598759,0.002509,0.051235
14.187856,0.597752,0.002461,0.051682
14.384081,0.595839,0.002499,0.052663
14.583052,0.593914,0.002499,0.052057
14.784910,0.594014,0.002475,0.053412
14.989444,0.592632,0.002571,0.053341
15.196756,0.591036,0.002525,0.052605
15.406729,0.589948,0.002454,0.052954
15.620029,0.588525,0.002525,0.053192
15.836259,0.588227,0.002499,0.053318
16.054977,0.587230,0.002519,0.053588
16.277175,0.586241,0.002559,0.053118
16.502508,0.586098,0.002570,0.053646
16.730754,0.584725,0.002468,0.054768
16.962074,0.583939,0.002477,0.055139
17.196839,0.582164,0.002514,0.054854
17.434734,0.580730,0.002537,0.054105
17.675793,0.580045,0.002606,0.054107
17.920464,0.579452,0.002567,0.054748
18.168251,0.577941,0.002508,0.054148
18.419585,0.576102,0.002552,0.054249
18.674505,0.575555,0.002625,0.054739
18.932730,0.574420,0.002501,0.055435
19.194750,0.573448,0.002566,0.055232
19.460078,0.572809,0.002522,0.054272
19.729460,0.571509,0.002656,0.054851
20.002276,0.570859,0.002595,0.054551
20.279050,0.571150,0.002618,0.054493
20.559530,0.569032,0.002586,0.054699
20.843869,0.568320,0.002652,0.055019
21.132309,0.566745,0.002666,0.055736
21.424721,0.566252,0.002553,0.055457
21.721027,0.565668,0.002564,0.055840
22.021405,0.565380,0.002628,0.056423
22.326261,0.564077,0.002601,0.055469
22.635032,0.563268,0.002599,0.055294
22.947976,0.561802,0.002630,0.056408
23.265644,0.559932,0.002687,0.055818
23.587510,0.558800,0.002718,0.055914
23.913841,0.557070,0.002643,0.056353
24.244684,0.555711,0.002699,0.056224
24.579987,0.555052,0.002672,0.056370
24.920091,0.556041,0.002781,0.058318
25.264581,0.555180,0.002642,0.059069
25.614150,0.553607,0.002694,0.058564
25.968681,0.553607,0.002763,0.058878
26.327695,0.552586,0.002759,0.058182
26.691989,0.550857,0.002658,0.058301
27.061319,0.551048,0.002665,0.058112
27.435806,0.548750,0.002695,0.059092
27.815203,0.548805,0.002738,0.058964
28.200030,0.547259,0.002718,0.058873
28.590407,0.544648,0.002709,0.058906
28.985701,0.543361,0.002777,0.059556
29.386755,0.542552,0.002814,0.059546
29.793383,0.540423,0.002717,0.059544
30.205530,0.539225,0.002711,0.059680
30.623210,0.538455,0.002767,0.058710
31.047071,0.538343,0.002889,0.059467
31.476536,0.536277,0.002815,0.060018
31.912158,0.534736,0.002811,0.060096
32.353488,0.533500,0.002824,0.059984
32.801119,0.533850,0.002856,0.061027
33.254719,0.532961,0.002875,0.060169
33.714834,0.533443,0.002802,0.059269
34.181287,0.531834,0.002857,0.060564
34.654240,0.530416,0.002791,0.062272
35.133737,0.530523,0.002792,0.062384
35.619641,0.530823,0.002823,0.061038
36.112416,0.529757,0.002787,0.059395
36.611974,0.529486,0.002832,0.059381
37.118684,0.527502,0.002811,0.060168
37.632198,0.526848,0.002933,0.060705
38.152710,0.527618,0.002816,0.061305
38.680613,0.525773,0.002935,0.061030
39.215785,0.524366,0.002823,0.061522
39.758404,0.523259,0.002887,0.061701
40.308297,0.524111,0.002919,0.060896
40.866068,0.525043,0.002870,0.061488
41.431272,0.523657,0.002909,0.061032
42.004601,0.522843,0.002960,0.061403
42.585679,0.521425,0.002889,0.060754
43.174720,0.519807,0.002880,0.060264
43.772046,0.519084,0.002902,0.059852
44.377510,0.517211,0.002897,0.060875
44.991648,0.518261,0.003003,0.061436
45.614141,0.517270,0.002826,0.060905
46.245375,0.517486,0.002933,0.061440
46.884881,0.516032,0.002878,0.062398
47.533798,0.515450,0.002959,0.061656
48.191154,0.513339,0.003067,0.062356
48.858112,0.512364,0.002923,0.061450
49.533812,0.512195,0.002923,0.062780
50.219268,0.511368,0.002943,0.063344
50.914170,0.510793,0.002941,0.064118
51.618524,0.508500,0.003028,0.062946
52.332515,0.506793,0.002933,0.062969
53.056624,0.505814,0.002926,0.063584
53.790945,0.505759,0.002989,0.062271
54.534885,0.505257,0.002998,0.061443
55.289508,0.504080,0.003011,0.062206
56.054335,0.504218,0.003012,0.064234
56.829789,0.502641,0.003074,0.063966
57.615961,0.500807,0.003119,0.065220
58.413113,0.501000,0.003054,0.066845
59.221520,0.498684,0.003143,0.065169
60.040881,0.499950,0.003079,0.065164
60.871307,0.498427,0.003000,0.064865
61.713536,0.498334,0.003174,0.066468
62.567389,0.498218,0.003077,0.066095
63.432960,0.498909,0.003071,0.065943
64.310511,0.497093,0.002972,0.067276
65.200430,0.495798,0.003052,0.066789
66.102530,0.495420,0.003056,0.068114
67.016854,0.495950,0.003159,0.068673
67.944493,0.492964,0.003160,0.068660
68.884257,0.493216,0.002998,0.069764
69.837242,0.492307,0.003058,0.070730
70.803502,0.491189,0.003217,0.069052
71.782951,0.490377,0.003144,0.069193
72.776162,0.490702,0.003090,0.070798
73.783200,0.491145,0.003096,0.070535
74.803885,0.491209,0.003147,0.071543
75.838824,0.489659,0.003108,0.071074
76.888147,0.488307,0.003058,0.072179
77.951850,0.487211,0.003088,0.071192
79.030302,0.486277,0.003287,0.071120
80.123920,0.487586,0.003257,0.071301
81.232354,0.486966,0.003210,0.070389
82.356219,0.485375,0.003206,0.070201
83.495617,0.485945,0.003214,0.070393
84.651087,0.486427,0.003308,0.070856
85.821917,0.484768,0.003215,0.070524
87.009523,0.482391,0.003148,0.072882
88.213114,0.482209,0.003165,0.071338
89.433721,0.483100,0.003139,0.070935
90.671251,0.483018,0.003208,0.070513
91.925793,0.482818,0.003291,0.070484
93.197425,0.481916,0.003276,0.069194
94.486935,0.481925,0.003179,0.069316
95.794104,0.481300,0.003260,0.068259
97.119389,0.479182,0.003146,0.068929
98.463263,0.478302,0.003164,0.069136
99.825635,0.480002,0.003213,0.069934
101.206720,0.479343,0.003329,0.070204
102.606969,0.478891,0.003300,0.071704
104.026461,0.477268,0.003213,0.071934
105.465664,0.476345,0.003236,0.071744
106.924919,0.478291,0.003187,0.072397
108.404275,0.477811,0.003270,0.072968
109.904243,0.477282,0.003186,0.073561
111.424766,0.476993,0.003314,0.076203
112.966232,0.476727,0.003222,0.075035
114.529196,0.474302,0.003273,0.073871
116.113983,0.472839,0.003301,0.074258
117.720602,0.471280,0.003316,0.075403
119.349223,0.470986,0.003357,0.075304
121.000481,0.472577,0.003294,0.074577
122.674427,0.471916,0.003395,0.075941
124.372060,0.470100,0.003342,0.073191
126.092800,0.469139,0.003405,0.072790
127.837224,0.470170,0.003352,0.074775
129.606172,0.469841,0.003560,0.076117
131.399192,0.467814,0.003495,0.074860
133.217353,0.467236,0.003396,0.072003
135.060399,0.467057,0.003480,0.072642
136.928809,0.466000,0.003321,0.075234
138.823624,0.465702,0.003435,0.076504
140.744087,0.466109,0.003308,0.074464
142.691791,0.464602,0.003470,0.077090
144.665828,0.465036,0.003340,0.076706
146.667435,0.465266,0.003464,0.077459
148.696566,0.466411,0.003457,0.076482
150.753891,0.462800,0.003231,0.076607
152.839792,0.462059,0.003496,0.078170
154.954355,0.461791,0.003567,0.076384
157.098212,0.461280,0.003409,0.075616
159.271708,0.461500,0.003453,0.075430
161.475577,0.459202,0.003409,0.076294
163.709774,0.459457,0.003476,0.077067
165.974754,0.459852,0.003484,0.075259
168.271091,0.459525,0.003449,0.074065
170.599188,0.459632,0.003428,0.075020
172.959693,0.461564,0.003427,0.076023
175.352751,0.460650,0.003472,0.075162
177.778770,0.459959,0.003405,0.076556
180.238621,0.457727,0.003453,0.078178
182.732293,0.459673,0.003486,0.077984
185.260615,0.460743,0.003622,0.077985
187.823751,0.463407,0.003543,0.078067
190.422356,0.461168,0.003539,0.077681
193.056939,0.460523,0.003350,0.075784
195.728349,0.458823,0.003478,0.077411
198.436308,0.458802,0.003641,0.076692
201.181905,0.461430,0.003476,0.079698
203.965457,0.458900,0.003486,0.079640
206.787290,0.457168,0.003442,0.078793
209.648535,0.456725,0.003441,0.076796
212.549183,0.457291,0.003452,0.077497
215.489999,0.455291,0.003648,0.077619
218.471560,0.453641,0.003507,0.076362
221.494199,0.452159,0.003672,0.078133
224.558915,0.452911,0.003485,0.080418
227.665864,0.451791,0.003436,0.081937
230.815979,0.450682,0.003710,0.079173
234.009394,0.449295,0.003635,0.080518
237.246978,0.450255,0.003561,0.082218
240.529634,0.449586,0.003627,0.080982
243.857470,0.449209,0.003511,0.079532
247.231573,0.445827,0.003708,0.079781
250.652358,0.444523,0.003604,0.080576
254.120334,0.445350,0.003737,0.080967
257.636183,0.443834,0.003680,0.081499
261.201162,0.443900,0.003723,0.084370
264.815180,0.444116,0.003682,0.081926
268.478877,0.446705,0.003592,0.080946
272.193767,0.444986,0.003677,0.078821
275.959755,0.442532,0.003760,0.079992
279.777876,0.446639,0.003643,0.079794
283.648801,0.444127,0.003782,0.081400
287.573527,0.442434,0.003748,0.080598
291.552135,0.445511,0.003710,0.079966
295.585851,0.446068,0.003533,0.079299
299.675749,0.445152,0.003536,0.080983
303.822400,0.447611,0.003671,0.082003
308.025933,0.447705,0.003768,0.081202
312.288052,0.445282,0.003778,0.080548
316.608658,0.445141,0.003765,0.080768
320.989199,0.443670,0.003779,0.079065
325.430340,0.443182,0.003753,0.079424
329.932881,0.443561,0.003734,0.079931
334.498134,0.442680,0.003728,0.079806
339.126081,0.443316,0.003556,0.078708
343.818187,0.444175,0.003629,0.080163
348.575302,0.445595,0.003518,0.079406
353.398163,0.445941,0.003590,0.083646
358.287780,0.445452,0.003652,0.085158
363.244979,0.444823,0.003727,0.083805
368.270989,0.445032,0.003606,0.082939
373.366539,0.443123,0.003756,0.083677
378.532224,0.445016,0.003680,0.083218
383.769637,0.445220,0.003820,0.082726
389.079559,0.444427,0.003775,0.081716
394.462993,0.446120,0.003703,0.081905
399.920629,0.446241,0.003883,0.080054
405.453975,0.443643,0.003702,0.080950
411.063813,0.444909,0.003699,0.080202
416.751327,0.446018,0.003712,0.078003
422.517480,0.444391,0.003449,0.077295
428.363613,0.443998,0.003566,0.078174
434.290545,0.442632,0.003836,0.079949
440.299307,0.437173,0.003674,0.078649
446.391241,0.439318,0.003685,0.080686
452.567631,0.440289,0.003727,0.079828
458.829328,0.443105,0.003719,0.081266
465.177882,0.441477,0.003862,0.081397
471.613991,0.440593,0.003802,0.081215
478.139274,0.437039,0.003630,0.079319
484.754905,0.436543,0.003777,0.082103
491.461931,0.435173,0.003912,0.083548
498.261905,0.435423,0.003813,0.081964
505.155855,0.435459,0.003821,0.085207
512.145123,0.439598,0.003775,0.082795
519.231307,0.437705,0.003642,0.080635
526.415480,0.436989,0.003715,0.080504
533.699231,0.436907,0.004050,0.079675
541.083295,0.439364,0.003811,0.079772
548.569695,0.441093,0.003684,0.079951
556.159975,0.439834,0.003835,0.078697
563.854768,0.441068,0.003636,0.079140
571.656481,0.443852,0.003488,0.079503
579.565927,0.442802,0.003629,0.079416
587.584765,0.443327,0.003701,0.078962
595.714750,0.444734,0.003759,0.083098
603.957079,0.445089,0.003592,0.080608
612.313582,0.441316,0.003631,0.078567
620.785653,0.441489,0.003688,0.082115
629.374871,0.438095,0.003882,0.081379
638.083341,0.440357,0.003864,0.082396
646.911572,0.435709,0.003842,0.081427
655.862533,0.438464,0.003842,0.082120
664.937071,0.438555,0.003776,0.083137
674.137357,0.440623,0.003833,0.084241
683.464604,0.438239,0.003789,0.084679
692.921131,0.438698,0.003803,0.085152
702.508635,0.437402,0.003908,0.085133
712.228640,0.441020,0.003716,0.082293
722.083309,0.437834,0.003990,0.083682
732.073667,0.437895,0.003786,0.082769
742.202854,0.438548,0.003797,0.083882
752.472162,0.435698,0.003767,0.083174
762.883624,0.434182,0.003856,0.082540
773.438794,0.437909,0.003940,0.084222
784.140536,0.434645,0.003816,0.083589
794.989665,0.434998,0.003840,0.086365
805.989202,0.435311,0.003766,0.086606
817.141005,0.437889,0.003924,0.085313
828.447248,0.436255,0.003730,0.084293
839.909715,0.431718,0.003899,0.085454
851.530782,0.433855,0.003564,0.084280
863.312618,0.433270,0.003710,0.081903
875.257504,0.434661,0.003801,0.083221
887.367839,0.434293,0.004150,0.084331
899.645585,0.436375,0.003948,0.083261
912.093455,0.435039,0.003929,0.082950
924.713276,0.431832,0.003798,0.084248
937.507824,0.435525,0.004258,0.084536
950.479056,0.435452,0.003802,0.084561
963.630046,0.436136,0.003801,0.087354
976.963091,0.435909,0.003942,0.082733
990.480489,0.437445,0.003840,0.085120
1004.184848,0.438073,0.003675,0.083598
1018.078858,0.437302,0.003746,0.081362
1032.165691,0.439482,0.003970,0.084650
1046.446457,0.442402,0.003660,0.083158
1060.925529,0.439009,0.003742,0.080464
1075.604417,0.439866,0.003758,0.080856
1090.486779,0.438795,0.003902,0.080737
1105.574952,0.437520,0.003731,0.079935
1120.871952,0.435266,0.003796,0.081840
1136.380345,0.434484,0.003984,0.083646
1152.103542,0.434564,0.004000,0.082944
1168.044492,0.433945,0.003898,0.086097
1184.205526,0.436527,0.003791,0.084625
1200.590356,0.436173,0.004012,0.083157
1217.202252,0.434693,0.003914,0.083595
1234.043486,0.435855,0.003894,0.082715
1251.117900,0.437032,0.003921,0.082801
1268.428689,0.439509,0.004032,0.087111
1285.978744,0.440750,0.004149,0.086407
1303.771675,0.443745,0.003834,0.085113
1321.811107,0.443407,0.003908,0.085105
1340.099665,0.438548,0.003728,0.084460
1358.641713,0.436707,0.003717,0.083229
1377.440224,0.437464,0.003727,0.085580
1396.498653,0.439552,0.003616,0.084072
1415.821238,0.434539,0.003948,0.084514
1435.410796,0.437732,0.004005,0.087618
1455.271048,0.438952,0.003714,0.083723
1475.406614,0.440495,0.003621,0.081082
1495.820294,0.443139,0.003907,0.083861
1516.516828,0.437727,0.003641,0.081324
1537.499550,0.438634,0.003778,0.083524
1558.772956,0.440920,0.003770,0.083988
1580.340482,0.436573,0.003874,0.085176
1602.206559,0.438461,0.004110,0.086998
1624.374797,0.439600,0.003891,0.084022
1646.849954,0.436932,0.003963,0.084296
1669.635961,0.437200,0.003764,0.084516
1692.737679,0.439132,0.003849,0.086647
1716.158636,0.437468,0.003874,0.086131
1739.903725,0.434877,0.004173,0.085621
1763.977373,0.437855,0.003697,0.081905
1788.384151,0.434141,0.004168,0.085534
1813.128526,0.436073,0.003983,0.087922
1838.215465,0.435377,0.003865,0.084716
1863.649511,0.434702,0.004043,0.089218
1889.435173,0.431111,0.004016,0.082659
1915.577821,0.428016,0.003914,0.089507
1942.082407,0.428561,0.004011,0.087392
1968.953702,0.425511,0.004298,0.088084
1996.196293,0.429000,0.003970,0.086394
2023.816084,0.427309,0.003900,0.086030
2051.817907,0.432430,0.004207,0.087294
2080.207147,0.428416,0.004201,0.085637
2108.989355,0.431007,0.003830,0.087445
2138.169755,0.429286,0.004332,0.084762
2167.753797,0.433611,0.004909,0.085918
2197.747579,0.436505,0.007682,0.087476
2228.156103,0.432800,0.005421,0.088811
2258.985373,0.431936,0.004263,0.090715
2290.240721,0.433011,0.003806,0.088693
2321.929282,0.435973,0.004007,0.086253
2354.055947,0.430989,0.003996,0.087400
2386.627390,0.432916,0.004098,0.085652
2419.648949,0.433568,0.003975,0.086348
2453.127905,0.431348,0.004175,0.088067
2487.069880,0.435693,0.003834,0.088101
2521.481561,0.434068,0.004045,0.086084
2556.369092,0.430409,0.003985,0.085924
2591.739534,0.434357,0.004047,0.084228
2627.599540,0.433161,0.003773,0.082158
2663.955604,0.429384,0.003957,0.084250
2700.814610,0.431786,0.004005,0.088067
2738.183741,0.432934,0.003899,0.087167
2776.069666,0.437007,0.003857,0.083505
2814.479985,0.436652,0.003795,0.088635
2853.421830,0.432323,0.003728,0.084313
2892.902583,0.432652,0.003764,0.082670
2932.929205,0.434918,0.003597,0.084082
2973.509982,0.437873,0.003693,0.081089
3014.651799,0.434925,0.003648,0.082515
3056.363323,0.432498,0.003631,0.082142
3098.652069,0.433411,0.003761,0.084165
3141.525530,0.428930,0.004004,0.083734
3184.992243,0.437934,0.003820,0.084588
3229.060739,0.432916,0.004000,0.082248
3273.738775,0.435091,0.003767,0.084675
3319.034920,0.433959,0.004032,0.081571
3364.957709,0.439436,0.003693,0.085469
3411.515977,0.444391,0.003748,0.085662
3458.718799,0.436507,0.004069,0.084250
3506.574466,0.438350,0.003892,0.086236
3555.092277,0.439918,0.004166,0.087151
3604.281070,0.433077,0.003935,0.087101
3654.150633,0.434400,0.003773,0.088900
3704.710305,0.434655,0.003795,0.089292
3755.970002,0.436793,0.007426,0.088182
3807.938035,0.437702,0.004011,0.087957
3860.621926,0.430505,0.088163,0.093171
3914.042026,0.431611,-nan,0.088283
3968.197773,0.435036,-nan,0.087350
4023.102602,0.438752,-nan,0.090998
4078.767035,0.437143,-nan,0.087030
4135.201752,0.439045,-nan,0.085403
4192.417458,0.437711,-nan,0.086418
4250.424811,0.441586,-nan,0.085404
4309.234643,0.437277,-nan,0.087280
4368.857875,0.431370,-nan,0.088492
4429.306653,0.429920,-nan,0.088430
4490.591589,0.434270,-nan,0.087234
4552.724631,0.432170,-nan,0.088129
4615.717050,0.434950,-nan,0.085462
4679.581465,0.434139,-nan,0.090827
4744.328921,0.433843,-nan,0.086579
4809.972498,0.434380,-nan,0.090098
4876.524471,0.434175,-nan,0.090845
4943.997354,0.437570,-nan,0.087228
5012.403096,0.439284,-nan,0.086655
5081.756219,0.435314,-nan,0.088169
5152.068565,0.437350,-nan,0.088855
5223.353439,0.441086,-nan,0.087275
5295.625160,0.441866,-nan,0.089426
5368.896764,0.438632,-nan,0.090678
5443.182161,0.431248,-nan,0.093450
5518.495420,0.433589,-nan,0.090118
5594.850675,0.431925,-nan,0.089473
5672.262576,0.430102,-nan,0.087918
5750.745022,0.429418,-nan,0.090064
5830.313596,0.434230,-nan,0.088273
5910.983262,0.434166,-nan,0.089749
5992.768826,0.436793,-nan,0.090055
6075.686336,0.431898,-nan,0.090571
-nan,0.434993,-nan,0.088242
6244.978617,0.432648,-nan,0.091133
6331.385624,0.432968,-nan,0.085491
6418.988248,0.429589,-nan,0.088498
6507.803161,0.430945,-nan,0.089308
-nan,0.428277,-nan,0.088091
6689.135995,0.426707,-nan,0.090550
6781.688134,0.434314,-nan,0.088045
6875.521321,0.436200,-nan,0.092436
6970.652497,0.436832,-nan,0.086580
7067.100208,0.437295,-nan,0.090155
7164.882122,0.431484,-nan,0.085244
7264.017428,0.432027,-nan,0.091479
7364.523939,0.432266,-nan,0.083892
7466.421227,0.435350,-nan,0.088465
7569.728508,0.436607,-nan,0.089520
7674.465028,0.440068,-nan,0.086293
7780.650511,0.440441,-nan,0.083753
7888.305432,0.432786,-nan,0.086725
7997.450196,0.435241,-nan,0.084859
8108.104857,0.432211,-nan,0.088285
8220.290511,0.432411,-nan,0.093689
8334.028290,0.437945,-nan,0.085396
8449.340111,0.436620,-nan,0.085775
8566.247215,0.441552,-nan,0.089764
8684.771784,0.435398,-nan,0.087103
8804.936501,0.430368,-nan,0.089338
8926.763700,0.433791,-nan,0.089431
9050.276274,0.434559,-nan,0.085387
9175.498180,0.435925,-nan,0.084974
9302.452597,0.438384,-nan,0.092030
9431.163693,0.433095,-nan,0.085417
9561.655436,0.434039,-nan,0.089570
9693.952867,0.431273,-nan,0.091295
9828.080910,0.434220,-nan,0.085652
9964.064546,0.432652,-nan,0.087218
10101.929533,0.432448,-nan,0.086752
10241.702275,0.432945,-nan,0.092057
10383.408963,0.436398,-nan,0.089858
10527.076434,0.436411,-nan,0.088249
10672.731282,0.435845,-nan,0.089860
10820.402222,0.431366,-nan,0.090270
10970.115485,0.433055,-nan,0.087361
11121.901045,0.428850,-nan,0.089929
11275.786146,0.433539,-nan,0.087900
11431.800457,0.435995,-nan,0.084279
11589.973669,0.432198,-nan,0.087969
11750.335480,0.433545,-nan,0.088193
11912.916389,0.435300,-nan,0.088594
12077.745824,0.433973,-nan,0.088835
12244.856430,0.431080,-nan,0.086264
12414.279523,0.434039,-nan,0.087929
12586.046738,0.427659,-nan,0.088514
12760.190094,0.434900,-nan,0.089422
12936.743055,0.437861,-nan,0.088560
13115.739208,0.432227,-nan,0.088417
13297.211758,0.431948,-nan,0.093011
13481.194980,0.434389,-nan,0.090099
13667.724076,0.436100,-nan,0.093133
13856.833968,0.434982,-nan,0.089802
14048.560529,0.435255,-nan,0.088522
14242.939835,0.432743,-nan,0.087243
14440.008880,0.436559,-nan,0.087035
14639.804541,0.430557,-nan,0.087230
14842.364105,0.430298,-nan,0.089217
15047.726602,0.429530,-nan,0.090492
15255.930699,0.435732,-nan,0.089842
15467.015328,0.435880,-nan,0.084532
15681.020871,0.440284,-nan,0.086658
15897.987518,0.436027,-nan,0.088058
16117.955776,0.435648,-nan,0.089179
16340.967660,0.432941,-nan,0.086066
16567.065266,0.435373,-nan,0.085280
16796.258668,0.433430,-nan,0.090655
17028.689120,0.432664,-nan,0.092800
17264.301897,0.430761,-nan,0.089964
17503.175170,0.436075,-nan,0.088477
17745.353201,0.432995,-nan,0.090385
17990.854403,0.431798,-nan,0.088956
18239.809059,0.431327,-nan,0.094410
18492.179358,0.429273,-nan,0.091938
18748.041450,0.431345,-nan,0.095308
19007.444253,0.428598,-nan,0.091957
19270.435976,0.431589,-nan,0.084674
19537.066151,0.432816,-nan,0.090847
19807.385785,0.429570,-nan,0.092325
20081.445779,0.435980,-nan,0.090727
20359.297611,0.437291,-nan,0.089795
20640.993954,0.428575,-nan,0.088104
20926.587718,0.431136,-nan,0.092588
21216.094618,0.431902,-nan,0.088368
21509.684581,0.433395,-nan,0.094444
21807.297977,0.433645,-nan,0.090290
22109.028973,0.430650,-nan,0.087958
22414.934847,0.438268,-nan,0.087106
22725.073344,0.432736,-nan,0.087067
23039.503358,0.434057,-nan,0.089681
23358.283462,0.429725,-nan,0.087546
23681.474388,0.434050,-nan,0.090146
24009.136987,0.431918,-nan,0.092269
24341.333501,0.441673,-nan,0.089883
24678.015519,0.434436,-nan,0.091227
25019.578784,0.434268,-nan,0.089239
25365.755958,0.429130,-nan,0.093683
25716.722533,0.438241,-nan,0.091643
26072.545539,0.429525,-nan,0.090625
26433.291567,0.430800,-nan,0.089335
26799.029330,0.433111,-nan,0.092497
27169.827122,0.434175,-nan,0.090953
27545.755494,0.437702,-nan,0.090132
27926.885645,0.429793,-nan,0.090349
28313.288566,0.431741,-nan,0.091584
28705.038343,0.428270,-nan,0.089626
29102.208653,0.430027,-nan,0.092759
29504.873908,0.434125,-nan,0.091196
29913.110568,0.432368,-nan,0.087327
30326.995726,0.435875,-nan,0.089797
30746.607512,0.426391,-nan,0.091887
31172.025155,0.430064,-nan,0.091404
31603.329110,0.426148,-nan,0.091613
32040.600229,0.441800,-nan,0.089079
32483.922062,0.431791,-nan,0.091686
32933.377707,0.435573,-nan,0.089721
33389.051857,0.435152,-nan,0.087063
33851.031163,0.428100,-nan,0.091947
34319.402304,0.427602,-nan,0.089039
34794.254307,0.432964,-nan,0.094002
35275.676018,0.430950,-nan,0.092216
35763.758787,0.430252,-nan,0.088476
36258.594997,0.441318,-nan,0.090438
36760.277828,0.438180,-nan,0.092691
37268.902256,0.432832,-nan,0.089993
37784.564047,0.432627,-nan,0.092155
38307.360959,0.433395,-nan,0.092475
38837.390867,0.436780,-nan,0.092075
39374.754798,0.432870,-nan,0.090113
39919.553561,0.429507,-nan,0.092692
40471.890502,0.435580,-nan,0.094251
41031.869368,0.430186,-nan,0.092654
41599.596649,0.430814,-nan,0.088066
42175.178725,0.434930,-nan,0.091999
42758.725161,0.429155,-nan,0.092388
43350.345575,0.433102,-nan,0.092110
43950.151613,0.434936,-nan,0.087351
44558.256650,0.434891,-nan,0.088629
45174.775605,0.433323,-nan,0.088766
45799.825077,0.432611,-nan,0.090994
46433.522730,0.437582,-nan,0.091175
47075.988668,0.431677,-nan,0.093239
47727.343779,0.435950,-nan,0.087531
48387.710767,0.436050,-nan,0.089010
49057.215149,0.434143,-nan,0.092356
49735.983015,0.433341,-nan,0.091820
50424.142354,0.432232,-nan,0.089563
51121.614265,0.435107,-nan,0.094211
51829.157864,0.431368,-nan,0.090344
52546.278894,0.428557,-nan,0.091611
53273.322162,0.427970,-nan,0.097737
54010.113729,0.436441,-nan,0.092248
54757.726569,0.428057,-nan,0.096222
55515.368143,0.429711,-nan,0.095822
56283.492561,0.431141,-nan,0.095877
57061.382579,0.430507,-nan,0.096334
57851.772365,0.427627,-nan,0.093869
58651.877769,0.429530,-nan,0.093333
59463.750568,0.426930,-nan,0.099040
60286.505606,0.433611,-nan,0.097668
61120.644705,0.429275,-nan,0.094885
61966.325390,0.421352,-nan,0.095568
62823.706802,0.431736,-nan,0.093685
63692.951130,0.427977,-nan,0.095885
64573.699625,0.428605,-nan,0.094485
65467.687261,0.430889,-nan,0.095395
66373.514577,0.432255,-nan,0.097395
67291.875075,0.432809,-nan,0.095067
68222.347592,0.432039,-nan,0.096262
69166.891576,0.431100,-nan,0.097372
70123.901853,0.433200,-nan,0.102092
71093.440911,0.422798,-nan,0.093362
72077.830116,0.428116,-nan,0.102205
73075.116684,0.428939,-nan,0.096416
74086.202439,0.427423,-nan,0.101888
75111.277598,0.431686,-nan,0.099801
76150.535815,0.432659,-nan,0.097631
77204.173901,0.434195,-nan,0.099322
78270.461396,0.429555,-nan,0.099554
79355.386127,0.422695,-nan,0.096511
80452.617716,0.428066,-nan,0.098364
81566.539483,0.432109,-nan,0.097939
82694.970641,0.429695,-nan,0.105333
83839.304501,0.431461,-nan,0.100922
84999.326005,0.423211,-nan,0.105772
86175.397926,0.426350,-nan,0.099634
87367.742258,0.424573,-nan,0.103222
88575.798734,0.429345,-nan,0.102130
89802.074114,0.430034,-nan,0.102310
91044.676541,0.426695,-nan,0.101871
92304.392980,0.429877,-nan,0.104869
93581.539830,0.423143,-nan,0.104810
94873.598226,0.426866,-nan,0.105876
96188.686967,0.425441,-nan,0.107145
97519.986216,0.426232,-nan,0.105218
98869.297128,0.428186,-nan,0.105373
100237.277393,0.416943,-nan,0.110364
101624.185411,0.422555,-nan,0.107963
103030.282614,0.425555,-nan,0.107356
104455.835423,0.425284,-nan,0.111385
105901.112320,0.425061,-nan,0.108276
107365.772807,0.424452,-nan,0.107173
108851.443355,0.424516,-nan,0.107070
110358.036868,0.422670,-nan,0.109962
111884.978020,0.425098,-nan,0.107171
113433.046330,0.424716,-nan,0.103943
115002.534503,0.422418,-nan,0.109983
116591.854614,0.427520,-nan,0.108998
118206.433666,0.430184,-nan,0.110404
119842.498892,0.417261,-nan,0.110645
121500.669540,0.423057,-nan,0.109033
123181.783048,0.426500,-nan,0.106684
124886.156789,0.425111,-nan,0.107840
126614.112867,0.428441,-nan,0.109865
128365.977133,0.421577,-nan,0.111361
130142.080807,0.427025,-nan,0.114420
131942.759192,0.423002,-nan,0.110892
133768.351944,0.425168,-nan,0.106285
135619.204047,0.424000,-nan,0.110480
137495.665202,0.429909,-nan,0.111128
139398.089627,0.420086,-nan,0.108680
141325.191457,0.428427,-nan,0.111661
143282.269254,0.427623,-nan,0.108264
145264.758722,0.422189,-nan,0.108866
147274.678063,0.425839,-nan,0.111433
149312.407217,0.424323,-nan,0.110044
151377.535792,0.420995,-nan,0.110436
153472.838934,0.423230,-nan,0.110528
155595.654136,0.420284,-nan,0.111763
157749.196806,0.419602,-nan,0.111444
159931.854218,0.425416,-nan,0.111943
162144.711028,0.421089,-nan,0.112306
164388.185963,0.423302,-nan,0.112815
166662.701792,0.418252,-nan,0.112579
168968.688612,0.418705,-nan,0.112594
171306.581248,0.425630,-nan,0.113721
173676.247138,0.422623,-nan,0.115041
176079.857598,0.423364,-nan,0.115435
178516.142452,0.420580,-nan,0.109832
180986.136187,0.424727,-nan,0.114144
183489.884373,0.423798,-nan,0.116915
186024.941819,0.417639,-nan,0.117017
188603.067797,0.424373,-nan,0.115331
191212.627308,0.419114,-nan,0.115939
193855.088193,0.417384,-nan,0.112509
196539.299933,0.426464,-nan,0.117902
199257.117287,0.411514,-nan,0.118813
202016.959212,0.420520,-nan,0.118088
204812.116052,0.415975,-nan,0.122673
207645.231770,0.420002,-nan,0.122968
210518.988635,0.416986,-nan,0.122518
213431.781716,0.420298,-nan,0.122714
216384.877375,0.412257,-nan,0.121648
219378.771885,0.421716,-nan,0.121205
222410.516204,0.421580,-nan,0.122256
225491.590959,0.412302,-nan,0.120817
228611.548682,0.417080,-nan,0.123197
231774.675029,0.413018,-nan,0.123799
234976.383883,0.417030,-nan,0.127401
238232.830678,0.417914,-nan,0.123444
241529.079554,0.415720,-nan,0.125422
244870.675454,0.414398,-nan,0.125090
248259.031295,0.417609,-nan,0.126560
251693.609866,0.413595,-nan,0.125071
255172.268490,0.412107,-nan,0.127416
258705.580971,0.407695,-nan,0.126675
262286.729320,0.415384,-nan,0.128513
265915.793746,0.421827,-nan,0.124906
269595.071179,0.417739,-nan,0.129045
273321.758267,0.406775,-nan,0.129422
277106.237242,0.412936,-nan,0.130235
280940.449136,0.412052,-nan,0.126741
284826.253820,0.406300,-nan,0.130943
288763.964448,0.411295,-nan,0.132845
292757.581021,0.409407,-nan,0.134336
296815.553427,0.407927,-nan,0.130992
300922.366994,0.407218,-nan,0.130492
305085.716962,0.410320,-nan,0.135103
309307.250104,0.410691,-nan,0.132315
313586.902137,0.403205,-nan,0.133497
317922.650446,0.412605,-nan,0.131791
322324.668866,0.407795,-nan,0.132792
326784.433762,0.402141,-nan,0.131623
331305.904537,0.409336,-nan,0.132578
335889.935426,0.402627,-nan,0.133039
340531.602478,0.411141,-nan,0.134613
345249.152760,0.410741,-nan,0.135016
350026.106384,0.407805,-nan,0.134646
354868.557343,0.404268,-nan,0.133412
359779.212702,0.405023,-nan,0.133493
364753.816637,0.406918,-nan,0.136924
369801.504910,0.403582,-nan,0.134841
374914.603758,0.403023,-nan,0.140535
380108.278216,0.404632,-nan,0.140742
385367.451290,0.404659,-nan,0.139159
390699.056103,0.402816,-nan,0.139913
396104.077874,0.398668,-nan,0.140759
401584.712883,0.400282,-nan,0.139399
407142.467382,0.402209,-nan,0.142674
412764.817958,0.400855,-nan,0.141969
418487.060454,0.399700,-nan,0.141132
424276.264798,0.405127,-nan,0.145513
430140.557339,0.401673,-nan,0.145167
436090.571580,0.394805,-nan,0.146307
442133.371124,0.402198,-nan,0.143618
448250.707511,0.395220,-nan,0.143303
454452.843878,0.400009,-nan,0.146593
460733.272844,0.399623,-nan,0.147018
467099.462146,0.398107,-nan,0.147869
473575.730216,0.392632,-nan,0.148534
480128.882959,0.396936,-nan,0.147201
486774.704859,0.397816,-nan,0.147928
493509.841167,0.396105,-nan,0.147383
500330.790207,0.396948,-nan,0.149037
507257.222358,0.395641,-nan,0.147214
514273.735163,0.393057,-nan,0.152925
521392.644739,0.391123,-nan,0.149818
528602.084989,0.392545,-nan,0.151790
535919.516565,0.387255,-nan,0.152610
543324.983097,0.388800,-nan,0.153476
550837.304338,0.391859,-nan,0.156673
558471.379183,0.390295,-nan,0.158622
566203.545140,0.388932,-nan,0.157821
574039.510172,0.388789,-nan,0.158235
581974.200838,0.391220,-nan,0.161214
590033.798348,0.385625,-nan,0.157508
598195.270335,0.388705,-nan,0.161198
606464.720366,0.384639,-nan,0.160829
614849.356535,0.379402,-nan,0.159523
623357.955156,0.380557,-nan,0.159997
631987.105526,0.378243,-nan,0.162343
640739.555943,0.384602,-nan,0.161255
649596.813457,0.377502,-nan,0.163829
658597.287984,0.374725,-nan,0.165681
667709.803642,0.384109,-nan,0.167455
676942.751651,0.383350,-nan,0.166632
686299.077161,0.379200,-nan,0.165592
695810.853534,0.377964,-nan,0.167113
705438.266238,0.374655,-nan,0.166596
715190.694014,0.377618,-nan,0.166888
725073.854054,0.377102,-nan,0.165451
735113.406839,0.378257,-nan,0.172503
745282.943733,0.373491,-nan,0.170895
755599.306870,0.370514,-nan,0.171053
766049.877110,0.373707,-nan,0.171535
776660.038591,0.371861,-nan,0.172743
787410.853620,0.373791,-nan,0.172324
798291.393426,0.366548,-nan,0.172249
809351.482659,0.372452,-nan,0.174009
820537.510993,0.368736,-nan,0.176030
831881.669326,0.361948,-nan,0.171402
843383.896685,0.362930,-nan,0.176827
855069.821784,0.364607,-nan,0.177141
866882.290462,0.361541,-nan,0.179050
878902.384642,0.360502,-nan,0.178936
891050.938496,0.364202,-nan,0.180633
903361.913561,0.358427,-nan,0.180628
