0.000000,0.995000,0.000000,0.000000
1.002933,0.849565,0.001736,0.027197
1.017006,0.848085,0.001686,0.027394
1.030876,0.846774,0.001696,0.027598
1.045246,0.845648,0.001746,0.027397
1.059809,0.844602,0.001680,0.027537
1.074463,0.843376,0.001732,0.027662
1.089391,0.842174,0.001721,0.027862
1.104493,0.840948,0.001731,0.027836
1.119918,0.839420,0.001718,0.027837
1.135388,0.838104,0.001747,0.027776
1.151102,0.836548,0.001727,0.027595
1.167094,0.834998,0.001720,0.027435
1.183394,0.833774,0.001726,0.027429
1.199687,0.832211,0.001765,0.027579
1.216366,0.830804,0.001758,0.027725
1.233270,0.829335,0.001743,0.027825
1.250502,0.827839,0.001748,0.028183
1.267728,0.826807,0.001768,0.028390
1.285307,0.825613,0.001780,0.028596
1.303198,0.824339,0.001781,0.028450
1.321233,0.822950,0.001767,0.028530
1.339587,0.821324,0.001763,0.028741
1.358254,0.819826,0.001765,0.028697
1.377098,0.818593,0.001770,0.028866
1.396229,0.817117,0.001773,0.028746
1.415596,0.815674,0.001778,0.028827
1.435260,0.814491,0.001772,0.029375
1.455147,0.813111,0.001788,0.029456
1.475511,0.811420,0.001796,0.029480
1.495918,0.810109,0.001762,0.029548
1.516682,0.808728,0.001771,0.029662
1.537671,0.807437,0.001803,0.029730
1.559128,0.806161,0.001788,0.030085
1.580567,0.805174,0.001806,0.030165
1.602695,0.803357,0.001782,0.030126
1.624867,0.801793,0.001810,0.030391
1.647389,0.800135,0.001813,0.030421
1.670312,0.798707,0.001799,0.030708
1.693620,0.797454,0.001785,0.030602
1.717175,0.795948,0.001817,0.030844
1.740994,0.794467,0.001839,0.031036
1.765187,0.792963,0.001819,0.031595
1.789797,0.791680,0.001873,0.031962
1.814438,0.790637,0.001802,0.032024
1.839660,0.789107,0.001840,0.032245
1.865279,0.787593,0.001873,0.032609
1.891289,0.786002,0.001832,0.032725
1.917464,0.784587,0.001867,0.032930
1.944104,0.782878,0.001862,0.033131
1.971097,0.781320,0.001874,0.033415
1.998495,0.779996,0.001842,0.033136
2.026242,0.778670,0.001841,0.033122
2.054378,0.777304,0.001848,0.033014
2.082951,0.775654,0.001908,0.032985
2.111886,0.774043,0.001834,0.032806
2.141118,0.772509,0.001877,0.032938
2.170985,0.771213,0.001871,0.032891
2.201190,0.769728,0.001959,0.032575
2.231633,0.768389,0.001880,0.032449
2.262587,0.767313,0.001860,0.032186
2.294071,0.765778,0.001868,0.032376
2.325941,0.764152,0.001917,0.032455
2.358306,0.762339,0.001929,0.032651
2.391198,0.760585,0.001924,0.032975
2.424404,0.758741,0.001896,0.033450
2.458010,0.757380,0.001891,0.033803
2.492147,0.756037,0.001919,0.034292
2.526728,0.754224,0.001922,0.034427
2.561915,0.752907,0.001950,0.034080
2.597578,0.751354,0.001942,0.034203
2.633630,0.749985,0.001938,0.034251
2.670180,0.748583,0.001907,0.034223
2.707314,0.747250,0.001935,0.034563
2.744945,0.746250,0.001948,0.034681
2.782997,0.745089,0.001933,0.034818
2.821764,0.743228,0.001977,0.035288
2.860873,0.741702,0.001937,0.035436
2.900765,0.739796,0.002007,0.035501
2.941040,0.738507,0.002007,0.035934
2.981816,0.737380,0.001975,0.036274
3.023320,0.735667,0.001968,0.036297
3.065391,0.734098,0.001966,0.036269
3.107931,0.732183,0.001971,0.036410
3.151150,0.730965,0.002026,0.036450
3.194848,0.729252,0.001968,0.036622
3.239397,0.727754,0.001995,0.036796
3.284494,0.725898,0.001951,0.036516
3.329960,0.724515,0.002002,0.037020
3.376462,0.723041,0.001969,0.037265
3.423248,0.721667,0.001981,0.036762
3.470841,0.720593,0.001989,0.036954
3.519163,0.718946,0.002081,0.037750
3.568075,0.717900,0.001976,0.037875
3.617532,0.716750,0.002041,0.038213
3.667895,0.714967,0.002085,0.038786
3.718813,0.713357,0.001984,0.039335
3.770612,0.711911,0.001984,0.039338
3.823075,0.709959,0.002084,0.039651
3.876133,0.708702,0.002001,0.040387
3.930039,0.707443,0.002056,0.040087
3.984604,0.706209,0.002073,0.040866
4.039996,0.704920,0.002052,0.041101
4.096132,0.703933,0.002071,0.040748
4.153070,0.702472,0.002067,0.040613
4.210818,0.700717,0.002079,0.041063
4.269431,0.699126,0.002066,0.040940
4.328806,0.697389,0.002113,0.041205
4.388890,0.696341,0.002023,0.041545
4.449821,0.694833,0.002100,0.041667
4.511696,0.693320,0.002169,0.042045
4.574473,0.692128,0.002101,0.042320
4.638112,0.690750,0.002133,0.042438
4.702535,0.689391,0.002082,0.042480
4.767890,0.687139,0.002142,0.042900
4.834379,0.686417,0.002140,0.042876
4.901443,0.685148,0.002145,0.043268
4.969641,0.683913,0.002109,0.042979
5.038730,0.682824,0.002176,0.042999
5.108739,0.681641,0.002090,0.043055
5.179772,0.679724,0.002186,0.043211
5.251828,0.678448,0.002235,0.043304
5.324831,0.676926,0.002216,0.042989
5.398848,0.676674,0.002138,0.042725
5.473813,0.675470,0.002129,0.043248
5.549953,0.673950,0.002170,0.043274
5.627177,0.672074,0.002229,0.042996
5.705390,0.671252,0.002199,0.042829
5.784723,0.669893,0.002219,0.042584
5.865155,0.668500,0.002148,0.042603
5.946721,0.667072,0.002161,0.042469
6.029253,0.666130,0.002117,0.042457
6.113171,0.665246,0.002223,0.041803
6.198221,0.663983,0.002160,0.041890
6.284429,0.662633,0.002226,0.041535
6.371798,0.661704,0.002239,0.042052
6.460449,0.660874,0.002232,0.041791
6.550116,0.659267,0.002147,0.041461
6.641145,0.657650,0.002221,0.042125
6.733552,0.656457,0.002300,0.042427
6.827240,0.654776,0.002209,0.042914
6.922166,0.653965,0.002231,0.043142
7.018453,0.652170,0.002284,0.043552
7.115971,0.650807,0.002255,0.043952
7.215041,0.649211,0.002273,0.044356
7.315092,0.648298,0.002268,0.044654
7.416917,0.646911,0.002255,0.045176
7.519949,0.645876,0.002287,0.044973
7.624648,0.644211,0.002298,0.045058
7.730833,0.643196,0.002245,0.045139
7.838182,0.642352,0.002270,0.045729
7.947105,0.640607,0.002276,0.045456
8.057633,0.639443,0.002303,0.046184
8.169759,0.639233,0.002323,0.046828
8.283330,0.638411,0.002258,0.046655
8.398644,0.637637,0.002302,0.046178
8.515288,0.636878,0.002299,0.046764
8.633638,0.635111,0.002279,0.047363
8.753763,0.633904,0.002300,0.047515
8.875412,0.632957,0.002336,0.046992
8.998933,0.631954,0.002287,0.047526
9.124077,0.631363,0.002311,0.047426
9.250972,0.630037,0.002324,0.046975
9.379468,0.629413,0.002355,0.047403
9.510027,0.627222,0.002344,0.048158
9.642368,0.626146,0.002348,0.048229
9.776380,0.625667,0.002344,0.047511
9.912313,0.623617,0.002273,0.046976
10.050164,0.622554,0.002413,0.046936
10.189901,0.620800,0.002376,0.047502
10.331660,0.619228,0.002346,0.047656
10.475380,0.617659,0.002378,0.047043
10.620910,0.616467,0.002314,0.046852
10.768562,0.615607,0.002329,0.046772
10.918472,0.614835,0.002332,0.046622
11.070355,0.613285,0.002432,0.047233
11.224292,0.612909,0.002421,0.047393
11.380341,0.611798,0.002441,0.047028
11.538747,0.611365,0.002380,0.047112
11.699015,0.610139,0.002368,0.047892
11.861836,0.609641,0.002442,0.047695
12.026641,0.608398,0.002319,0.048024
12.194131,0.606270,0.002435,0.048199
12.363733,0.605485,0.002409,0.048601
12.535649,0.604250,0.002474,0.048448
12.710066,0.603498,0.002399,0.048286
12.886616,0.602009,0.002440,0.048512
13.065920,0.601198,0.002505,0.049094
13.247653,0.600967,0.002460,0.048991
13.431745,0.599867,0.002455,0.049519
13.618691,0.599413,0.002461,0.049381
13.807824,0.597478,0.002507,0.049140
14.000109,0.596889,0.002467,0.049802
14.194857,0.594515,0.002496,0.049424
14.392208,0.592826,0.002556,0.050182
14.592261,0.591591,0.002414,0.050275
14.795422,0.590426,0.002401,0.051096
15.001235,0.590354,0.002490,0.051362
15.209718,0.588833,0.002547,0.051144
15.421364,0.587859,0.002497,0.051116
15.635791,0.585904,0.002571,0.051086
15.853260,0.584298,0.002547,0.050518
16.073781,0.583020,0.002522,0.050325
16.297147,0.582580,0.002503,0.050330
16.523851,0.581398,0.002567,0.050030
16.753883,0.580485,0.002524,0.050395
16.986931,0.579126,0.002460,0.051204
17.223097,0.577515,0.002618,0.051223
17.462705,0.575443,0.002574,0.049916
17.705467,0.575074,0.002593,0.051326
17.951805,0.574280,0.002588,0.052013
18.201458,0.573083,0.002649,0.052182
18.454487,0.571702,0.002536,0.052898
18.711396,0.571372,0.002624,0.053096
18.971478,0.569537,0.002566,0.052321
19.235495,0.568285,0.002596,0.052316
19.502679,0.566904,0.002572,0.052217
19.774146,0.565233,0.002632,0.051119
20.049284,0.564402,0.002646,0.051182
20.328019,0.563576,0.002561,0.052200
20.610786,0.562111,0.002618,0.052187
20.897465,0.560728,0.002543,0.052107
21.188168,0.560404,0.002643,0.051397
21.482750,0.559478,0.002695,0.051323
21.781495,0.559517,0.002626,0.052106
22.084679,0.558285,0.002600,0.052413
22.391643,0.557002,0.002731,0.052740
22.703206,0.555300,0.002665,0.053015
23.018896,0.553615,0.002640,0.053322
23.339070,0.553635,0.002781,0.053814
23.663743,0.553157,0.002695,0.054477
23.992861,0.551787,0.002716,0.055240
24.326707,0.550189,0.002744,0.054126
24.664935,0.549093,0.002665,0.054161
25.007885,0.548333,0.002728,0.055107
25.355826,0.547274,0.002704,0.056767
25.708435,0.544904,0.002726,0.056076
26.066197,0.544252,0.002750,0.055544
26.428641,0.544174,0.002794,0.055801
26.796439,0.541528,0.002824,0.056752
27.168998,0.541691,0.002740,0.056929
27.547025,0.540585,0.002839,0.056904
27.930150,0.539274,0.002770,0.056813
28.318661,0.538070,0.002812,0.056785
28.712464,0.538033,0.002708,0.055862
29.111888,0.538939,0.002720,0.057261
29.516753,0.538278,0.002810,0.057393
29.927374,0.538389,0.002832,0.057510
30.343605,0.537574,0.002788,0.057465
30.765656,0.536470,0.002745,0.056405
31.193541,0.535896,0.002709,0.056265
31.627469,0.534330,0.002800,0.057294
32.067495,0.533709,0.002726,0.057634
32.513351,0.533500,0.002805,0.057851
32.965613,0.532198,0.002812,0.058377
33.424088,0.531402,0.002875,0.057499
33.889125,0.531443,0.002772,0.057543
34.360631,0.529833,0.002781,0.058493
34.838613,0.529143,0.002842,0.057892
35.323054,0.528035,0.002827,0.057185
35.814448,0.526270,0.002844,0.057467
36.312617,0.525130,0.002930,0.057548
36.817840,0.523937,0.002753,0.056848
37.329994,0.523115,0.002870,0.059171
37.849126,0.521967,0.002905,0.059241
38.375521,0.521889,0.002914,0.058988
38.909241,0.520904,0.002908,0.059292
39.450603,0.520985,0.002905,0.058429
39.999439,0.520748,0.002853,0.059456
40.555757,0.519383,0.002938,0.058696
41.119836,0.518720,0.002901,0.058329
41.691814,0.517967,0.002862,0.060175
42.271715,0.518176,0.002899,0.060877
42.859786,0.516987,0.002918,0.060261
43.455755,0.515389,0.002859,0.060045
44.060311,0.514343,0.002896,0.060790
44.673536,0.513791,0.002934,0.060515
45.294648,0.512943,0.002965,0.062510
45.924721,0.512280,0.002943,0.062051
46.563422,0.512289,0.002985,0.061463
47.211443,0.510430,0.002978,0.061717
47.867846,0.510500,0.002908,0.062538
48.533922,0.509650,0.003031,0.062517
49.208977,0.510296,0.002945,0.061989
49.893552,0.507754,0.002944,0.062643
50.587422,0.508602,0.002946,0.063649
51.291145,0.508220,0.002992,0.063559
52.004803,0.506246,0.002985,0.063875
52.728015,0.504780,0.002977,0.065219
53.461486,0.503061,0.002983,0.063632
54.205083,0.500739,0.002957,0.064515
54.959441,0.500628,0.003096,0.063735
55.723660,0.500450,0.003007,0.064257
56.498759,0.499552,0.003048,0.063149
57.284851,0.498715,0.003074,0.062968
58.081521,0.496667,0.003164,0.063193
58.889474,0.497543,0.003127,0.063671
59.708562,0.496317,0.002938,0.062848
60.539235,0.497250,0.002998,0.064853
61.381233,0.497757,0.003109,0.065192
62.235191,0.496270,0.003056,0.064534
63.100762,0.495280,0.002992,0.063767
63.978635,0.494417,0.003122,0.063995
64.868362,0.493757,0.002952,0.064602
65.770886,0.492628,0.003146,0.062988
66.685871,0.491826,0.003146,0.064588
67.613551,0.491183,0.003141,0.063953
68.554118,0.490041,0.003024,0.064294
69.507652,0.489448,0.003216,0.065175
70.474393,0.490770,0.003097,0.066109
71.454865,0.490076,0.003094,0.066121
72.448745,0.487978,0.003110,0.066827
73.456547,0.486513,0.003141,0.067845
74.478691,0.484983,0.003144,0.068705
75.514279,0.484141,0.003097,0.069019
76.565004,0.482665,0.003132,0.069380
77.630016,0.482100,0.003132,0.068629
78.709928,0.483070,0.003248,0.069772
79.804766,0.483350,0.003096,0.069639
80.915009,0.481585,0.003388,0.069912
82.040424,0.482589,0.003220,0.069549
83.181835,0.482222,0.003115,0.066779
84.338777,0.481130,0.003148,0.068372
85.511831,0.481217,0.003232,0.068339
86.701659,0.481104,0.003245,0.068497
87.907537,0.480261,0.003115,0.068936
89.130544,0.478872,0.003191,0.069234
90.370094,0.477841,0.003269,0.067479
91.627646,0.479187,0.003202,0.068689
92.902008,0.479322,0.003325,0.069711
94.194157,0.478743,0.003186,0.070004
95.504560,0.477326,0.003218,0.068575
96.833084,0.476013,0.003225,0.070358
98.180100,0.475380,0.003215,0.069657
99.546026,0.475074,0.003333,0.069772
100.930323,0.476011,0.003177,0.070738
102.334696,0.477424,0.003347,0.071496
103.758303,0.475324,0.003207,0.070812
105.201518,0.475170,0.003264,0.071125
106.664920,0.474109,0.003155,0.071070
108.148681,0.474028,0.003402,0.070705
109.653196,0.471185,0.003356,0.070163
111.178441,0.472550,0.003258,0.070236
112.725300,0.471826,0.003320,0.069911
114.293321,0.471774,0.003297,0.070180
115.883148,0.473426,0.003259,0.070765
117.495093,0.471067,0.003358,0.070744
119.129501,0.472926,0.003217,0.070980
120.786670,0.472820,0.003184,0.073751
122.467129,0.469770,0.003354,0.072717
124.170614,0.470357,0.003289,0.072665
125.897925,0.469591,0.003337,0.072649
127.649232,0.467665,0.003292,0.073482
129.425333,0.467976,0.003242,0.075258
131.225242,0.467935,0.003370,0.074594
133.050929,0.468259,0.003459,0.073910
134.901861,0.468093,0.003388,0.073161
136.778436,0.466793,0.003417,0.074696
138.681220,0.464963,0.003391,0.073859
140.610169,0.463422,0.003397,0.075393
142.566343,0.464761,0.003459,0.073775
144.549626,0.464593,0.003258,0.073865
146.560403,0.464359,0.003388,0.072126
148.599069,0.464641,0.003336,0.072664
150.666316,0.465480,0.003449,0.072239
152.762324,0.463789,0.003432,0.071754
154.887324,0.462198,0.003421,0.073641
157.041808,0.461657,0.003352,0.075883
159.226569,0.460733,0.003505,0.074545
161.441376,0.463022,0.003462,0.076190
163.687374,0.462648,0.003469,0.072702
165.964205,0.462041,0.003344,0.073468
168.273043,0.460911,0.003473,0.075197
170.613693,0.461207,0.003352,0.075770
172.987203,0.461102,0.003626,0.074704
175.393563,0.461913,0.003413,0.075034
177.833168,0.463311,0.003462,0.073355
180.307343,0.461259,0.003457,0.072651
182.815764,0.461972,0.003575,0.074049
185.358626,0.460161,0.003364,0.074995
187.937303,0.457957,0.003516,0.073618
190.551668,0.458874,0.003546,0.075011
193.202433,0.458063,0.003488,0.074303
195.890057,0.456570,0.003337,0.075732
198.615157,0.456759,0.003512,0.075421
201.378108,0.456124,0.003727,0.076812
204.179448,0.453913,0.003407,0.077588
207.019691,0.453267,0.003353,0.076401
209.899560,0.453467,0.003604,0.079247
212.819663,0.452517,0.003503,0.077293
215.780031,0.451222,0.003468,0.077987
218.782051,0.451496,0.003625,0.077788
221.825266,0.450643,0.003660,0.074816
224.911079,0.448715,0.003451,0.075931
228.040165,0.450946,0.003616,0.075451
231.212244,0.450400,0.003537,0.077674
234.428859,0.450754,0.003608,0.078999
237.689647,0.450911,0.003484,0.077979
240.996433,0.449246,0.003530,0.075415
244.348655,0.449117,0.003463,0.073884
247.748107,0.448793,0.003434,0.075747
251.194159,0.450846,0.003568,0.074121
254.688695,0.451243,0.003691,0.075265
258.231652,0.447093,0.003605,0.075305
261.824283,0.448365,0.003727,0.075851
265.466468,0.450380,0.003595,0.078655
269.159152,0.449167,0.003668,0.078042
272.903882,0.448565,0.003877,0.077005
276.699983,0.447709,0.003746,0.078916
280.549171,0.448967,0.003619,0.080459
284.452065,0.446904,0.003743,0.078401
288.409035,0.446452,0.003788,0.080386
292.421072,0.448478,0.004122,0.080502
296.488996,0.445387,0.003737,0.080698
300.613335,0.444383,0.003874,0.080284
304.795469,0.444763,0.003895,0.082360
309.035494,0.444226,0.003711,0.078286
313.334259,0.442707,0.003740,0.081526
317.693329,0.440207,0.003676,0.079406
322.112624,0.441872,0.003649,0.081321
326.593740,0.441176,0.003689,0.079162
331.137230,0.443304,0.003760,0.079300
335.743421,0.442541,0.003951,0.080451
340.414100,0.441939,0.003753,0.078109
345.149606,0.441309,0.003905,0.079644
349.951129,0.441987,0.003815,0.079981
354.819164,0.441552,0.003739,0.079825
359.755182,0.440859,0.003981,0.082552
364.759879,0.440498,0.003849,0.082074
369.834246,0.440552,0.003876,0.084339
374.978626,0.442391,0.003648,0.084034
380.195350,0.443043,0.003785,0.083384
385.484284,0.442220,0.003780,0.083246
390.847005,0.443174,0.003940,0.081229
396.284101,0.445759,0.003862,0.082331
401.796592,0.444552,0.003655,0.083193
407.386169,0.445346,0.003666,0.082097
413.053500,0.441696,0.003760,0.082746
418.799433,0.443841,0.003756,0.081745
424.625298,0.443846,0.003691,0.079134
430.532271,0.441580,0.003722,0.078983
436.521815,0.441376,0.003759,0.078757
442.594330,0.443578,0.003793,0.080706
448.751426,0.440674,0.003810,0.082164
454.993847,0.441289,0.003613,0.081934
461.323468,0.440972,0.003656,0.084810
467.741230,0.443154,0.003770,0.084622
474.247958,0.439313,0.003842,0.081729
480.845392,0.440941,0.003710,0.081536
487.534329,0.437711,0.003751,0.082919
494.316758,0.438622,0.003844,0.085382
501.193281,0.439428,0.003789,0.080825
508.165317,0.440228,0.003757,0.085050
515.234513,0.441783,0.003781,0.084864
522.402090,0.441511,0.003757,0.085595
529.669423,0.438865,0.003709,0.083763
537.037681,0.435885,0.003869,0.085421
544.508581,0.436159,0.003854,0.085467
552.083614,0.438337,0.004030,0.085396
559.763643,0.438091,0.004006,0.087846
567.550419,0.437107,0.003860,0.085967
575.446218,0.438535,0.003840,0.084587
583.451093,0.437730,0.003998,0.084318
591.567839,0.436226,0.003845,0.084443
599.797118,0.437939,0.003724,0.084781
608.140915,0.435887,0.003789,0.083178
616.600908,0.435983,0.003841,0.083436
625.178840,0.437026,0.003830,0.085068
633.875860,0.437687,0.003763,0.085540
642.693696,0.435198,0.003827,0.087346
651.634468,0.437009,0.004018,0.084819
660.699377,0.436607,0.003929,0.086532
669.890389,0.436874,0.003715,0.083185
679.209514,0.435100,0.003788,0.083347
688.658158,0.437557,0.003900,0.086322
698.238450,0.436861,0.003842,0.084971
707.951683,0.437165,0.003821,0.086702
717.800049,0.436920,0.003709,0.084497
727.785806,0.436446,0.003960,0.084702
737.910299,0.436978,0.003747,0.084270
748.175632,0.436311,0.003914,0.085193
758.583634,0.433678,0.003995,0.084635
769.136401,0.434404,0.003990,0.082927
779.836201,0.437330,0.003803,0.084404
790.684463,0.434248,0.003906,0.084037
801.684048,0.433387,0.003853,0.082513
812.836439,0.433674,0.003994,0.083674
824.144218,0.432865,0.003973,0.084068
835.609060,0.431028,0.004214,0.084194
847.233632,0.428998,0.004302,0.087130
859.019658,0.427485,0.004264,0.086793
870.969790,0.434222,0.003938,0.088085
883.086045,0.430548,0.005454,0.086227
895.371094,0.431096,0.006226,0.083573
907.826587,0.431891,0.005193,0.086487
920.451200,0.430317,0.207650,0.088488
933.260355,0.431567,-nan,0.086065
946.243225,0.433300,-nan,0.087079
959.406615,0.428963,-nan,0.085997
972.753289,0.432100,-nan,0.084259
986.285544,0.428472,-nan,0.087525
1000.006153,0.430807,-nan,0.087341
1013.917219,0.432993,-nan,0.088386
1028.022348,0.432891,-nan,0.087760
1042.323443,0.434333,-nan,0.085984
1056.823607,0.434737,-nan,0.086078
1071.525368,0.434765,-nan,0.084922
1086.431552,0.433472,-nan,0.084436
1101.545337,0.433476,-nan,0.087698
1116.869287,0.432148,-nan,0.083696
1132.406537,0.431739,-nan,0.087184
1148.159907,0.432293,-nan,0.085578
1164.127278,0.430324,-nan,0.086237
1180.326695,0.431298,-nan,0.089367
1196.746329,0.431620,-nan,0.086721
1213.395015,0.429320,-nan,0.086862
1230.274918,0.430213,-nan,0.088025
1247.389470,0.429330,-nan,0.089667
1264.742634,0.425396,-nan,0.085220
1282.336301,0.431293,-nan,0.089231
1300.175774,0.425652,-nan,0.087289
1318.263092,0.425209,-nan,0.088100
1336.601805,0.429654,-nan,0.087581
1355.195766,0.427024,-nan,0.085432
1374.048319,0.426046,-nan,0.087288
1393.163086,0.428859,-nan,0.087919
1412.543839,0.429065,-nan,0.090931
1432.194105,0.428222,-nan,0.090727
1452.117742,0.429354,-nan,0.085970
1472.318636,0.429896,-nan,0.087374
1492.800587,0.430680,-nan,0.090135
1513.567549,0.431272,-nan,0.093673
1534.623283,0.430667,-nan,0.088934
1555.971774,0.431315,-nan,0.092452
1577.617211,0.427487,-nan,0.090284
1599.564123,0.426978,-nan,0.088037
1621.816015,0.428811,-nan,0.090937
1644.378054,0.426657,-nan,0.088649
1667.253306,0.426763,-nan,0.089283
1690.447196,0.429646,-nan,0.089630
1713.963386,0.431872,-nan,0.089037
1737.806934,0.435754,-nan,0.086955
1761.982210,0.434498,-nan,0.088429
1786.493606,0.435498,-nan,0.087408
1811.346280,0.434770,-nan,0.086720
1836.544273,0.431709,-nan,0.086727
1862.093161,0.430113,-nan,0.089474
1887.997148,0.431617,-nan,0.091013
1914.262081,0.432785,-nan,0.085822
1940.891998,0.430789,-nan,0.086069
1967.892410,0.432707,-nan,0.085929
1995.268423,0.428620,-nan,0.086850
2023.025064,0.429230,-nan,0.086418
2051.168365,0.428124,-nan,0.089494
2079.702716,0.427665,-nan,0.086912
2108.634034,0.431141,-nan,0.085194
2137.968118,0.432637,-nan,0.087186
2167.709939,0.431017,-nan,0.086243
2197.866019,0.432867,-nan,0.086694
2228.441252,0.435467,-nan,0.087382
2259.442009,0.433687,-nan,0.087906
2290.873684,0.433711,-nan,0.086305
2322.742921,0.427728,-nan,0.086791
2355.055151,0.431739,-nan,0.085772
2387.817188,0.430022,-nan,0.087397
2421.035384,0.421813,-nan,0.084960
2454.714948,0.429324,-nan,0.084944
2488.863521,0.429378,-nan,0.088404
2523.486807,0.432407,-nan,0.090115
2558.591997,0.434730,-nan,0.083653
2594.185373,0.435470,-nan,0.090200
2630.274123,0.435191,-nan,0.088430
2666.844480,0.431917,-nan,0.089498
2703.964365,0.429096,-nan,0.087896
2741.580166,0.426413,-nan,0.088913
2779.719341,0.423015,-nan,0.090547
2818.389107,0.427807,-nan,0.091502
2857.596619,0.425598,-nan,0.089163
2897.349736,0.430037,-nan,0.089640
2937.655763,0.425820,-nan,0.090557
2978.522749,0.431237,-nan,0.091296
3019.957651,0.430576,-nan,0.087803
3061.969389,0.433530,-nan,0.089329
3104.565635,0.431320,-nan,0.090663
3147.754752,0.427033,-nan,0.088734
3191.469765,0.432139,-nan,0.095079
3235.942619,0.429926,-nan,0.091618
3280.959289,0.428900,-nan,0.095707
3326.601476,0.433504,-nan,0.093443
3372.879563,0.430183,-nan,0.093950
3419.800612,0.431789,-nan,0.094175
3467.374468,0.433311,-nan,0.090405
3515.610811,0.427930,-nan,0.092309
3564.517333,0.434870,-nan,0.094769
3614.104545,0.433246,-nan,0.094168
3664.381510,0.436348,-nan,0.090988
3715.358442,0.437698,-nan,0.093258
3767.043921,0.433978,-nan,0.089561
3819.448657,0.435713,-nan,0.089225
3872.582671,0.434163,-nan,0.090930
3926.455484,0.430161,-nan,0.091441
3981.077561,0.424600,-nan,0.089477
4036.460192,0.424391,-nan,0.090679
4092.612911,0.422748,-nan,0.090527
4149.546463,0.425317,-nan,0.093191
4207.272365,0.425778,-nan,0.089988
4265.801278,0.424243,-nan,0.091314
4325.144393,0.426711,-nan,0.089311
4385.313207,0.427828,-nan,0.089909
4446.318906,0.430672,-nan,0.089471
4508.173252,0.429930,-nan,0.087766
4570.887865,0.427746,-nan,0.086861
4634.475025,0.431507,-nan,0.089649
4698.947390,0.432167,-nan,0.091686
4764.315920,0.434185,-nan,0.089105
4830.594123,0.430737,-nan,0.091061
4897.794207,0.432630,-nan,0.087084
4965.929203,0.433274,-nan,0.093362
5035.012152,0.430839,-nan,0.091830
5105.055945,0.432528,-nan,0.088303
5176.074463,0.436911,-nan,0.091270
5248.035128,0.432365,-nan,0.091414
5321.088733,0.432735,-nan,0.093330
5395.112398,0.432435,-nan,0.093041
5470.165737,0.432333,-nan,0.089994
5546.263291,0.431426,-nan,0.086638
5623.419547,0.428772,-nan,0.089336
5701.648822,0.426622,-nan,0.093892
5780.966718,0.426711,-nan,0.090984
5861.387813,0.425302,-nan,0.092100
5942.927796,0.428265,-nan,0.092656
6025.602066,0.430933,-nan,0.092822
6109.426371,0.428876,-nan,0.094950
6194.416694,0.430370,-nan,0.093902
6280.589575,0.427317,-nan,0.091915
6367.961454,0.430113,-nan,0.093085
-nan,0.426709,-nan,0.096484
6546.367939,0.427152,-nan,0.097053
6637.437219,0.420472,-nan,0.093075
6729.772734,0.424013,-nan,0.094177
6823.393078,0.421702,-nan,0.094276
-nan,0.425191,-nan,0.092972
7014.559201,0.425043,-nan,0.092348
7112.141156,0.429376,-nan,0.092071
7211.080673,0.432630,-nan,0.089994
7311.396988,0.429920,-nan,0.089876
7413.108907,0.425435,-nan,0.095082
7516.235005,0.424941,-nan,0.092299
7620.796162,0.427757,-nan,0.094266
7726.811938,0.428448,-nan,0.091978
7834.302762,0.429009,-nan,0.088818
7943.288421,0.427717,-nan,0.092500
8053.790375,0.438070,-nan,0.091014
8165.829812,0.430828,-nan,0.091312
8279.427814,0.430026,-nan,0.092852
8394.605636,0.428059,-nan,0.093472
8511.386385,0.434315,-nan,0.092119
8629.791687,0.429876,-nan,0.091497
8749.843757,0.436793,-nan,0.090990
8871.566314,0.428674,-nan,0.091637
8994.915953,0.429709,-nan,0.090843
9120.114361,0.434200,-nan,0.092686
9246.987874,0.428500,-nan,0.091909
9375.625966,0.432648,-nan,0.094615
9506.053930,0.436470,-nan,0.093617
9638.296191,0.436552,-nan,0.089689
9772.378215,0.437052,-nan,0.093354
9908.325240,0.432567,-nan,0.089559
10046.163889,0.433415,-nan,0.093645
10185.919811,0.429522,-nan,0.093991
10327.620342,0.429722,-nan,0.094643
10471.291504,0.427674,-nan,0.093531
10616.954293,0.430189,-nan,0.093173
10764.658056,0.427872,-nan,0.095328
10914.406512,0.424620,-nan,0.097013
11066.244012,0.426950,-nan,0.097201
11220.190764,0.425933,-nan,0.095676
11376.278813,0.428728,-nan,0.094046
11534.538817,0.428704,-nan,0.093177
11694.999874,0.427617,-nan,0.095016
11857.693744,0.435191,-nan,0.098049
12022.650575,0.430198,-nan,0.094738
12189.902079,0.429739,-nan,0.094601
12359.480384,0.430163,-nan,0.099226
12531.417626,0.431593,-nan,0.097413
12705.747307,0.427639,-nan,0.094631
12882.501819,0.425993,-nan,0.098436
13061.715171,0.428672,-nan,0.098716
13243.421567,0.427715,-nan,0.094611
13427.655747,0.426311,-nan,0.093227
13614.452981,0.429180,-nan,0.091954
13803.848540,0.428535,-nan,0.092218
13995.879207,0.434035,-nan,0.095018
14190.581030,0.432065,-nan,0.094555
14387.992029,0.429246,-nan,0.093818
14588.148957,0.425576,-nan,0.094844
14791.089937,0.425480,-nan,0.093009
14996.854508,0.428491,-nan,0.095844
15205.481300,0.432887,-nan,0.091795
15417.010359,0.430328,-nan,0.091876
15631.482542,0.429100,-nan,0.092319
15848.938163,0.429452,-nan,0.092114
16069.418680,0.426126,-nan,0.093488
16292.966469,0.431304,-nan,0.091295
16519.623914,0.431657,-nan,0.093813
16749.434734,0.425161,-nan,0.094905
16982.442736,0.426363,-nan,0.099943
17218.691929,0.424007,-nan,0.097960
17458.227549,0.424526,-nan,0.093483
17701.095823,0.419861,-nan,0.095581
17947.342279,0.422407,-nan,0.092587
18197.014599,0.427437,-nan,0.094784
18450.160098,0.430761,-nan,0.093779
18706.827512,0.428887,-nan,0.093329
18967.065086,0.431846,-nan,0.090535
19230.923074,0.430907,-nan,0.091737
19498.452095,0.432259,-nan,0.092471
19769.702346,0.430133,-nan,0.092203
20044.726263,0.431580,-nan,0.091298
20323.576235,0.432383,-nan,0.094699
20606.305514,0.426548,-nan,0.094800
20892.967575,0.422680,-nan,0.097942
21183.617830,0.425793,-nan,0.099261
21478.310692,0.423348,-nan,0.095516
21777.104014,0.419800,-nan,0.095584
22080.053563,0.428867,-nan,0.096403
22387.217524,0.419174,-nan,0.097822
22698.654522,0.426683,-nan,0.093469
23014.424167,0.430033,-nan,0.093834
23334.586630,0.425628,-nan,0.094152
23659.203109,0.428946,-nan,0.094782
23988.335207,0.428950,-nan,0.095939
24322.046264,0.426002,-nan,0.094689
24660.399477,0.429515,-nan,0.094544
25003.459512,0.427683,-nan,0.093975
25351.292500,0.428950,-nan,0.094157
25703.963814,0.430170,-nan,0.093595
26061.541454,0.428343,-nan,0.092666
26424.093716,0.431972,-nan,0.096716
26791.689291,0.431317,-nan,0.095757
27164.398860,0.430400,-nan,0.094798
27542.293291,0.428909,-nan,0.097102
27925.444658,0.428870,-nan,0.095610
28313.925835,0.427167,-nan,0.092020
28707.671627,0.428370,-nan,0.092711
29107.177013,0.430117,-nan,0.096531
29512.098386,0.434750,-nan,0.093488
29922.652575,0.430880,-nan,0.094259
30338.918014,0.429480,-nan,0.097617
30760.974315,0.420735,-nan,0.091600
31188.901774,0.428900,-nan,0.094307
31622.782676,0.428735,-nan,0.095484
32062.699231,0.427235,-nan,0.098481
32508.735849,0.428289,-nan,0.096928
32960.977366,0.428963,-nan,0.093049
33419.509941,0.423957,-nan,0.096632
33884.421811,0.429011,-nan,0.098194
34355.800689,0.431759,-nan,0.099198
34833.737301,0.431802,-nan,0.095680
35318.323205,0.424126,-nan,0.096627
35809.650006,0.424698,-nan,0.096372
36307.811164,0.428835,-nan,0.093707
36812.903313,0.430770,-nan,0.091562
37325.021907,0.429424,-nan,0.096614
37844.264842,0.427515,-nan,0.098035
38370.730948,0.424730,-nan,0.097582
38904.520604,0.426433,-nan,0.095664
39445.736277,0.436048,-nan,0.097187
39994.481225,0.425415,-nan,0.094302
40550.859500,0.426963,-nan,0.095583
41114.978146,0.427422,-nan,0.096230
41686.176962,0.427172,-nan,0.098544
42266.867309,0.427480,-nan,0.099458
42854.858140,0.431676,-nan,0.096366
43451.028502,0.427735,-nan,0.098308
44055.302337,0.423580,-nan,0.095758
44668.365285,0.426372,-nan,0.097172
45289.764362,0.425704,-nan,0.094838
45919.807288,0.427570,-nan,0.094581
46558.615652,0.425587,-nan,0.100457
47206.310396,0.421357,-nan,0.097121
47862.866640,0.424515,-nan,0.100637
48528.855965,0.427883,-nan,0.093915
49203.959575,0.432820,-nan,0.098802
49888.455202,0.423133,-nan,0.100502
50582.472144,0.425828,-nan,0.094721
51286.144334,0.433702,-nan,0.098452
51999.605678,0.426646,-nan,0.099086
52722.992153,0.426574,-nan,0.098193
53456.441904,0.430335,-nan,0.096543
54200.095454,0.421774,-nan,0.098387
54954.093340,0.433326,-nan,0.097650
55718.580800,0.423524,-nan,0.096800
56493.703482,0.429448,-nan,0.096008
57279.344903,0.425635,-nan,0.097720
58076.447879,0.427257,-nan,0.097527
58884.371568,0.427215,-nan,0.098914
59703.534648,0.425878,-nan,0.097729
60534.093607,0.431154,-nan,0.098621
61376.206904,0.428802,-nan,0.101753
62230.034733,0.426252,-nan,0.098441
63095.740467,0.426946,-nan,0.098539
63973.489723,0.429413,-nan,0.099275
64862.419711,0.429733,-nan,0.099303
65765.790246,0.423293,-nan,0.100084
66680.683098,0.426604,-nan,0.101793
67606.966554,0.423663,-nan,0.104918
68548.828598,0.427372,-nan,0.103577
69502.198176,0.424267,-nan,0.104346
70469.313010,0.421783,-nan,0.101318
71449.638836,0.424652,-nan,0.102007
72443.602144,0.424813,-nan,0.102959
73451.392952,0.422028,-nan,0.102049
74473.203569,0.419750,-nan,0.102130
75509.228697,0.423876,-nan,0.100702
76559.666995,0.426857,-nan,0.102753
77624.717772,0.420943,-nan,0.104003
78704.585106,0.423380,-nan,0.100740
79799.474775,0.428348,-nan,0.101545
80909.595948,0.424041,-nan,0.105099
82035.160614,0.426457,-nan,0.100766
83176.237235,0.419383,-nan,0.101408
84333.482110,0.419585,-nan,0.101190
85506.677409,0.422302,-nan,0.104080
86696.193573,0.424641,-nan,0.104174
87902.257871,0.425304,-nan,0.102070
89125.099955,0.424541,-nan,0.102366
90364.953535,0.423752,-nan,0.101252
91622.054930,0.425830,-nan,0.101758
92896.644507,0.428807,-nan,0.105217
94188.966121,0.430348,-nan,0.102709
95499.264523,0.427802,-nan,0.100367
96827.791776,0.421202,-nan,0.100458
98174.800325,0.429361,-nan,0.099830
99540.547622,0.425293,-nan,0.099235
100925.089069,0.420852,-nan,0.100935
102329.305565,0.428359,-nan,0.105230
103752.847707,0.424309,-nan,0.102849
105196.193258,0.425530,-nan,0.102895
106659.618319,0.420215,-nan,0.105691
108142.898237,0.423159,-nan,0.104096
109647.825664,0.427061,-nan,0.102033
111173.178799,0.428030,-nan,0.104309
112718.943975,0.419478,-nan,0.106678
114287.313277,0.423593,-nan,0.107470
115877.741595,0.430433,-nan,0.105109
117489.761683,0.424726,-nan,0.106539
119123.544631,0.419120,-nan,0.105005
120781.389634,0.424946,-nan,0.106359
122461.625998,0.415726,-nan,0.103654
124164.598301,0.420533,-nan,0.108070
125892.547260,0.424983,-nan,0.106074
127643.637571,0.426137,-nan,0.109084
129417.902823,0.419039,-nan,0.110094
131219.995874,0.419546,-nan,0.110121
133044.509225,0.416739,-nan,0.110889
134896.294300,0.415754,-nan,0.109036
136771.489388,0.415993,-nan,0.113194
138673.419129,0.420730,-nan,0.114691
140604.758375,0.416863,-nan,0.112329
142560.765249,0.421585,-nan,0.114967
144543.567012,0.425252,-nan,0.113566
146554.790219,0.417174,-nan,0.115707
148593.570287,0.417091,-nan,0.111647
150660.712607,0.424996,-nan,0.115634
152756.611865,0.418504,-nan,0.113843
154881.613178,0.422120,-nan,0.114179
157036.286675,0.412976,-nan,0.117119
159218.949537,0.415837,-nan,0.118160
161435.861800,0.412785,-nan,0.118112
163681.658252,0.417443,-nan,0.119424
165956.066170,0.415909,-nan,0.119317
168267.011010,0.417257,-nan,0.120515
170605.101499,0.413641,-nan,0.117801
172981.642205,0.415041,-nan,0.122368
175388.056150,0.417324,-nan,0.121761
177827.947013,0.416633,-nan,0.121183
180301.780351,0.410722,-nan,0.119595
182810.027635,0.412343,-nan,0.120599
185353.168623,0.409959,-nan,0.118887
187928.220292,0.415937,-nan,0.122989
190545.066433,0.409724,-nan,0.123741
193195.126363,0.411480,-nan,0.122899
195884.473478,0.414915,-nan,0.126066
198608.351894,0.408513,-nan,0.122731
201368.015236,0.409939,-nan,0.125850
204173.800437,0.410843,-nan,0.124087
207014.141193,0.405463,-nan,0.127548
209891.480317,0.412150,-nan,0.126585
212809.942226,0.410228,-nan,0.131573
215774.446928,0.409702,-nan,0.134145
218770.963845,0.408691,-nan,0.130180
221818.399604,0.409193,-nan,0.131319
224898.546112,0.409004,-nan,0.131202
228033.778786,0.404680,-nan,0.133840
231205.023377,0.405689,-nan,0.135429
234422.887551,0.398274,-nan,0.133142
237683.281244,0.402809,-nan,0.133054
240990.549245,0.401298,-nan,0.134763
244333.074604,0.401037,-nan,0.136893
247742.033537,0.399885,-nan,0.137957
251188.649349,0.404091,-nan,0.137260
254681.699554,0.404217,-nan,0.136035
258226.025267,0.398526,-nan,0.136487
261817.390833,0.404163,-nan,0.141302
265459.094511,0.402193,-nan,0.138736
269150.262084,0.401963,-nan,0.138447
272897.784039,0.408611,-nan,0.138783
276694.170871,0.396300,-nan,0.140713
280543.369781,0.401793,-nan,0.139370
284444.894918,0.398561,-nan,0.139815
288403.156227,0.405552,-nan,0.139131
292415.243862,0.403387,-nan,0.140090
296482.696608,0.398500,-nan,0.138896
300607.391257,0.401015,-nan,0.138778
304787.904888,0.397174,-nan,0.139255
309027.473640,0.396670,-nan,0.141121
313321.694128,0.398978,-nan,0.146012
317687.113644,0.393570,-nan,0.142229
322106.884932,0.400067,-nan,0.144831
326587.837942,0.401089,-nan,0.145498
331131.127540,0.396576,-nan,0.142809
335737.620294,0.395420,-nan,0.143412
340401.122377,0.401380,-nan,0.145642
345143.745481,0.391724,-nan,0.144107
349945.173391,0.392780,-nan,0.143302
354812.749601,0.396596,-nan,0.144270
359749.341199,0.393546,-nan,0.142051
364753.953052,0.395450,-nan,0.146806
369826.286480,0.400022,-nan,0.145017
374973.008112,0.403746,-nan,0.146056
380189.402259,0.399843,-nan,0.142727
385471.682018,0.395402,-nan,0.145785
390835.757357,0.400002,-nan,0.149113
396277.390841,0.391093,-nan,0.146360
401790.817227,0.385952,-nan,0.147829
407371.783950,0.389248,-nan,0.149954
413039.608739,0.387696,-nan,0.152092
418792.172974,0.390470,-nan,0.150161
424618.989355,0.392159,-nan,0.151532
430526.616372,0.394346,-nan,0.151892
436515.838027,0.394113,-nan,0.153786
442587.904190,0.390991,-nan,0.153766
448745.009722,0.385339,-nan,0.154377
454985.071515,0.392237,-nan,0.154785
461310.104157,0.389791,-nan,0.155926
467735.147453,0.390959,-nan,0.157230
474241.991237,0.388422,-nan,0.155280
480839.354357,0.385511,-nan,0.155559
487528.496428,0.386676,-nan,0.155910
494297.769772,0.385298,-nan,0.158998
501186.964987,0.383146,-nan,0.159797
508159.448556,0.392487,-nan,0.157634
515228.651281,0.377376,-nan,0.154447
522396.194918,0.387335,-nan,0.156153
529663.449813,0.390830,-nan,0.156302
537029.288754,0.385074,-nan,0.160360
544496.088698,0.384343,-nan,0.159409
552077.445534,0.385030,-nan,0.158132
559757.607488,0.386789,-nan,0.157876
567526.731994,0.377413,-nan,0.159688
575432.474581,0.380800,-nan,0.160153
583431.248085,0.380815,-nan,0.162703
591543.584440,0.379604,-nan,0.163474
599781.505434,0.377141,-nan,0.162951
608129.038540,0.376424,-nan,0.166541
616589.934109,0.377852,-nan,0.165608
625166.539710,0.377720,-nan,0.166236
633869.717424,0.376500,-nan,0.166145
642677.790147,0.374798,-nan,0.167541
651628.400430,0.373470,-nan,0.165188
660677.368313,0.375852,-nan,0.166478
669884.615400,0.372407,-nan,0.166923
679182.818715,0.368613,-nan,0.168148
688637.026585,0.369957,-nan,0.168447
698232.410285,0.377446,-nan,0.170521
707928.661949,0.367948,-nan,0.170600
717793.766539,0.368817,-nan,0.172758
727763.615667,0.374443,-nan,0.174392
737904.236169,0.369828,-nan,0.171000
748160.076182,0.367111,-nan,0.173652
758555.597943,0.366226,-nan,0.174801
769114.614950,0.365526,-nan,0.177155
779822.207902,0.362815,-nan,0.176894
790655.880346,0.361739,-nan,0.176413
801660.662464,0.363454,-nan,0.179416
812830.522211,0.358513,-nan,0.178582
824138.121291,0.359200,-nan,0.177465
835580.913283,0.358146,-nan,0.180063
847208.801898,0.360522,-nan,0.179024
859006.625954,0.358509,-nan,0.180364
870940.669434,0.359315,-nan,0.179884
883039.484675,0.352337,-nan,0.183936
895353.166996,0.354330,-nan,0.183723
907808.903691,0.350539,-nan,0.182202
920421.747941,0.346028,-nan,0.182994
933241.887643,0.354924,-nan,0.183117
946226.212066,0.352696,-nan,0.184900
959400.637526,0.346304,-nan,0.183507
972744.492589,0.349193,-nan,0.188078
