0.000000,0.995000,0.000000,0.000000
1.002996,0.846891,0.001748,0.027337
1.016255,0.845806,0.001686,0.027517
1.029514,0.844228,0.001690,0.027478
1.043155,0.842916,0.001742,0.027656
1.056918,0.841166,0.001710,0.027599
1.070749,0.839878,0.001720,0.027820
1.084926,0.838531,0.001771,0.027944
1.099221,0.837078,0.001683,0.028060
1.113670,0.835738,0.001758,0.027964
1.128288,0.834331,0.001723,0.027959
1.143112,0.832822,0.001742,0.027717
1.158383,0.831519,0.001733,0.027896
1.173614,0.830138,0.001752,0.028015
1.188960,0.828897,0.001736,0.028099
1.204756,0.827722,0.001775,0.027855
1.220515,0.826566,0.001728,0.027830
1.236761,0.825150,0.001746,0.027765
1.252993,0.824016,0.001786,0.028044
1.269418,0.822931,0.001751,0.028468
1.286272,0.821587,0.001741,0.028821
1.303230,0.820241,0.001789,0.028592
1.320389,0.818681,0.001752,0.028468
1.337773,0.817500,0.001749,0.028496
1.355452,0.816400,0.001785,0.028034
1.373245,0.815228,0.001791,0.027790
1.391366,0.813663,0.001800,0.027833
1.409600,0.812363,0.001771,0.028266
1.428234,0.811216,0.001791,0.028170
1.447123,0.809525,0.001778,0.028237
1.466239,0.807928,0.001715,0.028066
1.485445,0.806169,0.001715,0.028307
1.505003,0.804362,0.001734,0.028220
1.524909,0.803094,0.001800,0.028435
1.544951,0.801778,0.001841,0.028756
1.565411,0.800319,0.001821,0.028911
1.586049,0.798797,0.001824,0.028739
1.607079,0.797184,0.001833,0.028630
1.628181,0.795331,0.001758,0.028693
1.649464,0.793953,0.001872,0.028947
1.671407,0.792441,0.001809,0.029122
1.693542,0.791144,0.001894,0.029560
1.715687,0.789506,0.001785,0.029328
1.738501,0.787931,0.001803,0.029628
1.761239,0.786603,0.001866,0.029591
1.784576,0.785647,0.001809,0.029810
1.808262,0.784212,0.001841,0.030334
1.832061,0.782953,0.001905,0.030584
1.856064,0.781572,0.001878,0.030559
1.880601,0.780350,0.001824,0.030880
1.905494,0.778822,0.001826,0.030858
1.930664,0.777562,0.001837,0.031193
1.956007,0.775903,0.001879,0.031163
1.981763,0.774297,0.001912,0.031069
2.007938,0.772747,0.001888,0.031312
2.034359,0.771050,0.001921,0.031203
2.061235,0.770122,0.001866,0.030853
2.088252,0.768987,0.001877,0.031384
2.115963,0.767459,0.001900,0.031579
2.143954,0.765962,0.001897,0.031261
2.172259,0.764069,0.001904,0.031826
2.200835,0.762519,0.001933,0.032334
2.229782,0.761016,0.001911,0.032389
2.259379,0.759303,0.001941,0.032696
2.288999,0.758097,0.001889,0.032244
2.319365,0.756697,0.001937,0.032373
2.349821,0.755181,0.001888,0.032950
2.381003,0.753641,0.001964,0.033210
2.412275,0.752341,0.001948,0.033281
2.444057,0.750659,0.001943,0.033220
2.476438,0.748884,0.001903,0.033998
2.509126,0.746962,0.001914,0.033975
2.542195,0.745263,0.001939,0.034168
2.575744,0.743816,0.001974,0.033916
2.609806,0.741553,0.001975,0.033861
2.644208,0.740600,0.001962,0.034335
2.678994,0.738766,0.001983,0.034467
2.714226,0.737244,0.002018,0.033995
2.750153,0.736081,0.002009,0.034248
2.786491,0.735078,0.001992,0.034364
2.823184,0.733872,0.001938,0.034594
2.860453,0.732278,0.002032,0.035293
2.898212,0.730978,0.001946,0.035897
2.936393,0.729653,0.002013,0.036088
2.975300,0.728206,0.001970,0.036626
3.014291,0.727134,0.001989,0.036923
3.054314,0.725900,0.001937,0.037034
3.094499,0.724575,0.002001,0.037331
3.135509,0.723181,0.002016,0.037038
3.176851,0.721234,0.002025,0.036766
3.218725,0.719544,0.002022,0.036566
3.261194,0.718097,0.002001,0.036723
3.304212,0.716541,0.002073,0.037544
3.347792,0.715481,0.002043,0.037869
3.391983,0.713984,0.002067,0.037378
3.436640,0.712922,0.002049,0.038069
3.482300,0.711641,0.002006,0.038300
3.528022,0.710722,0.002060,0.038185
3.574505,0.709569,0.002033,0.037963
3.621869,0.707775,0.002039,0.038410
3.669462,0.706703,0.002061,0.038322
3.718049,0.704806,0.002070,0.038972
3.767104,0.703584,0.002114,0.038928
3.816734,0.702013,0.002115,0.039439
3.867133,0.700263,0.002080,0.039951
3.918136,0.699572,0.002094,0.040163
3.969995,0.698031,0.002111,0.039740
4.022431,0.696594,0.002177,0.039716
4.075490,0.695006,0.002098,0.039551
4.129319,0.693553,0.002147,0.039616
4.183794,0.692891,0.002125,0.039547
4.238850,0.691500,0.002203,0.039382
4.294813,0.689859,0.002053,0.039780
4.351667,0.688709,0.002186,0.040097
4.409007,0.687128,0.002061,0.040149
4.467417,0.685775,0.002150,0.040168
4.526097,0.684278,0.002179,0.040040
4.585966,0.683522,0.002146,0.040164
4.646521,0.682594,0.002135,0.040266
4.707713,0.681450,0.002111,0.040719
4.769865,0.679894,0.002223,0.041733
4.832821,0.679372,0.002131,0.040893
4.896776,0.678313,0.002117,0.041582
4.961484,0.676978,0.002183,0.040930
5.026807,0.675281,0.002173,0.041313
5.093227,0.674166,0.002148,0.041326
5.160394,0.672128,0.002199,0.040618
5.228477,0.670859,0.002141,0.040751
5.297539,0.669109,0.002121,0.041334
5.367449,0.667881,0.002225,0.041130
5.438268,0.666428,0.002179,0.042121
5.510136,0.665803,0.002127,0.042247
5.582932,0.664372,0.002261,0.042169
5.656335,0.663466,0.002217,0.041880
5.731270,0.661862,0.002135,0.041345
5.806942,0.660497,0.002222,0.042791
5.883575,0.659466,0.002235,0.043213
5.961263,0.658984,0.002233,0.043893
6.039770,0.657847,0.002187,0.043805
6.119820,0.656400,0.002211,0.044209
6.200461,0.655312,0.002230,0.044677
6.282305,0.654172,0.002238,0.044325
6.365212,0.654150,0.002171,0.044041
6.449298,0.652769,0.002289,0.044058
6.534215,0.651522,0.002220,0.044291
6.620608,0.650803,0.002286,0.044986
6.707992,0.650400,0.002323,0.045079
6.796729,0.649000,0.002322,0.044683
6.886440,0.647009,0.002225,0.045262
6.977322,0.645894,0.002201,0.045124
7.069367,0.644209,0.002257,0.044937
7.162879,0.643012,0.002286,0.045745
7.257263,0.642256,0.002329,0.045059
7.353278,0.640700,0.002328,0.044797
7.450299,0.639041,0.002213,0.044354
7.548644,0.636453,0.002291,0.044520
7.648381,0.634684,0.002304,0.044464
7.749291,0.634284,0.002347,0.045126
7.851614,0.633484,0.002378,0.045973
7.955308,0.631678,0.002367,0.046663
8.060360,0.629903,0.002310,0.046979
8.166718,0.628387,0.002347,0.046345
8.274497,0.627216,0.002349,0.046174
8.384131,0.626337,0.002391,0.046204
8.494525,0.624950,0.002422,0.046897
8.606585,0.622556,0.002397,0.047133
8.720402,0.621194,0.002267,0.046749
8.835325,0.619959,0.002372,0.047271
8.952090,0.619587,0.002365,0.047258
9.070205,0.618847,0.002491,0.046916
9.190020,0.618478,0.002444,0.046682
9.311317,0.616309,0.002406,0.046737
9.434506,0.614672,0.002421,0.047420
9.558785,0.615003,0.002427,0.047792
9.685270,0.614056,0.002400,0.047407
9.812967,0.612831,0.002362,0.047870
9.942666,0.610753,0.002355,0.047631
10.074024,0.609225,0.002533,0.047597
10.206847,0.607984,0.002453,0.049185
10.341568,0.606250,0.002421,0.048651
10.478181,0.604909,0.002447,0.049351
10.616588,0.603844,0.002406,0.049139
10.756692,0.602513,0.002510,0.048339
10.898971,0.600719,0.002371,0.048157
11.042759,0.598859,0.002469,0.049350
11.188515,0.598788,0.002466,0.049247
11.336248,0.598194,0.002421,0.048104
11.486076,0.596116,0.002416,0.048763
11.637618,0.595047,0.002506,0.050048
11.791353,0.593347,0.002415,0.050964
11.947236,0.592256,0.002430,0.052320
12.104677,0.591369,0.002561,0.051861
12.264723,0.590044,0.002522,0.051770
12.426497,0.589266,0.002522,0.052744
12.590913,0.588763,0.002561,0.053048
12.756849,0.587497,0.002592,0.053322
12.925606,0.586669,0.002521,0.053803
13.095801,0.585453,0.002478,0.052654
13.269028,0.584556,0.002476,0.053940
13.444036,0.583569,0.002472,0.053963
13.621780,0.581497,0.002553,0.053717
13.801823,0.579478,0.002498,0.053955
13.983783,0.577900,0.002567,0.052829
14.168459,0.577266,0.002503,0.052218
14.355617,0.577759,0.002595,0.052569
14.545324,0.576072,0.002605,0.052500
14.737258,0.575900,0.002418,0.053047
14.932069,0.575359,0.002603,0.053006
15.129119,0.574941,0.002618,0.053279
15.329000,0.572763,0.002608,0.053996
15.531052,0.571544,0.002522,0.054625
15.736462,0.568988,0.002702,0.055324
15.944304,0.566887,0.002699,0.054752
16.154904,0.565984,0.002764,0.053398
16.368226,0.565556,0.002600,0.054851
16.584276,0.564956,0.002595,0.053369
16.803013,0.563416,0.002681,0.052790
17.025236,0.562203,0.002611,0.054577
17.250021,0.561278,0.002598,0.054908
17.477929,0.560337,0.002662,0.055268
17.708725,0.558947,0.002694,0.055569
17.942530,0.557666,0.002660,0.057317
18.179454,0.558206,0.002635,0.057049
18.419508,0.555716,0.002680,0.057568
18.662733,0.553987,0.002704,0.056628
18.909242,0.551906,0.002691,0.055901
19.158818,0.550934,0.002626,0.055448
19.411890,0.549978,0.002701,0.055464
19.668338,0.549053,0.002714,0.055553
19.927857,0.548203,0.002670,0.056006
20.191184,0.548159,0.002737,0.057925
20.457892,0.546425,0.002734,0.056438
20.728240,0.546197,0.002686,0.054929
21.002086,0.545147,0.002801,0.054999
21.278979,0.544403,0.002764,0.055240
21.560141,0.543800,0.002732,0.055640
21.844902,0.543691,0.002777,0.056111
22.133339,0.542441,0.002706,0.055690
22.425741,0.541419,0.002788,0.055622
22.721892,0.540397,0.002765,0.055782
23.021999,0.539944,0.002642,0.055452
23.326104,0.536962,0.002757,0.055114
23.634025,0.536281,0.002707,0.055998
23.946246,0.534288,0.002920,0.054947
24.262422,0.534706,0.002766,0.055181
24.582965,0.533597,0.002794,0.054882
24.907500,0.532097,0.002865,0.054259
25.236659,0.532125,0.002817,0.054084
25.569675,0.532475,0.002822,0.054782
25.907383,0.530791,0.002749,0.054677
26.249715,0.529469,0.002842,0.054131
26.596251,0.529050,0.002881,0.055479
26.947618,0.528200,0.002816,0.055907
27.303636,0.527191,0.002831,0.057451
27.663970,0.525566,0.002838,0.058077
28.029164,0.524253,0.002877,0.058928
28.399616,0.523159,0.002908,0.056993
28.774617,0.521853,0.002893,0.055868
29.154688,0.520706,0.002877,0.055410
29.539565,0.520216,0.002759,0.056579
29.929643,0.518366,0.002874,0.057460
30.325116,0.516806,0.002928,0.057158
30.725772,0.515594,0.002874,0.056804
31.131480,0.515278,0.002902,0.057085
31.542638,0.515266,0.002789,0.056540
31.959406,0.514903,0.002904,0.057747
32.381232,0.515081,0.002811,0.057868
32.808820,0.514084,0.002968,0.057562
33.242201,0.513000,0.002917,0.058647
33.681075,0.512103,0.002947,0.059144
34.125956,0.512263,0.002928,0.058596
34.576858,0.511194,0.002955,0.059553
35.033388,0.509244,0.002963,0.058614
35.496080,0.508175,0.002977,0.059254
35.964883,0.506250,0.002986,0.058761
36.439801,0.505719,0.002896,0.058636
36.921455,0.505550,0.003016,0.057668
37.408877,0.505119,0.002871,0.058135
37.902850,0.504838,0.002992,0.059821
38.403608,0.503756,0.002899,0.059208
38.910758,0.502156,0.002991,0.059663
39.424653,0.501003,0.002924,0.058832
39.945379,0.501041,0.003030,0.059415
40.472958,0.500363,0.003059,0.060688
41.007406,0.499466,0.003129,0.059962
41.549150,0.497966,0.003004,0.060577
42.097501,0.496506,0.002947,0.058862
42.654142,0.493928,0.003045,0.059266
43.217182,0.492844,0.003092,0.058965
43.788029,0.492397,0.003007,0.061414
44.366313,0.491744,0.003149,0.061384
44.952230,0.491903,0.003050,0.060454
45.545710,0.492244,0.003019,0.062349
46.147659,0.490331,0.003092,0.062412
46.756850,0.490206,0.003119,0.062398
47.374586,0.490984,0.003115,0.063325
48.000141,0.489922,0.003117,0.065181
48.634262,0.489972,0.003142,0.064254
49.276538,0.487788,0.003151,0.064309
49.927312,0.485909,0.003126,0.065084
50.587062,0.484966,0.003228,0.064046
51.254928,0.484222,0.003166,0.063704
51.931852,0.480931,0.003109,0.065449
52.617865,0.480991,0.003150,0.065525
53.312860,0.481763,0.003298,0.064797
54.017045,0.480784,0.003253,0.063480
54.730416,0.480953,0.003248,0.065153
55.453253,0.479725,0.003242,0.063594
56.185640,0.479959,0.003108,0.064415
56.927643,0.480259,0.003243,0.064110
57.679445,0.477981,0.003170,0.064986
58.441428,0.475319,0.003361,0.063530
59.213024,0.474469,0.003097,0.063795
59.995355,0.475069,0.003192,0.063615
60.787556,0.473497,0.003279,0.063750
61.590590,0.475100,0.003157,0.062948
62.404157,0.473481,0.003288,0.063468
63.228415,0.470175,0.003276,0.064364
64.063452,0.470306,0.003371,0.063276
64.909719,0.470056,0.003463,0.066561
65.766617,0.470163,0.003140,0.067050
66.635424,0.471247,0.003192,0.066511
67.515628,0.469369,0.003303,0.066470
68.407530,0.470216,0.003318,0.065509
69.310695,0.470987,0.003220,0.065586
70.226617,0.467600,0.003319,0.065050
71.153881,0.465587,0.003394,0.065896
72.093729,0.466106,0.003336,0.066629
73.046069,0.466409,0.003255,0.064510
74.010491,0.465684,0.003222,0.064947
74.988375,0.463756,0.003264,0.065878
75.978787,0.462737,0.003349,0.066648
76.982128,0.463800,0.003239,0.067479
77.999066,0.462953,0.003345,0.068508
79.029325,0.460003,0.003478,0.068652
80.073088,0.459925,0.003502,0.068061
81.130853,0.461100,0.003313,0.069274
82.202403,0.459222,0.003638,0.071396
83.287982,0.456566,0.003398,0.071342
84.388114,0.456566,0.003429,0.070244
85.502713,0.454572,0.003404,0.071033
86.632235,0.452047,0.003473,0.069896
87.776260,0.452169,0.003422,0.070616
88.935700,0.452019,0.003291,0.071517
90.110286,0.452391,0.003377,0.070581
91.300372,0.450616,0.003464,0.070017
92.506296,0.447837,0.003517,0.069523
93.728141,0.447544,0.003506,0.070981
94.966244,0.446594,0.003444,0.071929
96.220499,0.447416,0.003352,0.070308
97.491435,0.446316,0.003550,0.071254
98.779136,0.447725,0.003442,0.071778
100.083953,0.444703,0.003489,0.071155
101.405496,0.444847,0.003552,0.071839
102.744749,0.445634,0.003441,0.069788
104.102310,0.441788,0.003632,0.071124
105.477262,0.439588,0.003649,0.070533
106.870296,0.441209,0.003434,0.069223
108.281896,0.440647,0.003552,0.069601
109.712017,0.440047,0.003472,0.070623
111.161099,0.439534,0.003531,0.072132
112.629174,0.439862,0.003394,0.073130
114.117176,0.438097,0.003707,0.072697
115.624375,0.437162,0.003617,0.071404
117.151668,0.436334,0.003691,0.069746
118.698928,0.434263,0.003600,0.068841
120.266923,0.432728,0.003894,0.071627
121.855149,0.430141,0.003739,0.072041
123.464817,0.428253,0.003736,0.071016
125.095608,0.430356,0.003490,0.072453
126.747621,0.428916,0.003886,0.073735
128.421965,0.429841,0.003916,0.071639
130.118214,0.429497,0.003648,0.072213
131.836606,0.427381,0.003592,0.072159
133.578006,0.425031,0.003637,0.073936
135.342565,0.425591,0.003585,0.073492
137.130158,0.425822,0.003757,0.071758
138.941254,0.425594,0.003719,0.071421
140.776393,0.425416,0.003896,0.072457
142.635990,0.424453,0.003796,0.074738
144.520251,0.421866,0.003944,0.075679
146.428819,0.423284,0.003857,0.075550
148.362907,0.424297,0.003753,0.077334
150.322370,0.420088,0.003955,0.074649
152.308023,0.419072,0.003983,0.075505
154.319702,0.417847,0.003834,0.075315
156.358108,0.419694,0.004027,0.075803
158.423462,0.419741,0.003801,0.077382
160.515974,0.420350,0.003729,0.077497
162.636321,0.421562,0.004121,0.078960
164.784364,0.420944,0.003934,0.080659
166.960879,0.419709,0.003947,0.079795
169.165794,0.418988,0.003961,0.079006
171.400689,0.418406,0.004001,0.080655
173.664387,0.417194,0.003858,0.078596
175.958210,0.416534,0.004092,0.078389
178.282396,0.416469,0.003970,0.078863
180.637350,0.417300,0.003904,0.079370
183.023217,0.413212,0.004163,0.078263
185.440693,0.412578,0.004198,0.079050
187.889611,0.411881,0.003907,0.081273
190.371420,0.411828,0.003992,0.083157
192.886029,0.412731,0.004149,0.083448
195.433946,0.411991,0.004136,0.081254
198.015295,0.409066,0.004134,0.080904
200.631218,0.410444,0.004145,0.080952
203.280799,0.410941,0.003804,0.080924
205.965741,0.412984,0.003936,0.079831
208.686311,0.415947,0.003856,0.080631
211.442713,0.413441,0.004043,0.082427
214.235840,0.410606,0.004110,0.083011
217.065005,0.409275,0.003884,0.084640
219.932657,0.408537,0.004235,0.085449
222.837286,0.407028,0.004165,0.083251
225.780759,0.405672,0.004081,0.083134
228.762834,0.404316,0.003910,0.082029
231.784840,0.403666,0.004236,0.078589
234.846260,0.405612,0.004332,0.083652
237.948255,0.406238,0.004022,0.082243
241.090937,0.407569,0.004113,0.083380
244.275555,0.405787,0.004364,0.083773
247.502100,0.402756,0.004219,0.080984
250.771193,0.403859,0.004175,0.081915
254.083621,0.401825,0.004260,0.079535
257.439400,0.404009,0.004076,0.081564
260.840015,0.403078,0.004014,0.080262
264.285247,0.404512,0.004148,0.082056
267.776275,0.403709,0.004158,0.080537
271.312897,0.403637,0.004045,0.083608
274.896686,0.404569,0.004314,0.084264
278.527589,0.403231,0.003931,0.085577
282.206768,0.401588,0.004389,0.084864
285.934409,0.400628,0.004334,0.087820
289.710940,0.397909,0.004620,0.085737
293.537657,0.396494,0.004738,0.084837
297.415079,0.394194,0.004905,0.084726
301.343459,0.396328,0.004819,0.085590
305.323378,0.396481,0.004364,0.085334
309.356557,0.396197,0.004717,0.082769
313.442664,0.394384,0.004429,0.083894
317.582845,0.392266,0.004448,0.086279
321.777782,0.392134,0.004562,0.085235
326.028165,0.391887,0.004994,0.085379
330.334362,0.391441,0.004823,0.085667
334.697419,0.389219,0.004308,0.086456
339.118276,0.390397,0.004474,0.085476
343.597102,0.391700,0.005432,0.084765
348.136314,0.388234,0.004808,0.086871
352.734674,0.391641,0.005260,0.088956
357.393799,0.389916,0.004464,0.088598
362.114562,0.389219,0.004803,0.087689
366.897274,0.389344,0.004255,0.088506
371.743660,0.388306,0.004894,0.088235
376.653881,0.388197,0.004508,0.089604
381.629156,0.386631,0.005201,0.088928
386.669611,0.386600,0.005240,0.088430
391.777162,0.383341,0.004965,0.087588
396.952138,0.382881,0.004948,0.089511
402.195047,0.381800,0.004819,0.088594
407.507340,0.383403,0.004968,0.090759
412.890166,0.379463,0.005268,0.092311
418.343962,0.379559,0.004751,0.088964
423.869497,0.380456,0.004520,0.087395
429.468777,0.379862,0.006706,0.090698
435.141390,0.375703,0.005652,0.090795
440.888865,0.378481,0.004890,0.092876
446.712210,0.376003,0.004612,0.092007
452.612874,0.374050,0.004596,0.092447
458.591309,0.379356,0.005082,0.092410
464.648533,0.380359,0.005240,0.092263
470.785693,0.380956,0.004858,0.092651
477.004400,0.376525,0.005349,0.091432
483.305132,0.375559,0.005152,0.095246
489.688628,0.373994,0.004738,0.093177
496.157496,0.370041,0.006216,0.096656
502.710861,0.371181,0.005573,0.097064
509.350936,0.369359,0.005399,0.096066
516.078689,0.371712,0.005216,0.093713
522.895478,0.370597,0.005470,0.097850
529.801903,0.369941,0.005429,0.097423
536.800334,0.369069,0.006496,0.092900
543.890432,0.372662,0.005586,0.096379
551.074552,0.370622,0.006282,0.094786
558.353589,0.367916,0.005221,0.095941
565.728723,0.367603,0.005907,0.094950
573.200913,0.367503,0.005175,0.093875
580.772696,0.366725,0.005467,0.095199
588.443827,0.367306,0.005610,0.098738
596.216487,0.367588,0.005268,0.096371
604.091372,0.369166,0.005058,0.096698
612.070668,0.373728,0.005105,0.097195
620.155426,0.372656,0.005364,0.097193
628.346825,0.370591,0.005041,0.095265
636.646263,0.371244,0.005000,0.095604
645.055810,0.369244,0.005916,0.093866
653.575874,0.370309,0.005218,0.094591
662.209169,0.368037,0.005936,0.094642
670.955430,0.367966,0.005087,0.095680
679.818200,0.369034,0.004926,0.095624
688.797301,0.368706,0.005217,0.096272
697.895958,0.368944,0.005756,0.098494
707.114169,0.370369,0.006792,0.097220
716.454409,0.367538,0.006410,0.098555
725.918669,0.366744,0.019404,0.100533
735.507600,0.364900,0.017455,0.097601
745.221172,0.365116,0.007621,0.096569
755.064824,0.361941,0.006054,0.099534
765.038335,0.362244,0.008100,0.096712
775.144085,0.360328,0.007974,0.097324
785.382211,0.363275,0.005935,0.094613
795.755947,0.366234,0.006316,0.092174
806.267060,0.364184,0.005209,0.093742
816.916538,0.362625,0.005651,0.092870
827.706694,0.364684,0.006074,0.090883
838.639901,0.367819,0.006092,0.096139
849.717369,0.367944,0.005612,0.094956
860.941034,0.366853,0.005792,0.096832
872.312908,0.367528,0.005773,0.093885
883.835218,0.366397,0.005431,0.093971
895.509379,0.366322,0.005545,0.097674
907.338018,0.363078,0.006245,0.098524
919.322834,0.364069,0.006228,0.096071
931.465788,0.364803,0.005922,0.097920
943.769796,0.363409,0.006415,0.098999
956.235125,0.363950,0.006502,0.097153
968.865808,0.361953,0.005966,0.096376
981.663337,0.364300,0.005853,0.096826
994.629729,0.359722,0.005537,0.095131
1007.767921,0.360850,0.005295,0.094019
1021.079179,0.359734,0.006196,0.098185
1034.566108,0.365031,0.007305,0.098020
1048.231967,0.364106,0.007344,0.097101
1062.078000,0.360403,0.009943,0.099145
1076.106120,0.359462,0.005226,0.099129
1090.320283,0.358106,0.006789,0.096222
1104.722084,0.358591,0.006290,0.097162
1119.314247,0.357219,0.006394,0.093209
1134.098720,0.359075,0.006290,0.097217
1149.078912,0.358700,0.005825,0.097179
1164.257088,0.357537,0.007308,0.099911
1179.635088,0.360931,0.006489,0.098709
1195.216847,0.358456,0.007076,0.097076
1211.003898,0.363191,0.007737,0.100786
1227.000065,0.363828,0.006295,0.104362
1243.207165,0.357003,0.006845,0.104039
1259.628508,0.359194,0.006887,0.104606
1276.266306,0.360806,0.005838,0.103211
1293.115959,0.360766,0.325873,0.102056
1310.205351,0.357323,0.007528,0.104294
1327.511403,0.359481,0.006099,0.102358
1345.045466,0.356373,0.006115,0.101207
1362.812301,0.357154,0.006902,0.099752
1380.813171,0.358283,0.005687,0.100803
1399.052593,0.356801,0.006572,0.099735
1417.531615,0.357692,0.005827,0.099479
1436.256803,0.352986,0.022742,0.101984
1455.204039,0.357361,0.648690,0.104117
1474.448850,0.357023,0.005796,0.100863
1493.924614,0.355855,0.007496,0.101451
1513.657734,0.355517,0.006673,0.098644
1533.650358,0.357260,0.005832,0.100902
1553.908630,0.354424,0.006325,0.099246
1574.433726,0.350554,0.006698,0.101189
1595.230184,0.354371,0.005937,0.098629
1616.301097,0.356415,0.006679,0.099400
1637.650378,0.352771,0.007088,0.102565
1659.281790,0.357595,0.006099,0.101781
1681.199582,0.356706,0.010501,0.104611
1703.401803,0.357877,0.096247,0.103535
1725.905332,0.357665,0.006738,0.101918
1748.702498,0.359940,0.006351,0.103429
1771.800553,0.354241,0.006597,0.099660
1795.204008,0.358235,0.005813,0.099805
1818.917060,0.357245,0.015846,0.101754
1842.942815,0.353498,0.014854,0.101909
1867.285033,0.358467,0.007922,0.098813
1891.949358,0.359843,0.006214,0.101290
1916.935360,0.359056,0.101328,0.102629
1942.246849,0.353338,0.276449,0.099535
1967.915223,0.353132,0.008549,0.097265
1993.908728,0.355425,0.005630,0.098374
2020.245891,0.355520,0.006051,0.099214
2046.931459,0.359039,0.007349,0.103737
2073.968955,0.355350,0.006544,0.104872
2101.363462,0.356714,0.006516,0.104170
2129.119755,0.352558,0.005797,0.100386
2157.242922,0.352155,0.005787,0.099311
2185.737407,0.355520,0.005488,0.098879
2214.608234,0.356172,0.005673,0.099969
2243.860516,0.355753,0.005775,0.100598
2273.499370,0.355964,0.006001,0.102473
2303.507333,0.355555,0.512258,0.097773
2333.956076,0.353892,0.005482,0.098078
2364.785376,0.359489,0.006333,0.097865
2396.021321,0.362652,0.006312,0.098683
2427.669372,0.356537,0.005537,0.096152
2459.736187,0.356004,0.006158,0.095103
2492.226059,0.363030,0.006022,0.096381
2525.145471,0.362838,0.006220,0.101233
2558.499880,0.358254,0.007126,0.099429
2592.294268,0.352317,0.006353,0.097603
2626.535753,0.357361,0.005965,0.099752
2661.228987,0.355887,0.005537,0.095779
2696.380985,0.354290,0.005981,0.101008
2731.996633,0.358172,0.008183,0.099960
2768.083520,0.353485,0.010905,0.100101
2804.611083,0.351556,1.000483,0.101642
2841.693023,0.349143,0.017652,0.099324
2879.227343,0.357453,0.006321,0.099500
2917.258956,0.359055,0.006614,0.099712
2955.791985,0.359823,0.005996,0.104715
2994.834857,0.356846,0.009823,0.102786
3034.392406,0.356887,0.005857,0.101245
3074.474378,0.354940,0.010603,0.101600
3115.058207,0.352509,0.711893,0.104564
3156.222104,0.353807,0.332066,0.101205
3197.920282,0.361061,0.006744,0.103982
3240.161389,0.358372,0.010015,0.105246
3282.959883,0.357669,0.008518,0.107481
3326.310837,0.359275,0.290308,0.106784
3370.166700,0.359352,1.857627,0.104188
3414.755021,0.357199,0.452144,0.099735
3459.883012,0.351774,0.006763,0.103118
3505.554422,0.355865,0.828248,0.103108
3551.888163,0.360045,0.006521,0.102704
3598.804168,0.355428,0.006046,0.099293
3646.340042,0.362997,0.006058,0.100237
3694.503808,0.365288,0.007468,0.102230
3743.231467,0.359786,1.652432,0.100855
3792.749100,0.360781,0.010624,0.101668
3842.846886,0.358230,0.008023,0.103918
3893.605636,0.355205,0.006230,0.098873
3945.035934,0.357974,0.007087,0.097057
3997.119385,0.359606,0.713740,0.100931
4049.942519,0.360401,0.009267,0.103873
4103.437439,0.356760,0.006074,0.100207
-nan,-nan,-nan,-nan
4212.556473,0.352734,0.006377,0.100403
4268.199183,0.354814,0.007781,0.101721
4324.577196,0.358821,0.006586,0.102715
4381.700015,0.353663,0.006681,0.101988
-nan,-nan,-nan,-nan
4498.218601,0.351612,0.008014,0.101052
4557.634529,0.350692,0.006735,0.103424
4617.835074,0.357115,0.005622,0.098441
4678.831451,0.357199,0.005790,0.098190
4740.633071,0.356840,0.005349,0.094499
4803.251527,0.356718,0.005576,0.096307
4866.696611,0.358333,0.005400,0.098822
4930.980326,0.361439,0.005789,0.097396
4996.112544,0.362119,0.005765,0.099567
5062.106140,0.360907,0.017278,0.099468
5128.970107,0.359958,0.007291,0.099814
5196.697757,0.355003,0.569353,0.105948
5265.360045,0.352904,0.006242,0.101271
5334.909035,0.354685,0.006024,0.107154
5405.377233,0.351258,0.007696,0.100751
5476.775787,0.351903,0.006594,0.099331
5549.117802,0.353540,0.007359,0.102437
5622.414861,0.357102,0.007529,0.099113
5696.539749,0.353675,2.768333,0.108418
5771.868044,0.353488,1.643563,0.104754
5848.167530,0.350048,0.007737,0.102617
5925.414825,0.348492,0.007489,0.103413
6003.682683,0.348843,0.007375,0.107347
6082.870496,0.348360,2.576580,0.106688
6163.333077,0.349703,0.007642,0.099583
6244.743624,0.355407,0.006633,0.108165
6327.134513,0.354064,1.860807,0.105444
6410.804193,0.358042,0.007235,0.104207
6495.483131,0.350858,0.007118,0.105832
6581.281096,0.349537,0.007358,0.106599
6668.212518,0.344091,0.009060,0.102352
6756.167626,0.354942,2.428910,0.106506
6845.533983,0.359260,0.010419,0.108433
6935.812140,0.352073,2.806299,0.104548
7027.571108,0.358191,0.008894,0.099370
7120.397022,0.358751,0.006235,0.100445
7214.449111,0.354232,0.006767,0.105092
7309.743382,0.354743,0.006036,0.101624
7406.240569,0.357609,2.199413,0.106151
7504.125011,0.360062,0.006483,0.104501
7603.245659,0.358255,0.006180,0.099890
7703.546380,0.357028,2.261158,0.105415
7805.432494,0.348543,0.006948,0.104288
7908.517066,0.356989,0.431964,0.105507
8012.995683,0.357655,0.013991,0.102287
8118.749523,0.358365,1.988629,0.106349
8226.078270,0.352208,0.014297,0.100221
8334.734754,0.347248,0.007236,0.105589
8444.827209,0.346943,0.006905,0.104578
8556.373597,0.347910,0.007572,0.100347
8669.392934,0.354987,0.008020,0.103234
8783.905686,0.346425,0.007452,0.103270
8899.930332,0.350239,0.005909,0.101907
9017.439940,0.357336,1.890765,0.106633
9136.598625,0.350918,0.007643,0.103921
9257.202937,0.357721,3.087005,0.105551
9379.406466,0.354649,3.479253,0.102981
9503.454144,0.353373,0.017308,0.106783
9628.959329,0.355332,0.904164,0.107277
9756.170410,0.346622,0.007617,0.105828
9885.038347,0.348576,0.011570,0.103950
10015.607400,0.352849,0.007270,0.103510
10147.901650,0.356049,0.007379,0.102146
10281.816446,0.355789,2.862578,0.104178
10417.756530,0.353899,0.006334,0.100604
10555.354566,0.349713,0.320378,0.111504
10694.786502,0.351679,0.006085,0.104335
10836.051876,0.356339,0.006230,0.104699
10979.012753,0.350416,3.326797,0.099474
11124.206160,0.355466,0.007805,0.102378
11271.143911,0.349897,0.007123,0.103263
11420.022701,0.351088,0.010625,0.105076
11570.867333,0.353125,0.006576,0.101509
11723.704700,0.351938,0.007668,0.100752
11878.561288,0.353204,0.006059,0.103537
12035.336616,0.351161,2.007966,0.101344
12194.437927,0.350438,0.016823,0.100630
12355.410358,0.355714,3.927667,0.098222
12518.625902,0.359233,1.693727,0.099867
12684.071375,0.355426,0.009804,0.102474
12851.532611,0.356286,3.112025,0.102378
13021.368508,0.348873,0.008422,0.103895
13193.364840,0.353323,0.007574,0.106481
13367.635860,0.349677,0.025564,0.106085
13544.003651,0.349730,5.511708,0.108420
13722.620306,0.350294,7.280368,0.106292
13904.328482,0.353283,1.777712,0.107294
14088.034727,0.349681,0.007228,0.102456
14273.924097,0.351799,3.427170,0.106326
14462.665926,0.348818,0.008972,0.108122
14653.467892,0.349407,5.916992,0.108415
14847.256264,0.353381,0.094705,0.114663
15043.257546,0.349953,4.476668,0.102933
15241.946489,0.355307,5.116908,0.108798
15443.295712,0.343884,4.384867,0.104807
15647.237468,0.350409,4.384835,0.107743
15853.631368,0.347341,7.770302,0.106612
16063.496501,0.350326,0.006413,0.099429
16275.677049,0.348970,0.008700,0.101932
16490.295409,0.349065,7.295987,0.104798
16708.481507,0.358013,0.006888,0.104436
16928.751659,0.348119,8.214926,0.102926
17152.796281,0.353797,0.008718,0.105351
17379.259773,0.353240,2.599623,0.104773
17608.295434,0.353140,10.791486,0.103604
17840.996207,0.357087,9.929822,0.100463
18077.136482,0.352662,1.297568,0.105330
18315.641894,0.353593,8.637936,0.108488
18557.247824,0.354934,12.280668,0.103816
18803.023336,0.351090,0.006413,0.103780
19051.148787,0.352698,4.911142,0.101532
19302.990432,0.349965,1.002571,0.100541
19557.997192,0.354333,0.260061,0.104710
19816.345054,0.352260,0.006482,0.100524
20078.096562,0.352799,0.007782,0.102335
20342.825240,0.349391,9.054024,0.107920
20611.735552,0.347726,6.110819,0.102459
20883.185842,0.347131,12.429436,0.105303
21159.897336,0.351340,5.112340,0.108000
21439.622808,0.347690,0.426505,0.104392
21722.729031,0.349584,3.667043,0.103000
22009.706788,0.348964,1.001796,0.107581
22300.280894,0.352509,4.055708,0.097405
22595.046022,0.356514,0.005910,0.101419
22892.425704,0.356664,14.664369,0.100254
23195.856237,0.358967,1.065967,0.099125
23501.416637,0.350346,11.526315,0.105527
23811.748780,0.353554,13.720048,0.104106
24127.264008,0.359459,0.005970,0.093695
24445.819487,0.365289,3.600888,0.103914
24768.859219,0.373170,0.007042,0.102330
25094.967208,0.359488,17.542029,0.103142
25427.496162,0.347355,0.760233,0.108317
25762.995307,0.347765,6.716639,0.108594
26103.330829,0.349118,6.750358,0.102298
26448.488253,0.356654,0.006650,0.100610
26797.725511,0.364436,4.254208,0.104956
27151.552371,0.357220,7.289466,0.100676
27510.243326,0.364903,4.655161,0.101066
27873.835004,0.359806,0.009148,0.104131
28241.095064,0.360019,15.351075,0.103154
28614.823115,0.356892,8.670380,0.100535
28992.897328,0.349124,3.475628,0.102679
29375.765165,0.352545,5.958937,0.100843
29764.019107,0.351997,0.008214,0.109195
30157.167363,0.350972,0.008119,0.105873
30554.661618,0.350105,15.428354,0.106643
30957.752573,0.348287,18.508206,0.110895
31367.050827,0.357455,14.468889,0.107462
31782.127329,0.352859,5.276151,0.107028
32200.147266,0.352907,23.745078,0.109217
32627.084997,0.342203,9.490143,0.101395
33058.042839,0.360855,10.452358,0.103194
33494.670429,0.354569,11.497743,0.098237
33937.609576,0.362099,0.006441,0.099806
34385.886058,0.355222,0.005459,0.099483
34839.560601,0.351896,13.250795,0.104505
35297.477148,0.350351,28.797320,0.106567
35766.557068,0.353195,0.009839,0.105125
36238.928070,0.349076,2.250654,0.100911
36716.377015,0.350368,23.003060,0.103811
37201.099173,0.349941,24.194659,0.103059
37693.159033,0.330633,18.591085,0.109090
38191.164240,0.343526,18.704725,0.110963
38696.434557,0.345176,0.006836,0.103243
39206.543509,0.357612,18.088403,0.103001
39725.252712,0.352685,4.043918,0.111023
40249.596631,0.348769,10.296977,0.110685
40780.659380,0.351980,18.529169,0.104253
41320.314712,0.348512,6.377996,0.108234
41866.123078,0.348208,4.802475,0.102653
42415.317104,0.350061,37.191241,0.108304
42978.289253,0.357242,26.951357,0.106122
43545.713426,0.348663,25.567787,0.100696
44121.897659,0.343898,11.350072,0.105467
44705.027225,0.349791,11.538704,0.101931
45294.230829,0.346111,27.256047,0.106457
45891.852613,0.353201,32.116790,0.103118
46500.272283,0.356245,3.726761,0.100426
47113.344896,0.347378,19.980850,0.097569
47736.768416,0.361896,3.797647,0.095322
48367.475656,0.352952,0.014875,0.103669
49005.811142,0.359779,18.572383,0.102520
49652.907493,0.352908,18.651751,0.100337
50309.117789,0.354046,8.291363,0.109775
50972.704609,0.348155,19.083617,0.109433
51644.766298,0.346956,29.962053,0.106055
52329.150073,0.352886,10.265331,0.107403
53018.522836,0.357365,23.803229,0.106195
53718.239050,0.352055,39.698575,0.103686
54425.656692,0.350155,48.750838,0.105639
55149.693687,0.352124,0.005777,0.100069
55877.099283,0.351729,25.268340,0.103186
56614.112024,0.354161,35.871693,0.111655
57363.457358,0.343139,11.086940,0.105088
58120.292132,0.342341,25.228037,0.112199
58888.246194,0.352500,24.179982,0.110387
59666.764257,0.352406,10.068176,0.107259
60454.322757,0.348084,22.096658,0.110423
61250.484985,0.347507,46.407174,0.107847
62060.008033,0.356769,37.444348,0.105752
62882.934218,0.353625,0.004883,0.097191
63713.518409,0.353140,0.870716,0.102074
64553.266779,0.344185,31.422971,0.108631
65406.705080,0.359830,20.994230,0.100002
66270.115811,0.356857,31.245375,0.098321
67145.051463,0.354452,34.114175,0.101978
68030.049946,0.356807,48.551791,0.109451
68930.752443,0.345068,37.733342,0.103218
69840.036689,0.345213,40.411220,0.109961
70765.738480,0.346673,1.453532,0.105774
71699.329496,0.351781,17.902616,0.105612
72647.447113,0.354135,2.945213,0.102664
73598.594865,0.344358,83.106265,0.112271
74574.983333,0.351148,53.856477,0.103134
75559.194458,0.352293,61.310668,0.103097
76562.642812,0.351992,1.161955,0.102591
77571.580917,0.349585,38.309591,0.108851
78591.869681,0.347059,74.240463,0.103458
79634.846792,0.350578,36.985873,0.104438
80687.866347,0.355634,16.515022,0.108770
81748.180735,0.354422,57.299781,0.119107
82832.715861,0.350267,35.137416,0.106380
83923.565219,0.354073,55.649466,0.112992
85033.826696,0.344978,40.891846,0.104138
86157.936446,0.343810,28.545230,0.103363
87295.793608,0.353007,53.507944,0.112085
88449.111809,0.342887,40.149783,0.108008
89613.311199,0.338072,66.680964,0.113719
90798.180424,0.353215,78.383498,0.103320
91997.745202,0.348942,67.187002,0.109095
93215.771930,0.350659,52.177126,0.098840
94449.219840,0.341322,7.525544,0.101253
95695.847392,0.364561,40.902475,0.099391
96955.202640,0.349716,64.664579,0.103777
98230.883571,0.342529,87.477689,0.115815
99528.687190,0.343118,89.808452,0.116751
100846.450122,0.353603,93.858033,0.112429
102174.891999,0.355067,100.020970,0.110630
103533.198430,0.356239,47.189806,0.107865
104892.352702,0.351834,117.599364,0.103708
106287.177279,0.342617,33.003114,0.109129
107677.606916,0.346378,125.134558,0.113178
109094.535389,0.334038,142.048117,0.119635
110550.240266,0.348775,89.372064,0.105771
112007.058508,0.354036,104.124202,0.111093
113487.819931,0.352732,108.300998,0.103291
114993.828725,0.360475,54.742931,0.102669
116504.684864,0.369193,104.633860,0.104371
118042.260731,0.353633,117.298583,0.107870
119605.141365,0.358152,88.796938,0.110442
121192.028827,0.355430,37.561600,0.103321
122786.818494,0.348218,90.283545,0.116905
124397.360827,0.343899,167.511068,0.110223
126057.261606,0.361338,41.015069,0.105026
127725.363939,0.355976,0.004784,0.102631
129400.618137,0.350954,104.812831,0.111663
131121.857012,0.348404,0.007564,0.107321
132842.033064,0.358863,126.511119,0.107541
134605.428052,0.350418,48.188129,0.101453
136385.192995,0.348092,19.330752,0.106378
138182.491448,0.349747,77.244425,0.104387
140002.855748,0.341238,93.862627,0.110939
141860.179630,0.342571,69.059062,0.096704
143711.362023,0.352622,194.146246,0.111297
145618.424023,0.357331,146.999982,0.106808
147551.102013,0.348227,86.812136,0.108218
149499.213620,0.345916,101.753663,0.109125
151450.522840,0.323336,203.286484,0.120218
153472.657436,0.338428,118.199966,0.112341
155502.788943,0.343909,94.353210,0.114138
157552.073330,0.364190,147.793300,0.099041
159642.745785,0.350391,61.830501,0.104642
161754.713996,0.352670,14.593981,0.100555
163886.794513,0.351230,69.817440,0.110619
166001.426398,0.327229,305.954139,0.115652
168248.518573,0.352789,38.229006,0.109398
170471.171969,0.350187,18.493079,0.105333
172684.718150,0.359718,264.453256,0.122509
174986.720411,0.342882,150.280781,0.111904
177309.196469,0.359089,64.569510,0.108240
179651.102537,0.353899,71.281641,0.110813
182008.875496,0.338234,206.892763,0.114210
184409.842947,0.347125,179.082740,0.114382
186867.597986,0.338964,53.300671,0.114208
189294.004555,0.341239,302.943025,0.122257
191815.751596,0.341060,179.415224,0.102386
194365.345248,0.338961,136.621584,0.113322
196916.739666,0.343345,211.087644,0.113099
199516.164352,0.344953,232.083062,0.106831
202171.791016,0.363393,141.468130,0.106975
204803.665847,0.327482,257.820263,0.122845
207544.354405,0.360644,147.997708,0.109075
210287.416833,0.354962,113.938442,0.108870
213040.746685,0.361468,289.823517,0.109966
215887.864469,0.371359,52.606316,0.094878
218715.924256,0.342281,265.106213,0.113492
221632.721293,0.338525,0.005524,0.111120
224492.259105,0.352694,356.003635,0.124122
227518.742353,0.343464,111.475270,0.109511
230508.134306,0.346980,229.041561,0.114770
233511.658018,0.344587,405.915676,0.109658
236627.271427,0.331433,217.692563,0.116875
239748.483618,0.327492,293.487728,0.119690
242915.211618,0.315666,299.642169,0.114508
246164.622468,0.361592,-nan,0.107153
249391.272095,0.344076,219.203350,0.106773
252577.495577,0.343210,571.466852,0.139335
256004.309084,0.349121,336.636901,0.127409
259363.007736,0.327067,329.511866,0.123860
262807.660019,0.331630,342.626083,0.120316
266254.243254,0.353340,489.635238,0.105554
269811.245530,0.340711,307.039927,0.110787
273380.896744,0.351794,235.601631,0.111170
276995.060696,0.325206,234.479985,0.109160
280657.769195,0.371681,260.102886,0.108983
284366.419308,0.351489,179.122233,0.115556
288100.828777,0.347814,398.429472,0.101324
291928.604480,0.357544,183.973854,0.115453
295807.866219,0.338575,10.678529,0.104762
299561.839778,0.328037,683.816957,0.137285
303633.642275,0.325962,272.976617,0.120207
307677.073114,0.360175,91.562836,0.112233
311750.454697,0.354520,0.003906,0.104803
315769.565399,0.346995,461.512419,0.127201
320029.439218,0.340159,152.620070,0.100301
324039.288147,0.353351,821.689655,0.138227
328473.367108,0.330233,350.453229,0.136833
332846.231151,0.349475,280.835382,0.106336
337264.210930,0.367753,171.134898,0.125558
341657.952218,0.329387,602.345282,0.104974
346149.112732,0.353940,584.477639,0.112063
350808.306675,0.346610,191.619573,0.108014
355464.956940,0.369236,0.011719,0.099452
360160.236463,0.351979,0.007812,0.120122
364874.256626,0.352500,295.247538,0.121963
369712.095833,0.363893,301.546984,0.096438
374545.382026,0.363489,507.180525,0.125339
379565.843150,0.358083,31.961855,0.121197
384478.456688,0.330458,513.044166,0.108623
389607.400675,0.376200,361.892589,0.108452
394742.946532,0.345246,515.486352,0.114464
399787.262525,0.328750,1028.816262,0.125619
404891.190428,0.325273,1278.304345,0.137363
410644.358998,0.325354,104.849582,0.117792
416087.274314,0.364010,0.000000,0.103046
421272.794931,0.329323,1129.248556,0.141249
426991.323358,0.299382,796.792400,0.114888
432794.109314,0.369294,0.012353,0.087971
438510.818429,0.366882,-nan,0.083222
444136.266488,0.354941,874.739325,0.106153
450171.767653,0.330671,0.017469,0.105156
456102.262792,0.375915,141.726618,0.104026
462129.121049,0.363457,85.966360,0.090923
468124.945428,0.335696,758.391101,0.116200
474432.171941,0.356623,0.007812,0.130919
480519.193754,0.345325,736.985197,0.127698
487025.777028,0.345347,133.517373,0.100441
