0.000000,0.995000,0.000000,0.000000
1.002850,0.846247,0.001693,0.026153
1.015960,0.844733,0.001773,0.026425
1.029355,0.843457,0.001750,0.026596
1.042697,0.842113,0.001655,0.026688
1.056158,0.840683,0.001657,0.026668
1.069778,0.839440,0.001767,0.026654
1.083988,0.838053,0.001738,0.026716
1.097965,0.836710,0.001704,0.026650
1.112286,0.835483,0.001734,0.026649
1.126870,0.834103,0.001751,0.026603
1.141519,0.833000,0.001712,0.026492
1.156364,0.831687,0.001770,0.026588
1.171391,0.830233,0.001718,0.026657
1.186719,0.828757,0.001744,0.026471
1.202024,0.827347,0.001775,0.026516
1.217865,0.826430,0.001728,0.026877
1.233613,0.824883,0.001788,0.027025
1.249796,0.823430,0.001741,0.027156
1.265976,0.822107,0.001773,0.027122
1.282547,0.820647,0.001776,0.027758
1.299078,0.819027,0.001786,0.027741
1.316079,0.817780,0.001767,0.027929
1.333213,0.816300,0.001760,0.027805
1.350551,0.814857,0.001781,0.027956
1.368088,0.813660,0.001793,0.028025
1.385923,0.812150,0.001796,0.028322
1.403971,0.810663,0.001797,0.028290
1.422354,0.808820,0.001800,0.028281
1.440855,0.807700,0.001786,0.028157
1.459666,0.805973,0.001775,0.028313
1.478705,0.804760,0.001769,0.028118
1.497959,0.803247,0.001765,0.028160
1.517513,0.801550,0.001788,0.028085
1.537187,0.800223,0.001771,0.028244
1.557242,0.798980,0.001799,0.028207
1.577430,0.797203,0.001780,0.028745
1.598067,0.795897,0.001877,0.028818
1.618964,0.794180,0.001810,0.029115
1.640066,0.793060,0.001832,0.029222
1.661383,0.791823,0.001793,0.029454
1.683043,0.790423,0.001826,0.029563
1.704897,0.789487,0.001854,0.029607
1.727348,0.788167,0.001861,0.029953
1.749685,0.786710,0.001794,0.030258
1.772497,0.785023,0.001895,0.030164
1.795571,0.784363,0.001816,0.030610
1.818983,0.782413,0.001948,0.031221
1.842705,0.780833,0.001830,0.031581
1.866754,0.779357,0.001833,0.031888
1.891074,0.777893,0.001881,0.032005
1.915675,0.776527,0.001933,0.032136
1.940754,0.775117,0.001925,0.032235
1.965970,0.773950,0.001894,0.032188
1.991581,0.772883,0.001863,0.032023
2.017587,0.771663,0.001860,0.031870
2.043806,0.770880,0.001913,0.031900
2.070671,0.769453,0.001882,0.031974
2.097548,0.767697,0.001891,0.032001
2.124831,0.766410,0.001919,0.031937
2.152524,0.764570,0.001926,0.032095
2.180579,0.763107,0.001897,0.032166
2.209107,0.761403,0.001854,0.032073
2.237576,0.759903,0.001908,0.032243
2.267268,0.758153,0.001939,0.032482
2.296441,0.756533,0.001948,0.032960
2.326623,0.755233,0.001886,0.032849
2.356824,0.753573,0.001962,0.032941
2.387475,0.751607,0.001891,0.033176
2.418686,0.750193,0.001983,0.032747
2.450211,0.748267,0.001901,0.032721
2.482225,0.746467,0.001917,0.033050
2.514619,0.745203,0.001906,0.033149
2.547427,0.743457,0.002011,0.033752
2.580524,0.741847,0.001938,0.034084
2.614075,0.740917,0.001933,0.034483
2.648230,0.739647,0.001937,0.034348
2.682808,0.738363,0.001958,0.034659
2.717801,0.737447,0.001973,0.035147
2.753309,0.736400,0.002011,0.035459
2.789124,0.734607,0.002011,0.036121
2.825461,0.733490,0.001973,0.036166
2.862244,0.732027,0.002022,0.036356
2.899493,0.730563,0.001981,0.036521
2.937442,0.729110,0.001980,0.036897
2.975888,0.727773,0.002033,0.036758
3.014558,0.726400,0.001993,0.036733
3.053750,0.725257,0.002006,0.036676
3.093595,0.723200,0.002049,0.036747
3.133995,0.721847,0.002085,0.036396
3.174833,0.720610,0.002030,0.035995
3.216281,0.719477,0.002023,0.036358
3.258149,0.717963,0.002037,0.036431
3.300936,0.717037,0.001981,0.036856
3.343847,0.715670,0.001986,0.037008
3.387367,0.714150,0.002010,0.037035
3.431462,0.712647,0.001982,0.036951
3.476453,0.711100,0.002046,0.037443
3.521744,0.709480,0.002058,0.037720
3.567615,0.708247,0.002036,0.037931
3.614066,0.707207,0.002043,0.037980
3.661119,0.705583,0.002121,0.037976
3.708957,0.703853,0.002105,0.037970
3.757253,0.702133,0.002106,0.038631
3.806327,0.701237,0.002130,0.038483
3.856018,0.699767,0.002040,0.039342
3.906231,0.698367,0.002050,0.039244
3.957072,0.696840,0.002159,0.039875
4.008917,0.695300,0.002093,0.040177
4.061123,0.694350,0.002164,0.040213
4.114180,0.692997,0.002077,0.039865
4.167647,0.692383,0.002118,0.040065
4.222009,0.691187,0.002097,0.039969
4.277204,0.689690,0.002121,0.040123
4.332967,0.688200,0.002194,0.039969
4.389512,0.687423,0.002152,0.040368
4.446764,0.686483,0.002124,0.040508
4.504787,0.685610,0.002108,0.040891
4.563476,0.684637,0.002027,0.040953
4.622965,0.682973,0.002192,0.040472
4.683310,0.680987,0.002149,0.040168
4.744336,0.679753,0.002098,0.039762
4.806365,0.678633,0.002163,0.039551
4.868958,0.677957,0.002115,0.039921
4.932290,0.676583,0.002152,0.040203
4.996821,0.675810,0.002136,0.040582
5.061928,0.674833,0.002177,0.040300
5.128008,0.674280,0.002197,0.039809
5.194918,0.672257,0.002149,0.039220
5.262784,0.670613,0.002148,0.040233
5.331420,0.669773,0.002201,0.040518
5.400959,0.668273,0.002186,0.040924
5.471327,0.666660,0.002243,0.040707
5.542724,0.665537,0.002220,0.040619
5.615030,0.664440,0.002114,0.040859
5.688191,0.663127,0.002157,0.040835
5.762580,0.662033,0.002276,0.042147
5.837640,0.662087,0.002176,0.042797
5.913659,0.660900,0.002233,0.042995
5.990973,0.658963,0.002149,0.042897
6.069152,0.657640,0.002240,0.043148
6.148268,0.657030,0.002215,0.043166
6.228331,0.655440,0.002172,0.043359
6.309491,0.654657,0.002218,0.043407
6.392022,0.652720,0.002301,0.043189
6.475417,0.650607,0.002296,0.043343
6.559904,0.649413,0.002260,0.043291
6.645584,0.647550,0.002318,0.044231
6.732349,0.646597,0.002233,0.043707
6.819934,0.645670,0.002279,0.043609
6.909031,0.643833,0.002242,0.043991
6.999138,0.641767,0.002211,0.044008
7.090534,0.640657,0.002256,0.043268
7.183157,0.639160,0.002266,0.043550
7.276624,0.638807,0.002194,0.043163
7.371698,0.637690,0.002232,0.043355
7.467684,0.636460,0.002216,0.043494
7.565407,0.634910,0.002304,0.044552
7.663927,0.632360,0.002361,0.044552
7.764017,0.631040,0.002350,0.044256
7.865245,0.630533,0.002416,0.043904
7.967909,0.629697,0.002310,0.045367
8.071754,0.627987,0.002308,0.045359
8.177221,0.626847,0.002282,0.046180
8.283884,0.625737,0.002411,0.046409
8.392131,0.624713,0.002300,0.046727
8.501366,0.623630,0.002347,0.046705
8.612265,0.622753,0.002346,0.046277
8.724754,0.621037,0.002399,0.046924
8.838611,0.620427,0.002314,0.048080
8.953872,0.618810,0.002361,0.047541
9.070528,0.618853,0.002349,0.048468
9.188940,0.617690,0.002378,0.048036
9.308973,0.618113,0.002364,0.048028
9.430472,0.616840,0.002485,0.048462
9.553405,0.615120,0.002397,0.048584
9.677958,0.613520,0.002452,0.048902
9.804137,0.611667,0.002359,0.048469
9.932261,0.609800,0.002296,0.047727
10.061947,0.609063,0.002431,0.048061
10.193129,0.608323,0.002399,0.047917
10.326234,0.608350,0.002410,0.047955
10.460895,0.607303,0.002403,0.047807
10.597561,0.607463,0.002400,0.048588
10.735529,0.605850,0.002459,0.049002
10.875843,0.604513,0.002470,0.048693
11.017640,0.603777,0.002519,0.049314
11.161409,0.601710,0.002496,0.049695
11.307024,0.600083,0.002433,0.049615
11.454542,0.599547,0.002389,0.050176
11.604175,0.598387,0.002431,0.050523
11.755453,0.597937,0.002492,0.050294
11.908640,0.596303,0.002493,0.049843
12.064191,0.594890,0.002497,0.050959
12.221689,0.594200,0.002487,0.051221
12.381163,0.593570,0.002471,0.050787
12.542655,0.591497,0.002537,0.051454
12.706422,0.590507,0.002553,0.052091
12.872235,0.588550,0.002583,0.052690
13.040153,0.588483,0.002458,0.053704
13.210429,0.588070,0.002498,0.052577
13.382816,0.586590,0.002521,0.051950
13.557382,0.585090,0.002390,0.051611
13.734043,0.584943,0.002381,0.051230
13.913572,0.583997,0.002610,0.052005
14.094976,0.582603,0.002488,0.051955
14.278813,0.580547,0.002586,0.051777
14.465287,0.580220,0.002585,0.053083
14.654141,0.580447,0.002464,0.053264
14.845135,0.578570,0.002518,0.052537
15.038861,0.578363,0.002469,0.052692
15.235323,0.576857,0.002534,0.052268
15.434063,0.575780,0.002628,0.053020
15.635552,0.573450,0.002605,0.054921
15.839415,0.570967,0.002603,0.054020
16.046409,0.569203,0.002659,0.054410
16.255646,0.566437,0.002657,0.054489
16.467760,0.565810,0.002545,0.054067
16.682841,0.563853,0.002624,0.054612
16.900456,0.563257,0.002703,0.054466
17.120825,0.562890,0.002628,0.055128
17.344410,0.561597,0.002705,0.055271
17.570746,0.560233,0.002600,0.055179
17.800054,0.558583,0.002686,0.054642
18.032169,0.557457,0.002690,0.053401
18.267612,0.557467,0.002610,0.053159
18.506023,0.556573,0.002649,0.053136
18.747325,0.556690,0.002673,0.054242
18.992094,0.555927,0.002641,0.053590
19.239901,0.554620,0.002702,0.053180
19.491179,0.553860,0.002726,0.053047
19.745515,0.552673,0.002724,0.054207
20.002802,0.552003,0.002706,0.054876
20.264202,0.550830,0.002710,0.055783
20.528806,0.550930,0.002656,0.056732
20.796483,0.549353,0.002647,0.056325
21.067839,0.547780,0.002705,0.055174
21.342733,0.547433,0.002718,0.054864
21.621134,0.546977,0.002587,0.054662
21.903354,0.547103,0.002733,0.055569
22.189578,0.545327,0.002724,0.054672
22.478871,0.544483,0.002771,0.055051
22.772287,0.542103,0.002815,0.056476
23.069292,0.540027,0.002803,0.056262
23.370801,0.540973,0.002796,0.055860
23.675386,0.538390,0.002707,0.057262
23.984446,0.538100,0.002787,0.056300
24.297796,0.538863,0.002826,0.058081
24.614507,0.536993,0.002697,0.058307
24.935728,0.535793,0.002821,0.057672
25.261327,0.533543,0.002794,0.057566
25.590968,0.533583,0.002770,0.055997
25.924877,0.531333,0.002799,0.056574
26.263151,0.530237,0.002874,0.057160
26.606055,0.529357,0.002887,0.058066
26.953395,0.526487,0.002954,0.056517
27.305149,0.524500,0.002824,0.056037
27.661322,0.524827,0.002885,0.055894
28.022340,0.525190,0.002774,0.057171
28.388078,0.523540,0.002839,0.056593
28.758617,0.522253,0.002809,0.056164
29.134002,0.521200,0.002795,0.058402
29.514114,0.520197,0.002832,0.058622
29.899188,0.520843,0.002899,0.058111
30.289506,0.520360,0.002868,0.058791
30.684836,0.518477,0.002963,0.058419
31.085241,0.518277,0.002851,0.058748
31.491090,0.516983,0.002933,0.057743
31.901748,0.515907,0.002981,0.057448
32.318266,0.515917,0.003016,0.058300
32.739950,0.514453,0.002897,0.059291
33.167509,0.513337,0.002863,0.059079
33.600434,0.511927,0.003082,0.059573
34.038684,0.510677,0.002900,0.060835
34.483019,0.510083,0.003093,0.061331
34.932808,0.509283,0.003022,0.061547
35.388862,0.508920,0.002926,0.062266
35.850530,0.506373,0.003115,0.063615
36.318662,0.505910,0.002950,0.062723
36.792710,0.505660,0.003029,0.062879
37.272951,0.505257,0.002956,0.063440
37.759537,0.504060,0.003090,0.063030
38.252247,0.503007,0.003127,0.063204
38.751388,0.504270,0.003032,0.064428
39.257251,0.503657,0.003091,0.063929
39.769368,0.505073,0.003039,0.063717
40.288539,0.502917,0.003060,0.062296
40.814273,0.501223,0.003009,0.062879
41.347110,0.499627,0.003069,0.062976
41.886591,0.498463,0.003148,0.062214
42.433356,0.496993,0.003083,0.060990
42.987064,0.496353,0.002958,0.061538
43.548242,0.495740,0.002922,0.062538
44.116499,0.495663,0.002950,0.061628
44.692359,0.493590,0.003083,0.062439
45.275497,0.492860,0.003080,0.063678
45.866609,0.492550,0.003110,0.062586
46.465115,0.492337,0.003022,0.061504
47.071379,0.491210,0.003221,0.061909
47.685903,0.491303,0.003156,0.062080
48.308321,0.489463,0.003035,0.062771
48.938854,0.487583,0.003246,0.063446
49.577500,0.486020,0.003132,0.064792
50.224764,0.483853,0.003072,0.062805
50.880272,0.484757,0.003100,0.063639
51.544255,0.484787,0.003223,0.063888
52.216741,0.484583,0.003125,0.063532
52.898479,0.484260,0.003235,0.062551
53.588801,0.483550,0.003130,0.063152
54.287724,0.483067,0.003098,0.064092
54.996830,0.482010,0.003195,0.064644
55.714449,0.480217,0.003166,0.065446
56.441767,0.479460,0.003194,0.066452
57.178415,0.478653,0.003275,0.065866
57.924552,0.477323,0.003144,0.065667
58.680561,0.476367,0.003165,0.065018
59.446306,0.478080,0.003173,0.065532
60.222217,0.477947,0.003095,0.065587
61.008268,0.474527,0.003182,0.065511
61.804386,0.472420,0.003204,0.065294
62.611373,0.471560,0.003259,0.066114
63.428621,0.470670,0.003350,0.067137
64.256237,0.469140,0.003451,0.067728
65.094963,0.467380,0.003379,0.066676
65.944619,0.466233,0.003199,0.066022
66.805278,0.467153,0.003252,0.067324
67.677397,0.467480,0.003241,0.066485
68.560684,0.466393,0.003425,0.067156
69.455698,0.466713,0.003310,0.067737
70.361803,0.465200,0.003365,0.067401
71.280169,0.462937,0.003151,0.068456
72.210626,0.464403,0.003344,0.067371
73.153016,0.462347,0.003408,0.068820
74.107848,0.460363,0.003402,0.068196
75.075100,0.458670,0.003298,0.068453
76.055124,0.458420,0.003453,0.070696
77.047389,0.457140,0.003568,0.070778
78.053273,0.456897,0.003549,0.070498
79.071919,0.454533,0.003436,0.069747
80.104088,0.454717,0.003419,0.071004
81.149624,0.454460,0.003357,0.070976
82.208594,0.455217,0.003453,0.072801
83.281700,0.455817,0.003425,0.071899
84.368624,0.456053,0.003410,0.071870
85.469638,0.454597,0.003511,0.071588
86.585296,0.453753,0.003427,0.072694
87.715493,0.450677,0.003634,0.072908
88.860421,0.450577,0.003607,0.074483
90.020358,0.450663,0.003670,0.073687
91.195009,0.449907,0.003508,0.074906
92.385195,0.447560,0.003596,0.073362
93.591261,0.447710,0.003703,0.073645
94.812664,0.444890,0.003620,0.071631
96.050232,0.444590,0.003548,0.072398
97.304013,0.441640,0.003636,0.072054
98.573989,0.439740,0.003693,0.072504
99.860557,0.439467,0.003705,0.073472
101.163879,0.438643,0.003578,0.071233
102.484425,0.437537,0.003607,0.073417
103.822182,0.438667,0.003697,0.074735
105.177064,0.439090,0.003743,0.076496
106.549904,0.438613,0.003588,0.076256
107.940372,0.436947,0.003724,0.075259
109.349100,0.437363,0.003682,0.074666
110.776446,0.435430,0.003718,0.075429
112.222358,0.435177,0.003816,0.076118
113.687103,0.435053,0.003669,0.075533
115.170853,0.433313,0.003579,0.076099
116.673895,0.435370,0.003618,0.076782
118.197004,0.432513,0.003865,0.076811
119.740005,0.432047,0.003749,0.079483
121.302771,0.431070,0.003682,0.077944
122.885782,0.430373,0.003813,0.077408
124.489810,0.428100,0.003806,0.079315
126.114631,0.428190,0.003932,0.079172
127.760996,0.429713,0.003655,0.079959
129.428096,0.425677,0.003876,0.080842
131.117453,0.424537,0.003693,0.079002
132.828964,0.424653,0.003879,0.079277
134.562666,0.423560,0.003850,0.076623
136.318653,0.424567,0.003963,0.078183
138.097975,0.423820,0.003925,0.076736
139.900738,0.420493,0.003798,0.077545
141.726868,0.417857,0.003951,0.076354
143.576745,0.420077,0.003847,0.076462
145.450331,0.417840,0.003867,0.075540
147.349260,0.418853,0.003761,0.077009
149.272145,0.419817,0.003910,0.079000
151.220797,0.418440,0.003908,0.080073
153.194396,0.417047,0.003935,0.078552
155.193897,0.415970,0.003886,0.077274
157.219438,0.416937,0.004079,0.079271
159.271617,0.418400,0.003915,0.080320
161.350273,0.417320,0.003975,0.080319
163.456463,0.416987,0.003980,0.081046
165.589669,0.416310,0.003958,0.079414
167.750961,0.416433,0.004001,0.080061
169.940532,0.414960,0.003816,0.079839
172.159075,0.413813,0.004183,0.081952
174.405534,0.413750,0.004016,0.080846
176.682052,0.412480,0.003997,0.083531
178.988292,0.411980,0.004146,0.082193
181.324504,0.412857,0.004132,0.080103
183.690901,0.413197,0.004076,0.080466
186.089102,0.412520,0.004179,0.080509
188.517744,0.411487,0.004232,0.079112
190.978192,0.411523,0.004144,0.080865
193.470793,0.411940,0.004143,0.082169
195.996188,0.410803,0.004271,0.082608
198.554376,0.411467,0.003951,0.080440
201.146159,0.408600,0.004188,0.082221
203.771627,0.406563,0.004115,0.081337
206.431224,0.406327,0.004111,0.082412
209.125451,0.407280,0.004076,0.081711
211.855056,0.408100,0.004183,0.082881
214.620532,0.406537,0.004491,0.085823
217.421607,0.405003,0.004129,0.085320
220.259240,0.402580,0.004340,0.085650
223.134218,0.400947,0.003990,0.084048
226.046766,0.398880,0.004227,0.084402
228.997113,0.400190,0.003992,0.085571
231.986001,0.400273,0.004210,0.086439
235.014021,0.400190,0.004358,0.089077
238.081693,0.398757,0.004207,0.088907
241.189047,0.398557,0.004299,0.089122
244.337437,0.395390,0.004505,0.088641
247.526422,0.393263,0.004451,0.087842
250.756992,0.394673,0.004442,0.085325
254.030366,0.392770,0.004380,0.086891
257.346262,0.391347,0.004708,0.087192
260.704993,0.389853,0.004343,0.085878
264.107792,0.391627,0.004590,0.086951
267.555004,0.391230,0.004488,0.089335
271.047056,0.393427,0.004800,0.088305
274.584589,0.394070,0.004501,0.087320
278.168779,0.392817,0.005253,0.088520
281.799910,0.394360,0.004594,0.087772
285.477845,0.393973,0.004470,0.087285
289.203948,0.390177,0.004280,0.085606
292.978715,0.390637,0.004440,0.085417
296.803165,0.389930,0.004586,0.087230
300.677111,0.389560,0.004662,0.087893
304.601229,0.389207,0.004434,0.086088
308.577167,0.387700,0.004492,0.088183
312.604843,0.389367,0.004589,0.086956
316.685316,0.389337,0.004415,0.089537
320.818153,0.389573,0.004306,0.089885
325.005950,0.389093,0.004601,0.091259
329.247915,0.390030,0.004377,0.086478
333.545700,0.387183,0.004838,0.088168
337.899282,0.387557,0.004624,0.088997
342.309571,0.387850,0.004365,0.089250
346.777699,0.384930,0.004834,0.085968
351.304064,0.388237,0.004914,0.086220
355.889415,0.386837,0.004764,0.088648
360.534345,0.385903,0.004438,0.085851
365.240720,0.386947,0.004769,0.088352
370.007947,0.387963,0.005046,0.089890
374.837121,0.387980,0.004802,0.091150
379.729826,0.384943,0.004771,0.092178
384.685986,0.384367,0.006152,0.093890
389.707142,0.383330,0.005093,0.093917
394.793935,0.382777,0.004875,0.093362
399.946916,0.382790,0.005062,0.093404
405.166995,0.381903,0.004657,0.094248
410.455524,0.381237,0.005159,0.092860
415.813120,0.381900,0.007808,0.093049
421.241192,0.382113,0.013650,0.096119
426.739158,0.379917,0.007713,0.095219
432.308947,0.377197,0.009141,0.093244
437.951602,0.377247,0.006244,0.093675
443.667762,0.376503,0.006410,0.095187
449.459258,0.374790,0.005494,0.094394
455.325393,0.378283,0.005769,0.096056
461.268464,0.378537,0.005041,0.095638
467.289152,0.378070,0.005629,0.096167
473.388199,0.378027,0.006318,0.097529
479.567117,0.374060,0.005403,0.094780
485.827054,0.372777,0.005594,0.097548
492.168165,0.375387,0.005037,0.099513
498.592140,0.372997,0.005746,0.099415
505.100218,0.368443,0.007234,0.100348
511.693514,0.366207,0.007674,0.100128
518.372319,0.367070,0.010960,0.098241
525.138237,0.368147,0.008236,0.098793
531.992028,0.369690,0.005277,0.096917
538.936278,0.368700,0.006059,0.096737
545.970599,0.371073,0.007200,0.097259
553.096925,0.368243,0.008338,0.095621
560.316415,0.368233,0.007995,0.096842
567.629490,0.367977,0.006728,0.094087
575.038409,0.369500,0.005110,0.097247
582.544422,0.372670,0.008329,0.095574
590.148032,0.372620,0.005425,0.096874
597.850532,0.371980,0.005559,0.093710
605.654087,0.373360,0.005583,0.095400
613.559785,0.370070,0.006722,0.094723
621.567929,0.374510,0.005980,0.096818
629.681066,0.371993,0.007585,0.096080
637.899938,0.373277,0.006590,0.097159
646.226238,0.370637,0.006270,0.094467
654.661542,0.368017,0.007538,0.099119
663.205976,0.368853,0.005750,0.100316
671.862920,0.366817,0.006106,0.099852
680.632653,0.363657,0.011881,0.098071
689.517006,0.362057,0.014946,0.096198
698.516555,0.361100,0.007450,0.096378
707.634310,0.360313,0.007864,0.097109
716.869820,0.357647,0.005490,0.099566
726.227242,0.357623,0.006729,0.099136
735.706144,0.360323,0.006092,0.100797
745.309493,0.361293,0.010447,0.100372
755.037099,0.365203,0.005905,0.098732
764.892243,0.364987,0.005303,0.100311
774.875998,0.364857,0.007393,0.101582
784.990156,0.362743,0.009967,0.099811
795.236478,0.366000,0.009901,0.102960
805.615902,0.363983,0.006375,0.098857
816.132040,0.360953,0.015456,0.096960
826.773239,0.359977,0.301481,0.097636
837.575674,0.359783,0.006456,0.097221
848.508103,0.362176,0.005682,0.098478
859.583324,0.361629,0.006895,0.098267
870.803260,0.361749,0.009066,0.096737
882.169460,0.359533,0.006116,0.097878
893.684337,0.360631,0.015083,0.098014
905.341726,0.363344,0.161821,0.100945
917.165339,0.362318,0.006046,0.097775
929.137542,0.357555,0.006524,0.099071
941.265319,0.359793,0.012025,0.099291
953.550418,0.358756,0.005254,0.102235
965.997331,0.358304,0.006062,0.100354
978.606233,0.360890,0.007061,0.102327
991.378784,0.367167,0.006347,0.100305
1004.319080,0.365559,0.005563,0.101761
1017.428130,0.362612,0.008521,0.100696
1030.708045,0.364351,0.005616,0.098240
1044.161382,0.366084,0.005798,0.098342
1057.790429,0.367619,0.006327,0.102664
1071.597336,0.361612,0.005778,0.101646
1085.584198,0.361114,0.006102,0.100116
1099.754196,0.359140,0.007018,0.097314
1114.108263,0.360431,0.005787,0.096105
1128.651182,0.360398,0.008280,0.099711
1143.382462,0.355920,0.006152,0.095588
1158.306349,0.356635,0.005548,0.096252
1173.425864,0.351398,0.007437,0.097373
1188.741619,0.355525,0.007360,0.099915
1204.258213,0.357251,0.006124,0.097585
1219.976590,0.357642,0.005926,0.099781
1235.900757,0.356381,0.005908,0.096995
1252.032468,0.354696,0.008086,0.101237
1268.374709,0.357428,0.007024,0.103921
1284.930287,0.355753,0.006483,0.100456
1301.701842,0.363759,0.007739,0.100909
1318.692223,0.359829,0.007035,0.100930
1335.905026,0.360010,0.007282,0.103745
1353.341790,0.360853,0.007963,0.103820
1371.006148,0.360161,0.006125,0.103085
1388.901517,0.360625,0.006657,0.105362
1407.030116,0.363144,0.007654,0.102229
1425.395938,0.358308,0.008471,0.104047
1444.000912,0.355040,0.011716,0.105738
1462.848274,0.354933,0.006062,0.100820
1481.942460,0.357913,0.005650,0.101964
1501.286343,0.355552,0.009455,0.103384
1520.872079,0.360709,0.379191,0.103879
1540.733056,0.357386,0.006550,0.102298
1560.843466,0.353685,0.006672,0.100543
1581.216346,0.358651,0.006043,0.099293
1601.855768,0.357955,0.006593,0.094300
1622.763619,0.355813,0.006241,0.094112
1643.945118,0.358059,0.007000,0.096313
1665.402993,0.359829,0.006812,0.096158
1687.132475,0.360663,0.324913,0.099971
1709.162667,0.360211,0.007469,0.095414
1731.471147,0.358744,0.005929,0.094408
1754.071425,0.359749,0.006182,0.099875
1776.962117,0.358218,0.165280,0.100293
1800.161080,0.358445,0.007492,0.099085
1823.657613,0.361196,0.005962,0.100537
1847.461172,0.358130,0.006031,0.099415
1871.575255,0.356357,0.005873,0.101209
1896.004420,0.358100,0.006495,0.103418
1920.752201,0.359534,0.006696,0.100804
1945.823102,0.362192,0.007957,0.100208
1971.193246,0.357021,0.742804,0.104357
1996.950542,0.360020,0.009344,0.102318
2023.016058,0.359101,0.006438,0.103997
2049.421710,0.357409,0.005748,0.101109
2076.172319,0.355896,0.006665,0.106243
2103.271686,0.352574,0.007191,0.103280
2130.725302,0.353487,0.008398,0.104610
2158.536125,0.354070,0.006583,0.102404
2186.710776,0.353896,0.005804,0.100360
2215.253199,0.352044,0.005962,0.096428
2244.167873,0.354050,0.006243,0.100012
2273.431498,0.354352,0.770637,0.100128
2303.134829,0.355262,0.006022,0.099425
2333.197322,0.352853,0.007789,0.101937
2363.651296,0.353653,0.007655,0.098394
2394.503221,0.353763,0.007864,0.100303
2425.757400,0.353065,0.007686,0.097819
2457.420195,0.348516,0.006591,0.102447
2489.495984,0.349166,0.006007,0.099550
2521.990383,0.352594,0.007027,0.104466
2554.869391,0.346921,1.090046,0.104822
2588.257454,0.350024,0.008124,0.104446
2622.041470,0.351405,0.010035,0.105240
2656.266153,0.349828,0.015607,0.104111
2690.906264,0.350027,0.826566,0.102712
2726.060161,0.354342,0.007177,0.105831
2761.635272,0.352004,0.289228,0.104973
2797.689395,0.354173,0.007083,0.105696
2834.206473,0.354038,0.007987,0.105185
2871.200274,0.355679,0.006493,0.107020
2908.676841,0.357073,0.006495,0.101783
2946.643176,0.356678,0.006536,0.104084
2985.103820,0.358170,0.006505,0.100905
3024.068805,0.355685,0.026125,0.105622
3063.491170,0.359453,1.314758,0.105351
3103.511476,0.363252,0.342762,0.109475
3144.035859,0.364028,0.006783,0.107845
3185.073477,0.357744,0.005575,0.104893
3226.647522,0.362473,0.006469,0.103105
3268.737467,0.361619,0.499975,0.104296
3311.429470,0.361063,0.006292,0.104043
3354.652619,0.355340,0.006248,0.100031
3398.440086,0.357181,0.007864,0.098726
3442.798609,0.354412,0.007341,0.102419
3487.735709,0.354171,0.007574,0.100025
3533.212576,0.355557,1.226939,0.104599
3579.378634,0.354078,0.006509,0.101339
3626.099380,0.347587,0.008201,0.100973
3673.428970,0.356133,0.006071,0.104293
3721.377397,0.350140,0.010036,0.104012
-nan,-nan,-nan,-nan
3819.158699,0.350827,0.006625,0.104461
3869.008830,0.346804,0.006991,0.102235
3919.359100,0.349299,2.353649,0.107600
3970.669309,0.352850,0.007493,0.102200
-nan,-nan,-nan,-nan
4075.002016,0.347485,0.009557,0.107794
4128.190641,0.346947,0.009200,0.107918
4182.075033,0.344521,0.009022,0.106861
4236.662447,0.344771,0.009066,0.101921
4291.961500,0.347546,0.006885,0.101367
4347.982431,0.353682,0.006098,0.098926
4404.735511,0.352218,0.006832,0.105608
4462.228218,0.352707,0.005819,0.099105
4520.472422,0.352070,0.007240,0.103661
4579.477231,0.354103,0.014253,0.107326
4639.224230,0.355411,1.012199,0.103740
4699.805816,0.350925,0.007719,0.102870
4761.150980,0.346832,0.010204,0.104966
4823.296477,0.350247,0.007465,0.111207
4886.095678,0.344849,2.394797,0.102830
4950.031301,0.352419,0.006985,0.101765
5014.632405,0.352485,0.370626,0.103905
5080.096691,0.354769,0.006695,0.101115
5146.404701,0.354043,0.005854,0.103634
5213.579434,0.357497,0.005898,0.104896
5281.578437,0.353409,1.156131,0.105226
5350.523688,0.352788,1.746261,0.104178
5420.408254,0.358874,0.006521,0.104735
5491.159091,0.357345,0.006104,0.099884
5562.788350,0.350304,1.721812,0.094296
5635.443130,0.355401,0.005842,0.098057
5709.000872,0.354547,0.006399,0.100016
5783.518249,0.356424,0.005901,0.098520
5858.917409,0.357778,1.993761,0.098377
5935.483540,0.363037,0.005752,0.097512
6012.956689,0.359221,0.035939,0.101633
6091.442707,0.359602,0.006156,0.100041
6170.951951,0.356826,0.006446,0.102328
6251.499579,0.355010,0.007278,0.106465
6333.098273,0.345800,0.007799,0.104942
6415.762185,0.347003,0.008380,0.107678
6499.406721,0.349265,2.639616,0.101295
6584.340240,0.355042,0.006758,0.103126
6670.182115,0.353126,2.221239,0.107622
6757.296435,0.348620,1.134622,0.103311
6845.549754,0.352453,0.006402,0.101004
6934.902243,0.351477,0.006365,0.101901
7025.418942,0.348840,0.049992,0.102933
7117.121952,0.352969,0.011991,0.107392
7210.019147,0.354121,0.009156,0.104921
7304.080885,0.354372,1.816307,0.111601
7399.466685,0.349246,0.006836,0.100582
7496.023617,0.349955,0.980730,0.103217
7593.893005,0.352900,0.006878,0.107387
7693.013252,0.350814,0.005621,0.105502
7793.427380,0.351695,0.006466,0.104413
7895.115914,0.347456,0.688013,0.104601
7998.204971,0.348914,0.006775,0.107770
8102.602857,0.352267,0.008847,0.104592
8208.237329,0.348994,2.741889,0.106194
8315.430556,0.350474,2.784588,0.102962
8424.003855,0.347962,1.484916,0.097356
8533.999277,0.350826,0.006223,0.101955
8645.390623,0.346195,0.006170,0.097638
8758.236506,0.349420,0.007206,0.102460
8872.554002,0.353034,0.006295,0.101627
8988.365030,0.351818,0.010158,0.104676
9105.420523,0.352493,3.986570,0.107665
9224.452644,0.359011,1.903679,0.105985
9344.864688,0.354972,3.006916,0.100850
9466.917946,0.361254,0.110072,0.095953
9590.388563,0.359869,2.182606,0.097419
9715.670945,0.354606,0.007398,0.102727
9842.486267,0.357200,0.006891,0.099526
9970.956558,0.358916,0.006363,0.096303
10101.104311,0.359794,0.007837,0.099153
10232.922363,0.355928,1.049309,0.099105
10366.460454,0.359762,2.124697,0.101446
10501.828812,0.358954,0.017488,0.095001
10638.904881,0.356730,0.006639,0.098179
10777.770703,0.355342,0.006939,0.102593
10918.432766,0.352587,0.620141,0.099760
11060.964880,0.348013,0.008739,0.104929
11205.243569,0.349320,3.564654,0.101391
11351.580660,0.353443,0.674800,0.107306
11499.654392,0.344922,2.977419,0.103146
11649.869602,0.349696,0.007191,0.104974
11801.931546,0.345157,0.006927,0.098507
11955.814558,0.344775,4.327677,0.105974
12112.035805,0.353559,0.018102,0.102931
12270.129593,0.352639,0.006897,0.103192
12430.287142,0.353509,0.008501,0.107789
12592.535322,0.352636,0.006623,0.101606
12756.901371,0.355579,0.007065,0.105137
12923.413654,0.350519,0.010172,0.101642
13092.098561,0.351871,0.008770,0.107864
13262.984363,0.349163,0.007483,0.106651
13436.103240,0.341828,0.029891,0.104052
13611.007330,0.352160,8.804328,0.103532
13789.144717,0.346176,0.008152,0.104974
13968.775308,0.347819,6.729555,0.107188
14151.368482,0.353590,3.564136,0.106416
14335.813400,0.346969,6.781460,0.104628
14523.303250,0.345502,0.007551,0.103849
14712.871788,0.347386,0.012438,0.104915
14904.845006,0.347235,2.524619,0.107567
15099.461513,0.348717,0.006797,0.105108
15296.549331,0.351651,0.007308,0.102414
15496.210066,0.348270,0.006272,0.107388
15698.477242,0.349451,0.006695,0.107358
15903.238916,0.348595,3.810719,0.103425
16110.965479,0.343640,0.008875,0.103643
16320.900041,0.346140,7.799669,0.106826
16534.121655,0.348619,3.646223,0.103773
16750.108057,0.357293,0.006171,0.105204
16968.741592,0.359204,0.007405,0.103007
17190.229387,0.351537,0.006735,0.103469
17414.607172,0.359346,0.006441,0.107426
17641.897349,0.358172,0.303680,0.104012
17872.016101,0.361680,4.490114,0.103761
18105.467501,0.353456,0.006469,0.098424
18341.792300,0.349307,0.006108,0.105260
18581.201284,0.352923,0.008728,0.106034
18823.331449,0.353182,7.634257,0.106843
19069.101938,0.357917,6.564252,0.101902
19318.342484,0.354908,0.011650,0.106860
19570.497790,0.351490,0.007242,0.101375
19825.370352,0.358558,7.803629,0.105285
20084.726529,0.357469,0.010600,0.107640
20346.685417,0.360788,6.760725,0.099957
20612.466312,0.359099,0.008008,0.105523
20881.104137,0.357435,7.509323,0.102118
21153.512624,0.361948,10.251701,0.103816
21429.896875,0.361279,6.180928,0.107624
21709.809632,0.357773,1.847194,0.099938
21993.282843,0.357159,0.006074,0.100678
22280.061482,0.352815,6.143898,0.105862
22571.171102,0.350853,0.005741,0.097945
22865.785369,0.349023,0.007046,0.103152
23163.732104,0.352382,10.147645,0.099663
23465.747037,0.349160,14.612144,0.106166
23772.638104,0.352640,5.514703,0.102666
24082.869866,0.345997,6.511782,0.108719
24396.450150,0.350441,17.600762,0.106153
24714.014370,0.356654,23.928262,0.104337
25038.612743,0.351438,0.006079,0.102948
25365.434188,0.339608,0.007682,0.100487
25695.961005,0.341127,8.501469,0.106548
26031.118703,0.350224,13.210322,0.102897
26371.515238,0.360237,5.046319,0.105020
26715.935160,0.354483,0.007477,0.104644
27064.649524,0.350882,0.009284,0.108237
27417.914758,0.357793,0.008192,0.110322
27775.791127,0.354468,0.007493,0.107636
28137.714367,0.352700,12.930333,0.104340
28505.299180,0.355771,5.538997,0.104717
28877.694215,0.353478,0.013750,0.101483
29254.624751,0.355962,0.007805,0.103303
29636.227552,0.353533,8.856476,0.104146
30022.838702,0.348391,9.746345,0.101619
30414.981047,0.352716,7.609191,0.095586
30812.193400,0.357038,0.007843,0.108674
31214.374401,0.353704,0.006432,0.102092
31621.619421,0.351885,4.123210,0.101786
32033.914212,0.356575,11.377293,0.106644
32452.467327,0.362950,7.932552,0.102002
32875.098513,0.354182,20.015078,0.100709
33304.292017,0.354312,14.477987,0.104992
33739.102556,0.347828,20.970848,0.100295
34179.028452,0.346748,21.724406,0.103520
34626.068303,0.357000,14.102979,0.103740
35078.370308,0.356297,9.729268,0.104750
35536.501213,0.354555,0.540576,0.096058
35999.365027,0.349174,20.219182,0.102553
36469.877805,0.346230,5.905357,0.110771
36944.305472,0.347765,26.051507,0.108423
37428.545057,0.346890,0.007904,0.107883
37914.728403,0.346277,28.022341,0.109332
38412.006814,0.345697,0.007612,0.110596
38913.099210,0.349299,7.002667,0.101923
39421.308088,0.354730,0.006713,0.105086
39934.042568,0.352677,26.486301,0.105967
40456.153402,0.350973,19.935797,0.103712
40984.764547,0.364292,9.151225,0.106377
41520.169047,0.354030,0.005393,0.098699
42061.428869,0.358035,13.716335,0.100893
42610.572152,0.359781,14.370604,0.105202
43166.872308,0.343066,7.592391,0.100166
43730.380089,0.352082,7.885865,0.098680
44300.915357,0.355829,17.589411,0.104287
44879.648428,0.360247,5.828198,0.109628
45464.394453,0.359398,24.908134,0.109853
46057.777995,0.360475,22.490071,0.110507
46659.849736,0.346101,14.603021,0.105500
47269.318897,0.349867,0.008344,0.102205
47886.308821,0.359630,0.004883,0.102525
48510.155068,0.352698,22.067863,0.105933
49142.811126,0.354823,24.382968,0.102004
49785.476490,0.356046,16.962733,0.098510
50435.498673,0.355948,12.335600,0.100076
51094.185161,0.357798,0.005980,0.108359
51760.035972,0.362084,25.490493,0.100221
52435.706487,0.350785,21.431463,0.108588
53114.310871,0.345171,61.566642,0.110726
53814.135446,0.347620,7.659555,0.103191
54516.023737,0.353202,20.483999,0.103620
55228.137454,0.354991,13.657973,0.100195
55945.532330,0.343121,39.725585,0.109560
56678.077332,0.354941,28.636216,0.108206
57419.535955,0.349028,0.007627,0.108896
58168.626763,0.353946,12.789524,0.104507
58925.215105,0.353174,41.582414,0.107938
59697.035913,0.353939,6.824215,0.107337
60476.342247,0.347870,8.180325,0.107384
61265.409487,0.352902,10.280574,0.104667
62061.231787,0.353444,55.714364,0.108371
62872.109662,0.344540,53.317677,0.109783
63693.635238,0.353936,40.314063,0.110586
64525.729482,0.342655,41.556203,0.100429
65364.810650,0.351441,62.641153,0.105357
66222.035864,0.347750,21.842260,0.103676
67087.663529,0.354845,4.488167,0.098347
67961.673975,0.356108,38.402704,0.110369
68845.976808,0.351103,53.673726,0.108661
69749.002451,0.360599,10.335514,0.104627
70657.223258,0.339774,42.248119,0.107862
71580.253718,0.353391,26.226978,0.112762
72515.011229,0.345962,21.596653,0.100345
73458.588917,0.350852,51.487219,0.107873
74417.125180,0.350326,46.014114,0.108454
75391.706889,0.348105,22.429944,0.105322
76375.587246,0.353952,29.478258,0.105368
77370.069038,0.346435,49.415699,0.103588
78382.777299,0.357785,29.960297,0.101625
79403.358153,0.347037,48.306834,0.114784
80443.088933,0.350152,11.628104,0.114660
81486.407423,0.350751,75.527435,0.114011
82555.174330,0.347281,35.037590,0.100560
83632.429875,0.356028,46.328593,0.111810
84724.394789,0.347025,35.288553,0.108114
85825.291314,0.348862,79.983649,0.104310
86952.054355,0.360511,15.926955,0.106001
88086.460623,0.351479,22.245988,0.109402
89230.924623,0.341327,67.611552,0.115451
90401.311040,0.345521,14.604134,0.106315
91576.120723,0.347539,68.858940,0.100713
92773.966681,0.352832,44.465599,0.106625
93988.873358,0.354756,0.610487,0.106567
95207.870277,0.349750,87.398593,0.104271
96456.065056,0.352735,32.331343,0.099835
97712.734340,0.347134,71.210644,0.100640
98986.943492,0.355759,78.432603,0.114327
100279.181090,0.343938,65.491093,0.110308
101592.766163,0.363219,40.139439,0.105935
102918.339071,0.353028,38.619676,0.107702
104258.672655,0.351420,58.146563,0.107671
105615.508981,0.354928,98.739009,0.111072
106999.583437,0.348171,50.343973,0.103950
108394.187697,0.358063,74.676615,0.105903
109805.403180,0.346951,85.108684,0.108523
111238.902187,0.343572,107.060472,0.110039
112696.348348,0.356606,63.034323,0.110843
114168.128107,0.339108,51.954396,0.108463
115660.745733,0.345758,21.854107,0.111353
117155.452636,0.342029,123.556240,0.116485
118693.448665,0.352996,75.039491,0.102484
120240.598124,0.356437,91.714617,0.107837
121806.523732,0.334447,123.791250,0.104217
123405.157316,0.339107,75.688444,0.101738
125000.601870,0.340576,162.509648,0.103484
126639.180891,0.346075,119.718848,0.102169
128304.012683,0.343691,38.550907,0.109843
129979.819823,0.345683,9.481141,0.097385
131664.697867,0.345546,114.110181,0.108069
133384.250276,0.339099,123.745696,0.113159
135124.329446,0.335141,123.094455,0.115446
136892.772892,0.340452,98.687492,0.104501
138664.702000,0.339551,168.579788,0.110504
140489.471114,0.352198,92.850111,0.111141
142320.085112,0.350841,113.068465,0.113616
144178.207994,0.339372,112.342381,0.100566
146063.284688,0.344687,106.464940,0.108738
147967.183545,0.351323,126.349700,0.100024
149905.719196,0.343789,64.888502,0.102069
151847.028589,0.350901,161.150231,0.113731
153834.284111,0.344905,146.715864,0.109850
155841.956748,0.360257,123.727329,0.106960
157887.619968,0.354746,59.451611,0.104610
159942.733256,0.350337,99.246444,0.104639
162022.751983,0.338195,154.391713,0.112842
164149.575103,0.348167,69.705159,0.113801
166290.835418,0.341848,82.286872,0.109954
168445.118322,0.337940,178.610889,0.111208
170653.543728,0.347588,160.600143,0.107639
172890.636911,0.340512,65.702966,0.100919
175151.408218,0.352847,-nan,0.103689
177426.587881,0.344600,94.467258,0.111583
179741.023964,0.347944,132.003691,0.113243
182088.360475,0.351728,135.066063,0.099687
184462.510477,0.351068,138.463111,0.106284
186875.091541,0.354618,99.612333,0.111854
189296.838972,0.340368,206.736287,0.115975
191778.388130,0.343793,166.562068,0.110620
194270.882114,0.344843,224.724140,0.103892
196817.101997,0.343700,139.239170,0.118343
199338.200120,0.351110,331.850149,0.122085
201973.450646,0.338602,203.722929,0.121270
204621.009963,0.342610,198.976245,0.105820
207287.747004,0.340706,214.364524,0.120905
210008.003796,0.351264,133.318426,0.097860
212734.755483,0.323318,206.307008,0.107105
215523.320672,0.348009,161.385581,0.112693
218339.993061,0.335565,167.118609,0.118215
221177.097979,0.363248,227.243780,0.108697
224089.391036,0.367395,7.916508,0.099466
227013.750406,0.349789,20.194408,0.101935
229969.795288,0.350100,66.935230,0.115361
232964.171838,0.337696,89.696104,0.117791
235993.722731,0.341152,199.752928,0.115009
239080.295415,0.342567,131.515639,0.113576
242198.228324,0.338912,208.596933,0.113105
245363.876984,0.350770,215.955221,0.101008
248574.553990,0.348636,136.124399,0.105301
251809.736921,0.339310,225.785669,0.119376
255008.850989,0.350219,555.739383,0.126898
258403.754955,0.348833,314.065982,0.123765
261818.217335,0.355031,34.756790,0.101906
265210.417945,0.333797,198.287962,0.112814
268652.039850,0.323847,355.757346,0.114222
272208.959177,0.355748,0.009568,0.106011
275762.011106,0.358223,0.000000,0.097266
279344.774776,0.356013,167.710843,0.105719
282990.641934,0.361380,136.344511,0.119115
286599.666657,0.348179,477.462737,0.131138
290397.428320,0.340743,337.438398,0.125573
294224.453755,0.362985,168.831826,0.112492
298006.149105,0.326316,457.977810,0.115175
301956.230840,0.337500,74.313574,0.105545
305878.462188,0.358814,268.283171,0.118810
309790.787439,0.340940,516.491398,0.123327
313861.642230,0.346038,403.317217,0.124384
318006.899517,0.356786,315.189820,0.114540
322168.096013,0.343688,201.493542,0.125163
326372.076304,0.327581,206.986905,0.109582
330660.837165,0.372042,-nan,0.100405
334838.741517,0.327817,628.535067,0.128072
339236.029332,0.335792,569.905918,0.123030
343774.439493,0.345777,25.727202,0.104071
348256.806554,0.348617,90.119138,0.106982
352810.243386,0.332742,18.711216,0.115661
357339.136542,0.344081,508.886331,0.126607
362068.787307,0.333475,107.247389,0.114390
366713.787328,0.356676,613.186451,0.103614
371419.082933,0.337663,755.436179,0.119527
376400.181014,0.325250,333.380490,0.109038
381343.837246,0.323535,115.031635,0.115646
386187.094449,0.341396,735.396137,0.117274
391380.389355,0.340374,0.009568,0.101326
396472.385272,0.362347,114.737746,0.110920
401583.725001,0.331181,418.651513,0.128888
406806.917184,0.328696,507.991757,0.129502
412205.903733,0.341031,80.255556,0.103115
417564.298486,0.333047,273.354285,0.104825
