0.000000,0.995000,0.000000,0.000000
1.003006,0.847588,0.001696,0.027330
1.015296,0.846200,0.001716,0.027496
1.027771,0.844833,0.001736,0.027844
1.040573,0.843438,0.001755,0.027865
1.053414,0.842392,0.001665,0.027902
1.066107,0.841450,0.001692,0.027762
1.079468,0.840329,0.001780,0.027510
1.092834,0.838617,0.001706,0.027350
1.106080,0.836992,0.001678,0.027368
1.119670,0.835692,0.001745,0.027274
1.133709,0.834442,0.001763,0.027414
1.147505,0.832867,0.001711,0.027283
1.161698,0.831108,0.001760,0.027191
1.176124,0.830133,0.001729,0.027330
1.190540,0.828742,0.001734,0.027570
1.205086,0.827238,0.001781,0.027985
1.220144,0.825771,0.001741,0.028478
1.235150,0.824317,0.001799,0.028564
1.250251,0.823317,0.001769,0.028444
1.265716,0.822596,0.001765,0.028966
1.281314,0.821000,0.001738,0.029047
1.297097,0.819729,0.001796,0.029766
1.313049,0.818433,0.001739,0.029739
1.329313,0.817250,0.001732,0.029898
1.345671,0.816267,0.001851,0.030117
1.362041,0.814987,0.001802,0.030159
1.379085,0.813804,0.001672,0.030002
1.396291,0.812383,0.001812,0.030135
1.413225,0.810958,0.001856,0.030290
1.430557,0.809183,0.001742,0.030502
1.448324,0.807987,0.001816,0.030665
1.466108,0.806579,0.001813,0.030661
1.484141,0.804779,0.001751,0.030309
1.502610,0.803462,0.001740,0.030319
1.521095,0.802704,0.001755,0.030485
1.539729,0.801437,0.001773,0.030595
1.558789,0.800125,0.001798,0.030787
1.577934,0.798483,0.001809,0.031081
1.597504,0.797079,0.001734,0.030961
1.617005,0.795933,0.001733,0.031573
1.636885,0.794287,0.001840,0.031914
1.657228,0.793212,0.001873,0.031685
1.677860,0.791733,0.001891,0.032105
1.698448,0.790383,0.001804,0.032215
1.719383,0.789225,0.001811,0.032390
1.740286,0.787871,0.001832,0.032346
1.762176,0.786212,0.001908,0.032292
1.783742,0.784542,0.001792,0.032789
1.805626,0.782804,0.001838,0.032757
1.828079,0.781983,0.001880,0.032662
1.850656,0.780662,0.001850,0.033531
1.873414,0.779387,0.001829,0.033579
1.896361,0.777971,0.001858,0.033809
1.920023,0.776429,0.001860,0.034556
1.943598,0.774971,0.001853,0.034772
1.967507,0.773492,0.001939,0.034641
1.991819,0.772175,0.001799,0.034854
2.016410,0.770721,0.001895,0.035324
2.041217,0.769058,0.001884,0.034777
2.066437,0.767892,0.001951,0.034931
2.091813,0.766512,0.001922,0.034824
2.117829,0.765312,0.001917,0.034552
2.143767,0.764221,0.001913,0.034377
2.170385,0.763237,0.001842,0.033230
2.196843,0.761833,0.001815,0.033086
2.224029,0.759829,0.001918,0.033318
2.251616,0.758192,0.001942,0.033689
2.279243,0.757596,0.001912,0.033346
2.307475,0.756304,0.001895,0.033545
2.335880,0.755137,0.001915,0.033859
2.364828,0.753854,0.001946,0.034227
2.393903,0.752629,0.001902,0.034422
2.423313,0.751821,0.001950,0.034960
2.453393,0.751333,0.001893,0.034750
2.483759,0.749175,0.001944,0.035145
2.514225,0.747954,0.001979,0.035318
2.545289,0.746050,0.001917,0.035689
2.576436,0.744708,0.002026,0.035284
2.608467,0.743642,0.001923,0.035164
2.640451,0.741638,0.001915,0.035311
2.673191,0.740567,0.001914,0.036077
2.706252,0.738642,0.002037,0.036294
2.739588,0.737571,0.002119,0.036151
2.773259,0.736242,0.002020,0.036766
2.807520,0.734975,0.001970,0.036876
2.842112,0.734771,0.002010,0.037527
2.877239,0.733954,0.002048,0.037158
2.912791,0.732371,0.002016,0.036461
2.948761,0.730604,0.002011,0.037360
2.985133,0.729533,0.001951,0.037433
3.021726,0.727883,0.001983,0.037929
3.059333,0.727158,0.002027,0.037634
3.097089,0.725546,0.001980,0.038102
3.135189,0.724600,0.001993,0.037612
3.173768,0.723917,0.001922,0.037894
3.213097,0.722704,0.002078,0.037452
3.252493,0.721413,0.002064,0.037368
3.292792,0.719808,0.002035,0.037343
3.333496,0.718467,0.002012,0.037212
3.374641,0.716896,0.002009,0.037859
3.416219,0.715858,0.002097,0.037442
3.458402,0.714329,0.002052,0.037368
3.501116,0.713067,0.001990,0.038309
3.544390,0.711888,0.002000,0.039302
3.587878,0.710483,0.001979,0.039501
3.632194,0.709733,0.002052,0.039062
3.677254,0.707971,0.002053,0.039346
3.722487,0.706617,0.001983,0.039100
3.768457,0.705325,0.002089,0.038728
3.814929,0.704813,0.002037,0.039489
3.861856,0.703325,0.002089,0.040322
3.909928,0.702204,0.002027,0.040023
3.957962,0.700683,0.002047,0.040369
4.006657,0.699546,0.002125,0.040293
4.056014,0.698142,0.002062,0.039699
4.106235,0.697250,0.002115,0.039945
4.156829,0.696079,0.002090,0.039113
4.208302,0.694313,0.002142,0.039783
4.260114,0.693100,0.001990,0.039621
4.312767,0.691663,0.002086,0.040367
4.365738,0.690046,0.002076,0.041000
4.419691,0.688929,0.002061,0.040822
4.474314,0.687713,0.002136,0.040586
4.529609,0.686400,0.002059,0.041673
4.585497,0.684267,0.002033,0.041739
4.642277,0.682321,0.002224,0.041123
4.699408,0.681438,0.002142,0.041773
4.757378,0.679658,0.002166,0.042028
4.816220,0.678425,0.002156,0.041842
4.875532,0.678271,0.002204,0.042338
4.935826,0.677433,0.002183,0.042831
4.996592,0.676321,0.002134,0.042676
5.058363,0.675237,0.002211,0.042546
5.120958,0.673287,0.002160,0.042312
5.183870,0.672896,0.002143,0.042804
5.248053,0.671721,0.002129,0.042665
5.312660,0.671133,0.002147,0.043036
5.378342,0.669133,0.002183,0.042532
5.444842,0.667275,0.002283,0.043367
5.512109,0.667096,0.002198,0.044353
5.579957,0.666262,0.002205,0.044753
5.648983,0.664508,0.002185,0.045116
5.718468,0.663350,0.002186,0.045220
5.789144,0.662825,0.002254,0.044442
5.860609,0.660462,0.002243,0.044781
5.932962,0.659625,0.002127,0.044913
6.006343,0.658033,0.002206,0.046003
6.080271,0.657350,0.002212,0.045415
6.155587,0.656258,0.002175,0.045499
6.231385,0.655333,0.002198,0.046077
6.308215,0.653925,0.002276,0.046842
6.386388,0.652862,0.002185,0.046458
6.464954,0.652033,0.002338,0.046332
6.544862,0.651671,0.002192,0.046645
6.625653,0.651387,0.002266,0.046845
6.707390,0.650800,0.002307,0.047372
6.790213,0.650408,0.002222,0.047567
6.874240,0.648437,0.002300,0.047889
6.958878,0.647625,0.002238,0.048118
7.044785,0.646192,0.002287,0.047917
7.131902,0.644754,0.002259,0.046992
7.219753,0.643842,0.002275,0.046371
7.308844,0.643162,0.002217,0.046133
7.399106,0.641296,0.002277,0.046134
7.490478,0.640196,0.002151,0.046043
7.582950,0.638825,0.002272,0.047131
7.676701,0.637533,0.002258,0.047360
7.771266,0.636550,0.002317,0.047320
7.867344,0.635221,0.002406,0.047836
7.964358,0.633150,0.002299,0.047553
8.062787,0.631187,0.002273,0.047075
8.162356,0.630154,0.002261,0.047623
8.263007,0.628800,0.002288,0.047619
8.365085,0.627604,0.002315,0.048500
8.468260,0.626158,0.002336,0.048311
8.572885,0.625150,0.002338,0.048418
8.678794,0.623904,0.002418,0.048563
8.785815,0.622142,0.002423,0.047361
8.894205,0.621954,0.002431,0.047651
9.004259,0.620629,0.002380,0.047739
9.115494,0.619017,0.002413,0.047209
9.227794,0.618358,0.002268,0.046261
9.341895,0.616571,0.002279,0.046006
9.457083,0.614929,0.002392,0.045925
9.573893,0.613788,0.002395,0.046240
9.692041,0.612346,0.002416,0.047519
9.811625,0.610796,0.002338,0.047480
9.932872,0.609958,0.002380,0.048575
10.055348,0.609329,0.002334,0.048228
10.179800,0.609321,0.002458,0.048484
10.305219,0.609083,0.002477,0.049223
10.432711,0.608463,0.002534,0.048516
10.561377,0.607167,0.002457,0.048921
10.691836,0.605438,0.002396,0.049083
10.823839,0.604621,0.002348,0.049210
10.957773,0.603171,0.002403,0.049929
11.092777,0.601804,0.002466,0.050008
11.229518,0.600525,0.002495,0.049643
11.368575,0.599746,0.002469,0.050867
11.508707,0.599121,0.002576,0.050647
11.650817,0.598163,0.002416,0.050877
11.794860,0.596883,0.002496,0.051427
11.940221,0.596304,0.002350,0.050835
12.087775,0.594383,0.002510,0.050863
12.237075,0.593179,0.002429,0.051033
12.388025,0.592433,0.002582,0.050946
12.541077,0.592433,0.002535,0.050416
12.696128,0.590867,0.002322,0.050980
12.852569,0.590154,0.002516,0.049964
13.011511,0.588675,0.002547,0.050593
13.171980,0.587858,0.002579,0.049918
13.334544,0.585308,0.002572,0.050158
13.499283,0.583454,0.002567,0.051508
13.665690,0.582629,0.002430,0.049863
13.834828,0.580542,0.002633,0.050513
14.005369,0.579763,0.002557,0.051096
14.178340,0.580467,0.002690,0.051514
14.353586,0.579146,0.002603,0.052302
14.530548,0.577154,0.002576,0.052244
14.710014,0.575304,0.002641,0.052290
14.891571,0.574325,0.002527,0.052146
15.075516,0.572863,0.002468,0.052126
15.261879,0.571500,0.002612,0.051105
15.450485,0.570267,0.002531,0.052024
15.641208,0.569367,0.002571,0.052120
15.834269,0.567883,0.002536,0.053419
16.029661,0.567554,0.002627,0.052402
16.227734,0.566483,0.002641,0.052995
16.428080,0.566925,0.002680,0.053414
16.630849,0.565667,0.002664,0.053827
16.836148,0.565054,0.002534,0.053492
17.044226,0.563867,0.002716,0.054025
17.254635,0.562954,0.002726,0.053814
17.467730,0.561642,0.002566,0.054489
17.683107,0.560858,0.002678,0.054573
17.901696,0.560021,0.002823,0.055469
18.122707,0.558717,0.002699,0.055721
18.346523,0.558050,0.002689,0.055474
18.572841,0.557054,0.002553,0.054627
18.802524,0.556154,0.002679,0.055595
19.034556,0.554942,0.002638,0.056367
19.269514,0.554425,0.002657,0.054542
19.507724,0.554133,0.002768,0.053628
19.748102,0.552800,0.002650,0.053051
19.992296,0.551638,0.002629,0.054330
20.238961,0.550096,0.002689,0.054737
20.488994,0.549892,0.002624,0.052907
20.742281,0.549008,0.002785,0.053315
20.998218,0.547829,0.002681,0.053711
21.257446,0.547529,0.002775,0.054961
21.519927,0.546075,0.002715,0.055725
21.785490,0.546371,0.002819,0.055762
22.054530,0.544958,0.002677,0.055124
22.327017,0.543004,0.002780,0.054804
22.602835,0.542058,0.002662,0.055247
22.881943,0.540296,0.002656,0.056669
23.164570,0.539092,0.002664,0.056657
23.450587,0.538079,0.002759,0.055607
23.740063,0.538204,0.002772,0.054682
24.033213,0.535742,0.002874,0.055377
24.330114,0.535008,0.002826,0.054792
24.630198,0.535133,0.002813,0.056196
24.934394,0.535471,0.002681,0.057704
25.242430,0.535146,0.002920,0.057665
25.554231,0.533621,0.002937,0.056713
25.869753,0.532583,0.002846,0.058819
26.189386,0.532088,0.002689,0.059545
26.512945,0.530321,0.002902,0.059268
26.840043,0.529171,0.002941,0.059451
27.171493,0.528704,0.002814,0.057003
27.507075,0.525629,0.002809,0.056259
27.846794,0.523308,0.002822,0.057819
28.190206,0.523942,0.002735,0.057145
28.538716,0.523483,0.002889,0.057703
28.891339,0.521471,0.002965,0.057888
29.247835,0.519825,0.002901,0.056326
29.609288,0.519525,0.002805,0.055937
29.974843,0.520196,0.002883,0.057768
30.345241,0.519008,0.002892,0.057719
30.719494,0.517513,0.002917,0.058020
31.099014,0.517758,0.002903,0.058172
31.483168,0.517242,0.002793,0.056871
31.871693,0.515758,0.003034,0.059528
32.265443,0.515054,0.002918,0.059607
32.663689,0.514333,0.002795,0.059497
33.067284,0.514033,0.003028,0.061555
33.475625,0.511825,0.002960,0.059080
33.889112,0.511558,0.003136,0.059739
34.307271,0.509483,0.002970,0.060913
34.731006,0.509454,0.002816,0.061145
35.160003,0.507754,0.002915,0.059460
35.594403,0.507108,0.002987,0.061276
36.033743,0.505542,0.003002,0.059019
36.478582,0.505354,0.002893,0.059263
36.929446,0.504242,0.003049,0.059300
37.385458,0.505425,0.002966,0.061136
37.847052,0.504304,0.002957,0.062437
38.314510,0.503629,0.003015,0.064163
38.787645,0.503612,0.002998,0.063524
39.266655,0.504242,0.003115,0.063766
39.751601,0.501950,0.003119,0.063188
40.242072,0.502033,0.002986,0.062294
40.739057,0.502737,0.002940,0.062525
41.242498,0.504454,0.003071,0.060823
41.751906,0.503571,0.003083,0.059424
42.267325,0.502350,0.003018,0.060119
42.789127,0.500358,0.002963,0.060038
43.317838,0.501663,0.003026,0.060138
43.852613,0.500121,0.003007,0.059354
44.394327,0.499396,0.003005,0.058684
44.942659,0.500654,0.003034,0.060367
45.497646,0.500912,0.002987,0.059919
46.059534,0.500704,0.003005,0.061400
46.628133,0.497600,0.002961,0.059975
47.203945,0.497008,0.003079,0.063132
47.786925,0.496008,0.002997,0.062378
48.377260,0.493221,0.003114,0.062348
48.974424,0.493796,0.003150,0.059225
49.579618,0.492300,0.003055,0.059323
50.191817,0.489750,0.002997,0.058158
50.811454,0.489900,0.003072,0.059456
51.439211,0.490467,0.003064,0.059159
52.074468,0.489012,0.003019,0.059672
52.717623,0.488479,0.003167,0.061476
53.368493,0.488050,0.003133,0.062365
54.027612,0.486575,0.003149,0.061182
54.694688,0.485021,0.003101,0.061539
55.370286,0.483542,0.003267,0.061970
56.054173,0.481142,0.002939,0.060524
56.746063,0.482937,0.003049,0.061714
57.447191,0.483146,0.003292,0.061398
58.156625,0.482325,0.003026,0.061773
58.874716,0.480187,0.003219,0.064392
59.601598,0.478450,0.002972,0.064629
60.337853,0.476058,0.003268,0.064138
61.083153,0.475629,0.003156,0.064880
61.837769,0.474083,0.003282,0.065600
62.601066,0.472263,0.003151,0.064228
63.374055,0.471362,0.003232,0.064376
64.156954,0.473279,0.003283,0.063487
64.949325,0.473475,0.003316,0.065693
65.751132,0.473271,0.003126,0.064731
66.563385,0.470183,0.003334,0.065980
67.385403,0.470058,0.003122,0.065852
68.217275,0.466417,0.003324,0.065530
69.060074,0.465354,0.003385,0.065899
69.912944,0.464771,0.003398,0.068757
70.776147,0.464058,0.003274,0.070966
71.650476,0.462904,0.003281,0.067965
72.535602,0.462217,0.003398,0.068789
73.431108,0.459108,0.003371,0.070923
74.338085,0.457829,0.003494,0.069784
75.256206,0.457179,0.003571,0.070317
76.185331,0.457746,0.003604,0.068934
77.126523,0.458642,0.003492,0.069228
78.078768,0.457354,0.003346,0.067512
79.043049,0.455425,0.003356,0.067379
80.019118,0.455229,0.003481,0.069586
81.007704,0.456550,0.003661,0.069450
82.007984,0.454488,0.003268,0.067501
83.020893,0.453646,0.003455,0.066764
84.046190,0.451733,0.003361,0.068413
85.084145,0.451675,0.003426,0.073395
86.134856,0.451808,0.003470,0.071854
87.198583,0.452908,0.003537,0.073287
88.275279,0.451029,0.003550,0.072622
89.365908,0.451596,0.003427,0.070083
90.469572,0.449887,0.003397,0.067679
91.586414,0.449071,0.003341,0.068556
92.717692,0.446767,0.003445,0.068748
93.862941,0.446521,0.003491,0.067030
95.022050,0.447375,0.003605,0.069136
96.195648,0.447475,0.003626,0.070327
97.383891,0.447017,0.003388,0.069216
98.586196,0.445121,0.003605,0.071602
99.803951,0.442354,0.003456,0.072359
101.036398,0.445946,0.003452,0.069726
102.284149,0.443117,0.003662,0.069006
103.547540,0.444925,0.003609,0.071281
104.826453,0.443033,0.003500,0.073468
106.120814,0.444496,0.003629,0.071916
107.431452,0.441929,0.003482,0.070864
108.758408,0.439492,0.003738,0.073452
110.101519,0.441412,0.003535,0.075133
111.461246,0.441192,0.003534,0.074562
112.837925,0.439125,0.003490,0.074997
114.231263,0.437192,0.003817,0.072571
115.642401,0.436500,0.003706,0.072627
117.070589,0.437421,0.003610,0.075238
118.516212,0.437879,0.003694,0.079730
119.979832,0.435154,0.003565,0.079537
121.461704,0.433929,0.003890,0.077858
122.961745,0.433012,0.003741,0.077923
124.480599,0.434142,0.003838,0.078165
126.017878,0.433538,0.003709,0.075911
127.573974,0.432075,0.003513,0.078413
129.149643,0.432321,0.003725,0.079266
130.744733,0.431317,0.004029,0.076395
132.359146,0.433442,0.003565,0.078280
133.993748,0.432758,0.003608,0.078972
135.649232,0.432321,0.003707,0.077559
137.324226,0.430025,0.003922,0.078470
139.020635,0.431517,0.003606,0.077841
140.737271,0.431521,0.003688,0.077630
142.475052,0.433917,0.003806,0.077406
144.234883,0.432550,0.003835,0.078751
146.016042,0.431146,0.003483,0.081370
147.819600,0.433050,0.003835,0.077953
149.645182,0.431446,0.003719,0.078343
151.493166,0.430671,0.003610,0.078904
153.364290,0.428767,0.003741,0.079505
155.258358,0.426346,0.003760,0.078347
157.176065,0.426992,0.003683,0.076992
159.116981,0.427375,0.003811,0.078554
161.081902,0.424013,0.003740,0.076653
163.071551,0.425529,0.003755,0.079102
165.085882,0.426108,0.003753,0.078387
167.124668,0.424112,0.003727,0.078962
169.188351,0.423642,0.003800,0.078389
171.278279,0.423542,0.004015,0.079666
173.393532,0.421471,0.003856,0.079443
175.534639,0.424542,0.003981,0.082287
177.702668,0.424904,0.003947,0.082275
179.897392,0.424875,0.003990,0.083442
182.119190,0.423271,0.004221,0.083498
184.368640,0.421675,0.003858,0.087393
186.645415,0.419337,0.003888,0.082520
188.950701,0.417929,0.004146,0.083014
191.284245,0.418817,0.004128,0.080981
193.646979,0.418138,0.004045,0.083726
196.038461,0.417696,0.004018,0.084503
198.459532,0.417392,0.003935,0.083313
200.910542,0.417329,0.003878,0.081258
203.391770,0.417804,0.004395,0.080025
205.903367,0.418046,0.003990,0.080498
208.446728,0.416583,0.004114,0.078677
211.021003,0.416562,0.004334,0.079410
213.626980,0.415350,0.004791,0.078200
216.266119,0.415888,0.003895,0.078718
218.936797,0.417087,0.003933,0.082036
221.640568,0.415271,0.004012,0.080057
224.377966,0.413217,0.004179,0.079431
227.149340,0.410013,0.004271,0.080422
229.954767,0.413237,0.004550,0.081285
232.794471,0.412383,0.004382,0.082602
235.669722,0.411146,0.004795,0.081885
238.580269,0.408617,0.004239,0.083434
241.526669,0.409308,0.004184,0.083835
244.509772,0.407942,0.004152,0.084040
247.529684,0.404821,0.004106,0.085744
250.586852,0.402629,0.004027,0.086200
253.681720,0.406225,0.003978,0.083340
256.814795,0.400387,0.004478,0.083019
259.986650,0.398271,0.004551,0.084388
263.197689,0.399050,0.004438,0.087388
266.447808,0.401654,0.003951,0.087090
269.738755,0.398533,0.004278,0.088529
273.070283,0.398392,0.004478,0.089443
276.442724,0.399238,0.004287,0.090575
279.857208,0.404163,0.004681,0.090828
283.313229,0.404904,0.004582,0.088002
286.812443,0.404633,0.004517,0.087228
290.354688,0.404467,0.004200,0.085713
293.940765,0.403308,0.004440,0.086816
297.570735,0.406096,0.004180,0.088005
301.245732,0.405288,0.004290,0.089928
304.966968,0.405350,0.004453,0.090568
308.732827,0.400500,0.004437,0.086657
312.546225,0.404521,0.004356,0.087497
316.406209,0.400942,0.004250,0.083838
320.313578,0.400525,0.004390,0.083807
324.269779,0.402125,0.004235,0.086320
328.274811,0.399913,0.004410,0.085437
332.329067,0.399796,0.004451,0.086257
336.433666,0.399633,0.004628,0.087905
340.588872,0.399717,0.004387,0.088722
344.795086,0.399633,0.004323,0.088224
349.053587,0.396825,0.004256,0.088072
353.364594,0.397254,0.004501,0.084406
357.728445,0.399700,0.004489,0.087519
362.147048,0.394550,0.004308,0.086209
366.619440,0.395175,0.004378,0.086890
371.147876,0.396054,0.004334,0.088641
375.731609,0.397092,0.004772,0.089005
380.372048,0.395546,0.004941,0.089722
385.069792,0.394421,0.004552,0.090895
389.825694,0.390950,0.004607,0.089025
394.640120,0.391708,0.004430,0.089853
399.514237,0.388854,0.004830,0.086438
404.448090,0.389483,0.004251,0.086435
409.443449,0.391192,0.004902,0.087503
414.500134,0.391329,0.004462,0.082233
419.619396,0.391896,0.004260,0.084798
424.801920,0.391371,0.004171,0.082761
430.048545,0.386883,0.004369,0.085443
435.360153,0.383592,0.004837,0.084045
440.737412,0.380929,0.004446,0.087566
446.180002,0.382217,0.004282,0.085947
451.690668,0.384171,0.004803,0.083047
457.269020,0.383863,0.004622,0.085232
462.917049,0.383683,0.004512,0.083858
468.633792,0.384050,0.004199,0.082690
474.421565,0.388262,0.004423,0.084200
480.281107,0.383338,0.004454,0.081094
486.213028,0.384579,0.005462,0.080934
492.218153,0.388333,0.004569,0.082789
498.297058,0.388550,0.004775,0.086760
504.451656,0.379883,0.004663,0.085423
510.681827,0.382396,0.004875,0.087038
516.989000,0.383654,0.004727,0.086626
523.374399,0.385450,0.004851,0.086362
529.837935,0.385654,0.004789,0.089689
536.382329,0.385417,0.004712,0.092521
543.006661,0.381267,0.004898,0.088255
549.713179,0.383033,0.004988,0.089977
556.502382,0.383996,0.005321,0.089745
563.375717,0.383542,0.005035,0.091344
570.333495,0.380342,0.004745,0.091209
577.377153,0.378725,0.004851,0.091498
584.508265,0.382121,0.004960,0.089853
591.727798,0.379317,0.005121,0.088025
599.035367,0.384413,0.004783,0.089884
606.433888,0.380946,0.004893,0.086997
613.923943,0.384962,0.004580,0.089283
621.506266,0.382663,0.004965,0.087493
629.182147,0.378646,0.004889,0.091951
636.952651,0.379338,0.004692,0.092691
644.819601,0.381792,0.004831,0.093874
652.783562,0.381033,0.005104,0.090437
660.845856,0.385154,0.005094,0.091448
669.007364,0.382958,0.004807,0.093874
677.269905,0.381875,0.004897,0.092485
685.634748,0.385204,0.004965,0.091656
694.102362,0.384271,0.004610,0.094328
702.675460,0.387354,0.005388,0.096809
711.354049,0.385238,0.004649,0.093533
720.139514,0.379892,0.004400,0.094949
729.033724,0.379321,0.004788,0.094032
738.037342,0.382358,0.004472,0.095002
747.152937,0.381204,0.005164,0.091085
756.380465,0.382996,0.004740,0.091855
765.722526,0.380608,0.004995,0.087836
775.179378,0.379354,0.004798,0.091445
784.753262,0.382679,0.004806,0.093440
794.445550,0.379808,0.004460,0.093008
804.257615,0.378746,0.004926,0.095856
814.190773,0.378833,0.004703,0.092056
824.246530,0.377358,0.004687,0.090939
834.425985,0.379829,0.004941,0.092765
844.732076,0.374858,0.005008,0.092152
855.164831,0.375400,0.004799,0.094301
865.726989,0.377579,0.004808,0.092080
876.419150,0.374175,0.004757,0.089965
887.243357,0.379125,0.005214,0.095154
898.201028,0.375217,0.004804,0.101053
909.294927,0.374942,0.005152,0.096899
920.525233,0.375896,0.005200,0.096866
931.894283,0.376888,0.005250,0.099271
943.403436,0.375092,0.004919,0.095678
955.055272,0.377200,0.005164,0.092965
966.850519,0.379154,0.005025,0.091663
978.791529,0.381246,0.005011,0.094090
990.880728,0.377358,0.004818,0.090796
1003.118754,0.372325,0.005204,0.092636
1015.507896,0.371325,0.005367,0.091217
1028.049710,0.372875,0.005366,0.094153
1040.747241,0.375825,0.005503,0.094075
1053.601399,0.367971,0.005151,0.094397
1066.613143,0.374154,0.005291,0.096723
1079.787165,0.376029,0.005083,0.096505
1093.123267,0.371904,0.005519,0.092562
1106.623871,0.373225,0.005577,0.091760
1120.291214,0.368862,0.005567,0.093900
1134.128044,0.369813,0.005256,0.095154
1148.135065,0.373508,0.005827,0.094947
1162.315090,0.374167,0.007079,0.099308
1176.669395,0.369267,0.034008,0.098290
1191.203350,0.372629,0.010047,0.095509
1205.915139,0.371256,0.005932,0.098276
1220.808815,0.372959,0.004696,0.098351
1235.887049,0.372108,0.005415,0.096639
1251.151364,0.373381,0.006995,0.097631
1266.602999,0.371031,0.005625,0.097525
1282.246146,0.373063,0.005998,0.098946
1298.082883,0.378356,0.006145,0.098086
1314.115465,0.371394,0.005250,0.094751
1330.345376,0.368460,0.005248,0.092362
1346.776085,0.370739,0.006241,0.098358
1363.409086,0.371836,0.005263,0.093055
1380.248439,0.366169,0.005434,0.094053
1397.295433,0.370497,0.005332,0.097524
1414.553252,0.368543,0.006918,0.095943
1432.024087,0.372287,0.005891,0.101254
1449.710098,0.372884,0.005529,0.101905
1467.614972,0.371753,0.005665,0.098766
1485.740675,0.370526,0.005454,0.097801
1504.091412,0.372951,0.006373,0.099536
1522.667371,0.370743,0.005022,0.098016
1541.473509,0.374641,0.005385,0.096043
1560.511724,0.371056,0.005234,0.098640
1579.785249,0.371594,0.010230,0.098216
1599.296336,0.373856,0.006148,0.100945
1619.049011,0.373205,0.005625,0.098309
1639.045037,0.371457,0.006016,0.098981
1659.288245,0.370146,0.004968,0.101096
1679.782318,0.372108,0.006627,0.104117
1700.528086,0.364766,0.005364,0.101061
1721.530575,0.364111,0.006147,0.101841
1742.792811,0.369641,0.005520,0.101514
1764.317549,0.365847,0.006902,0.105617
1786.108731,0.363088,0.007319,0.101458
1808.167257,0.367225,0.006473,0.101717
1830.499593,0.369996,0.007455,0.101434
1853.107493,0.369795,0.005739,0.100909
1875.994438,0.369674,0.006466,0.103038
1899.164194,0.372112,0.005773,0.101052
1922.620619,0.368977,0.005485,0.100838
1946.366076,0.373689,0.005206,0.102399
1970.404598,0.372579,0.005514,0.103342
1994.740574,0.365814,0.005751,0.098710
2019.376779,0.369165,0.006148,0.100546
2044.317835,0.369520,0.005602,0.098742
2069.566352,0.367646,0.006061,0.100626
2095.126716,0.365455,0.005508,0.095977
2121.002765,0.363606,0.005048,0.097351
2147.198746,0.370271,0.005776,0.098770
2173.717879,0.372721,0.004888,0.101193
2200.565201,0.374478,0.005512,0.100708
2227.743809,0.372980,0.005431,0.098247
2255.257715,0.372433,0.005281,0.099004
2283.111907,0.372554,0.006918,0.097922
2311.309747,0.377646,0.005970,0.101383
2339.855529,0.375275,0.005305,0.100099
2368.754634,0.374153,0.006088,0.102470
2398.010503,0.373347,0.006435,0.103183
-nan,-nan,-nan,-nan
2457.610298,0.369987,0.007557,0.107268
2487.964199,0.364228,0.006975,0.105007
2518.691842,0.363589,0.006558,0.104374
2549.798731,0.366323,0.005977,0.101317
-nan,-nan,-nan,-nan
2613.171559,0.359282,0.005675,0.101951
2645.446288,0.356903,0.006306,0.105341
2678.118613,0.357300,0.006000,0.103552
2711.195631,0.359374,0.005574,0.100547
2744.681367,0.357992,0.006646,0.104031
2778.579267,0.355868,0.005139,0.101543
2812.897435,0.353890,0.006511,0.101791
2847.638515,0.353627,0.006432,0.103834
2882.808480,0.354349,0.006613,0.100784
2918.413027,0.357679,0.005933,0.100962
2954.457831,0.356281,0.008536,0.108071
2990.947183,0.355384,0.008182,0.108356
3027.887516,0.349933,0.007923,0.109769
3065.284599,0.354775,0.010307,0.109496
3103.142284,0.354482,0.006298,0.105511
3141.468007,0.354274,0.005939,0.102398
3180.253707,0.352667,0.351479,0.103411
3219.545512,0.357245,0.006400,0.104389
3259.309187,0.355619,0.005196,0.101502
3299.564610,0.357023,0.006338,0.104669
3340.315989,0.362103,0.006979,0.107357
3381.572544,0.359356,0.027222,0.104715
3423.335922,0.364804,0.007810,0.104721
3465.616840,0.361952,0.007073,0.104420
3508.418754,0.361125,0.005843,0.102681
3551.750241,0.360326,0.005522,0.100046
3595.617229,0.355523,0.006737,0.101545
3640.025142,0.360999,0.005219,0.102474
3684.981928,0.364268,0.005389,0.099216
3730.494059,0.364578,0.006086,0.101989
3776.568908,0.368202,0.017482,0.104792
3823.212176,0.370255,0.012146,0.104271
3870.430849,0.368370,0.006657,0.103264
3918.233318,0.368194,0.006301,0.103377
3966.626061,0.364929,0.009318,0.100261
4015.616276,0.362634,0.005471,0.100597
4065.212032,0.368069,0.006279,0.104600
4115.420037,0.363683,0.005250,0.097158
4166.245225,0.361919,0.062907,0.101219
4217.704625,0.367718,0.005544,0.093953
4269.796318,0.367924,0.006896,0.103096
4322.531010,0.366414,0.005355,0.101684
4375.917386,0.368146,0.006165,0.101757
4429.962647,0.374094,0.005391,0.101717
4484.676100,0.371820,0.005352,0.103320
4540.064748,0.372596,0.005670,0.100416
4596.138633,0.371481,0.010158,0.100318
4652.903329,0.371179,0.006680,0.098022
4710.369590,0.375654,0.007025,0.102091
4768.545911,0.369018,0.005976,0.096925
4827.441228,0.371023,0.009274,0.097917
4887.062933,0.370747,0.005006,0.092067
4947.421371,0.374031,0.004765,0.091890
5008.526400,0.370818,0.006715,0.091861
5070.384671,0.371502,0.005267,0.102765
5133.007737,0.368247,0.007344,0.104354
5196.404127,0.367085,0.006058,0.107579
5260.575872,0.366372,0.122962,0.109741
5325.555348,0.367563,0.009739,0.108323
5391.329240,0.366503,0.005573,0.102164
5457.916431,0.366052,0.006348,0.097637
5525.215988,0.369289,2.164698,0.100160
5593.566330,0.364797,0.005318,0.100747
5662.650824,0.371380,0.005476,0.097829
5732.589004,0.372249,0.006342,0.104937
5803.198517,0.367405,3.299106,0.100004
5875.066382,0.368057,0.005943,0.096545
5947.627247,0.366236,0.006261,0.095573
6020.994897,0.368645,2.183771,0.096513
6095.449276,0.368969,0.005571,0.095120
6170.731627,0.372528,0.005282,0.104880
6246.945564,0.372672,0.007415,0.097829
6324.099419,0.368384,0.006423,0.099346
6402.206521,0.369411,0.008191,0.100394
6481.278018,0.367366,0.005960,0.104821
6561.327070,0.360483,0.006598,0.102342
6642.363584,0.356353,0.005968,0.099393
6724.379380,0.354444,0.384128,0.099085
6807.452059,0.358221,0.005623,0.101509
6891.529329,0.356000,0.007068,0.103902
6976.644651,0.353302,0.005723,0.105408
7062.702369,0.359791,2.637308,0.098664
7150.041184,0.360136,0.005686,0.100080
7238.349448,0.360665,0.006794,0.100937
7327.748203,0.364284,0.006185,0.103415
7418.251840,0.358657,0.017075,0.104518
7509.872672,0.361867,0.016641,0.098160
7602.375043,0.358964,4.258061,0.102553
7696.472874,0.359042,1.657823,0.108259
7791.579960,0.354362,0.006993,0.108170
7887.810480,0.360124,0.007468,0.104324
7985.231991,0.355167,0.023608,0.103050
8083.587408,0.361691,4.766539,0.107651
8183.509594,0.362635,2.776278,0.103106
8284.769378,0.361344,0.005856,0.099081
8386.988558,0.361288,2.512931,0.101473
8490.330282,0.361792,5.905097,0.103165
8595.544392,0.360851,0.006509,0.101944
8701.705533,0.357954,0.006609,0.098496
8809.177689,0.359470,0.006013,0.099594
8917.976893,0.356872,0.005636,0.098653
9028.120830,0.357615,0.006295,0.096648
9139.623424,0.366225,0.005781,0.102054
9252.505053,0.361768,0.011765,0.105152
9366.698697,0.364344,2.750386,0.099606
9482.466248,0.365930,0.007013,0.099344
9599.581289,0.356509,0.005779,0.099568
9718.143275,0.366465,0.008046,0.105403
9838.168334,0.369083,0.005762,0.102118
9959.677130,0.367609,0.007288,0.106297
10082.685996,0.371387,0.007375,0.104318
10207.213867,0.367552,0.006123,0.105296
10333.213512,0.361235,1.137427,0.107340
10460.904147,0.358905,0.006922,0.105224
10590.103919,0.362055,0.009248,0.101121
10720.898329,0.361003,0.006413,0.102632
10853.309312,0.361998,0.005300,0.098427
10987.355197,0.361680,0.005728,0.100731
11123.056914,0.362866,0.007006,0.100687
11260.329904,0.365550,1.765847,0.103844
11399.508373,0.370398,0.006006,0.098444
11540.139780,0.366116,3.836424,0.099650
11682.831365,0.358303,0.005821,0.098687
11827.122445,0.364693,0.005516,0.100390
11973.195713,0.367189,0.004962,0.098309
12121.073295,0.364754,0.005824,0.096147
12270.776754,0.362553,0.005744,0.097893
12422.141379,0.365855,3.725312,0.101425
12575.755123,0.359877,0.020797,0.106927
12731.074372,0.361856,0.007271,0.102758
12888.312243,0.361223,0.007697,0.107807
13047.491854,0.361157,0.006968,0.106390
13208.637760,0.361865,0.008200,0.107420
13371.773628,0.360668,0.005902,0.103992
13536.682663,0.363646,4.072183,0.107721
13704.028593,0.367899,2.884974,0.095987
13873.370040,0.368083,0.006010,0.094342
14044.716038,0.357840,0.006116,0.098888
14218.178322,0.365384,0.006366,0.101981
14393.782365,0.369236,0.005887,0.104440
14571.555959,0.367955,0.005415,0.097213
14751.450644,0.365822,2.507850,0.097966
14933.716787,0.363806,0.005497,0.098335
15118.158708,0.366521,0.005030,0.095291
15304.878906,0.361202,0.005597,0.098255
15493.884905,0.361295,0.480465,0.097219
15685.265194,0.360833,0.005793,0.099937
15878.989446,0.369150,0.005083,0.099351
16075.106368,0.374438,0.006978,0.099175
16273.174701,0.363707,8.096764,0.093375
16474.636302,0.370440,0.007473,0.100492
16677.477374,0.377307,10.583111,0.098003
16884.095801,0.374844,0.005202,0.099118
17092.626602,0.375401,0.005663,0.096959
17303.732209,0.368260,0.004980,0.098026
17517.446484,0.363100,0.005741,0.105118
17733.425880,0.365397,8.827547,0.104057
17952.824118,0.366528,0.006668,0.101586
18174.274851,0.368110,6.341812,0.107565
18399.022066,0.373875,0.005343,0.106604
18626.263333,0.371353,0.005236,0.103304
18856.311537,0.371053,0.006970,0.105224
19088.611008,0.365497,11.345647,0.101716
19324.965074,0.372435,0.005599,0.101748
19563.643007,0.358639,0.007105,0.096923
19805.266521,0.368023,0.005371,0.101456
20049.876495,0.362875,0.005679,0.099530
20297.506470,0.363473,0.008714,0.100577
20548.194215,0.372556,0.005009,0.098328
20801.979858,0.366253,0.006875,0.098446
21058.849771,0.367547,1.164339,0.101163
21318.990713,0.369667,0.006045,0.105173
21582.295709,0.363330,0.005834,0.102440
21848.852811,0.367642,0.006901,0.108674
22118.701410,0.369509,0.005710,0.102587
22391.566552,0.356593,7.459233,0.106738
22668.280000,0.356943,5.303982,0.111867
22948.321785,0.354395,2.085378,0.102021
23231.840189,0.355877,0.009115,0.108396
23518.551073,0.361279,3.234747,0.113298
23809.243175,0.354687,0.007445,0.103993
24103.303868,0.355595,0.006623,0.101359
24400.996606,0.360740,0.007397,0.107119
24702.365614,0.360045,0.006319,0.105989
25007.458650,0.353243,0.009649,0.103411
25316.317835,0.359228,0.007135,0.104079
25628.848776,0.361676,4.747455,0.102947
25945.166171,0.370009,5.988285,0.105619
26265.973562,0.358198,0.005910,0.104218
26590.237314,0.368239,4.622856,0.105701
26918.787476,0.358982,0.006974,0.104221
27250.611057,0.362498,7.508563,0.111451
27587.544726,0.367369,9.254311,0.094725
27928.555334,0.362762,0.006614,0.098509
28272.293983,0.370750,17.026863,0.102118
28622.689494,0.372347,0.005270,0.101664
28976.200548,0.367875,0.005589,0.097150
29334.076385,0.378565,0.004858,0.099319
29696.374226,0.358648,0.006291,0.105112
30063.145170,0.364019,0.005202,0.104007
30434.446622,0.354227,0.006301,0.103151
30809.362830,0.356560,13.880225,0.106552
31190.862851,0.372612,0.005788,0.107383
31576.091895,0.372975,0.005003,0.097223
31964.854782,0.363841,18.352503,0.101403
32360.745779,0.369846,3.194387,0.112589
32760.245651,0.358852,5.175331,0.107063
33164.871753,0.363198,5.004497,0.104742
33573.619027,0.364665,19.000485,0.100336
33989.465162,0.369910,0.005327,0.105499
34408.618288,0.372064,14.693695,0.100285
34834.238167,0.374981,0.005880,0.102650
35264.091994,0.373893,8.567191,0.101345
35700.007308,0.358900,0.006138,0.100478
36140.924363,0.370767,0.121060,0.104514
36586.559298,0.365906,11.869784,0.095961
37039.172844,0.370722,0.006310,0.108179
37496.167828,0.360435,7.545980,0.105748
37959.742675,0.362363,0.006040,0.099300
38428.572350,0.364875,0.005003,0.099272
38902.037121,0.365485,17.760705,0.107748
39381.938722,0.367116,27.865611,0.100836
39869.239342,0.368138,13.647719,0.100684
40362.515254,0.366431,0.007421,0.099157
40860.905839,0.376855,1.645780,0.097595
41365.683351,0.376869,0.005415,0.098192
41876.579270,0.364437,0.005980,0.097186
42393.784688,0.366864,0.005259,0.101310
42917.378675,0.367750,0.008707,0.095882
43445.773086,0.363205,26.574559,0.110627
43983.227532,0.368242,18.441162,0.108471
44527.279768,0.362687,0.007059,0.098391
45076.196292,0.362298,16.502044,0.104046
45632.182977,0.367636,19.575460,0.105761
46197.570824,0.365095,0.006196,0.102521
46768.143441,0.366080,0.007533,0.099631
47345.763491,0.362515,0.006059,0.100463
47930.205521,0.361230,9.846817,0.103336
48520.470191,0.365010,26.248123,0.105597
49121.235379,0.360939,12.118075,0.099160
49727.797632,0.358234,14.920163,0.099966
50342.651130,0.367906,0.005213,0.098453
50964.419225,0.371029,0.006215,0.103101
51591.569995,0.368915,32.160022,0.097315
52231.086479,0.363140,0.006215,0.097054
52874.786060,0.363338,17.794246,0.102659
53529.168773,0.352923,1.057741,0.106785
54188.180695,0.368857,33.890479,0.105488
54859.649697,0.377104,0.005481,0.095502
55534.329521,0.369080,31.686566,0.108904
56222.542722,0.359020,18.172864,0.096731
56915.796872,0.360480,26.970963,0.104540
57617.695763,0.374251,37.306017,0.104641
58332.151866,0.364810,0.007143,0.101421
59052.595100,0.364657,0.006176,0.100216
59781.936389,0.370216,0.005859,0.106968
60520.286196,0.358481,0.004683,0.102395
61267.018708,0.369821,12.691610,0.104022
62024.454920,0.361282,0.008141,0.102319
62790.368780,0.365058,2.344110,0.110181
63566.009246,0.359091,0.009290,0.098231
64351.094909,0.350723,0.008171,0.106053
65140.497693,0.352359,58.086380,0.115407
65946.756584,0.365643,43.872489,0.098659
66765.009109,0.367870,0.006329,0.101776
67587.014101,0.359638,37.239471,0.108441
68421.375318,0.357217,41.717261,0.107010
69269.473880,0.361880,0.006695,0.097469
70124.363255,0.359344,19.289641,0.098951
70990.317135,0.361100,11.738902,0.099874
71864.172053,0.361368,49.964714,0.103759
72753.184454,0.359906,34.168479,0.102806
73653.819945,0.377478,8.007274,0.094727
74563.168339,0.361455,12.696238,0.098778
75481.718865,0.361251,40.011818,0.103028
76415.013332,0.370983,27.555949,0.104390
77360.563410,0.366895,6.341026,0.107236
78315.332229,0.361093,26.913945,0.100953
79283.498788,0.372897,0.004580,0.093134
80262.707617,0.361128,0.009003,0.104562
81254.009736,0.362710,0.008735,0.108980
82256.235269,0.364977,21.218733,0.100945
83261.510893,0.365492,89.484335,0.109891
84295.733502,0.365187,64.820034,0.108124
85342.132391,0.369728,30.128718,0.099967
86397.218169,0.367793,0.004475,0.099417
87460.216081,0.360124,59.001962,0.105894
88539.311158,0.363882,69.072469,0.103341
89632.564755,0.357374,59.225177,0.112833
90744.892411,0.366778,9.273984,0.104688
91865.982122,0.370133,0.004143,0.098240
92995.699969,0.366883,60.530347,0.103921
94147.035837,0.355354,38.636508,0.102195
95310.693560,0.360362,26.900803,0.108368
96483.231003,0.372027,76.510514,0.104935
97679.004945,0.360766,38.227123,0.108255
98887.336510,0.364734,0.006478,0.104417
100107.451129,0.359213,34.483035,0.106003
101342.521290,0.357457,41.943913,0.105614
102591.654014,0.363717,72.201456,0.104793
103853.543951,0.354944,85.350431,0.105848
105146.699553,0.368571,0.008401,0.096013
106438.685756,0.367001,85.613449,0.105565
107753.170963,0.367439,79.246374,0.107585
109085.952094,0.362419,68.944984,0.105306
110426.947040,0.366840,110.975975,0.110638
111791.851509,0.352871,112.710897,0.107254
113182.324297,0.361474,21.407566,0.098355
114570.778267,0.363437,102.876824,0.109363
115996.153789,0.362628,0.009766,0.103738
117416.817276,0.360712,113.869605,0.110321
118878.598719,0.364898,7.017533,0.104218
120342.296331,0.347900,61.305436,0.105033
121833.534041,0.369883,3.813025,0.097734
123334.294900,0.367669,41.199939,0.101633
124858.732318,0.354559,43.797311,0.107000
126395.213564,0.361941,94.080364,0.110158
127959.906736,0.359651,58.021918,0.106408
129534.778160,0.348881,107.441774,0.110116
131144.770768,0.366688,14.198318,0.092078
132763.264561,0.364390,37.287103,0.099750
134402.569535,0.371990,37.797053,0.100570
136065.013176,0.366603,0.206478,0.102246
137745.520750,0.372009,0.006478,0.089210
139446.777026,0.359282,0.007308,0.103654
141163.388423,0.361488,92.630798,0.098292
142907.361600,0.363387,57.620769,0.109107
144676.816165,0.362519,21.742800,0.105587
146459.398137,0.369003,72.021580,0.105106
148273.081126,0.356964,8.994093,0.100164
150103.847155,0.376301,23.292405,0.100873
151956.981877,0.360926,42.997463,0.097380
153829.194614,0.364578,92.768812,0.106268
155723.271327,0.370500,128.110927,0.112777
157658.869927,0.376072,0.008735,0.101431
159592.888558,0.360138,99.485496,0.115045
161564.499463,0.352966,132.803639,0.104639
163564.063305,0.355821,98.640793,0.110076
165593.155346,0.375215,-nan,0.100589
167631.057569,0.369234,90.011583,0.110028
169706.817294,0.365137,40.767363,0.100713
171794.282836,0.361381,106.508695,0.110926
173908.870721,0.357146,174.626823,0.105334
176047.926845,0.352854,174.336573,0.111378
178237.981166,0.357833,124.124673,0.102403
180421.281381,0.352862,173.874491,0.122658
182679.714146,0.382742,0.008286,0.086520
184930.122698,0.370806,60.651320,0.094819
187216.682337,0.372536,55.521046,0.104699
189527.333805,0.370036,86.281952,0.101090
191853.811827,0.350511,158.744470,0.111049
194233.959244,0.370281,111.543791,0.106135
196623.560294,0.362367,172.206394,0.104396
199051.044614,0.370270,150.332738,0.106215
201528.402229,0.357446,14.860655,0.113960
204018.365005,0.357170,0.000000,0.107728
206520.206431,0.354803,161.678292,0.123186
209070.593937,0.369849,204.468806,0.105262
