0.000000,0.995000,0.000000,0.000000
1.002959,0.850367,0.001723,0.026382
1.016890,0.848946,0.001675,0.026547
1.030955,0.847550,0.001743,0.026544
1.045204,0.846183,0.001683,0.026413
1.059827,0.844974,0.001721,0.026421
1.074380,0.843876,0.001710,0.026509
1.089430,0.842733,0.001695,0.026559
1.104458,0.841567,0.001740,0.026560
1.119879,0.840089,0.001707,0.026658
1.135353,0.838591,0.001740,0.026577
1.151153,0.837343,0.001702,0.026674
1.167203,0.835813,0.001752,0.026529
1.183210,0.834407,0.001738,0.026528
1.199774,0.833437,0.001725,0.026775
1.216427,0.831798,0.001754,0.026700
1.233361,0.830357,0.001757,0.026847
1.250357,0.829041,0.001788,0.027084
1.267678,0.827487,0.001736,0.026922
1.285298,0.826326,0.001727,0.027078
1.303143,0.825322,0.001744,0.027337
1.321310,0.823576,0.001750,0.027436
1.339695,0.822054,0.001768,0.027523
1.358287,0.820778,0.001771,0.027608
1.377094,0.819483,0.001787,0.027803
1.396301,0.818411,0.001784,0.027854
1.415605,0.817300,0.001778,0.027803
1.435269,0.815972,0.001795,0.027854
1.455232,0.814535,0.001719,0.028007
1.475260,0.813441,0.001752,0.028423
1.495837,0.812617,0.001817,0.028658
1.516666,0.811028,0.001790,0.028971
1.537664,0.809604,0.001798,0.029225
1.559142,0.808152,0.001782,0.029443
1.580695,0.806835,0.001825,0.029570
1.602697,0.805067,0.001752,0.029810
1.625022,0.803557,0.001812,0.030104
1.647428,0.802359,0.001830,0.030002
1.670360,0.801313,0.001803,0.030200
1.693605,0.799624,0.001812,0.030577
1.717166,0.798211,0.001849,0.030729
1.740920,0.797033,0.001821,0.030914
1.765132,0.795574,0.001827,0.030960
1.789651,0.794002,0.001820,0.030927
1.814527,0.792263,0.001832,0.030996
1.839690,0.790674,0.001846,0.031645
1.865208,0.789359,0.001835,0.031665
1.891203,0.788157,0.001862,0.031920
1.917408,0.786546,0.001873,0.031765
1.944112,0.785372,0.001872,0.031931
1.971042,0.784146,0.001861,0.032117
1.998405,0.782639,0.001830,0.032015
2.026253,0.781224,0.001821,0.032484
2.054263,0.779817,0.001863,0.032546
2.082945,0.778228,0.001886,0.032525
2.111814,0.776639,0.001880,0.032462
2.141252,0.775076,0.001898,0.032616
2.170976,0.773602,0.001803,0.032254
2.201173,0.772248,0.001898,0.032358
2.231649,0.770793,0.001925,0.032122
2.262567,0.769209,0.001859,0.032101
2.294152,0.768015,0.001811,0.032238
2.325992,0.766322,0.001883,0.032008
2.358341,0.764983,0.001879,0.032048
2.391184,0.763133,0.001877,0.032454
2.424339,0.761276,0.001925,0.032598
2.457986,0.759876,0.001865,0.032684
2.492024,0.758687,0.001915,0.033060
2.526800,0.757350,0.001953,0.033404
2.561953,0.755778,0.001970,0.033945
2.597676,0.754343,0.001926,0.033941
2.633641,0.752843,0.001936,0.034209
2.670196,0.751598,0.001927,0.034890
2.707350,0.750391,0.001940,0.035123
2.744914,0.748672,0.001927,0.035336
2.783048,0.746783,0.001971,0.035560
2.821856,0.745576,0.001935,0.035790
2.860930,0.744250,0.001964,0.035616
2.900825,0.742885,0.001944,0.035438
2.941080,0.741609,0.001998,0.036125
2.981846,0.740104,0.001986,0.036469
3.023299,0.738791,0.001993,0.036468
3.065415,0.737389,0.001931,0.036673
3.107857,0.735991,0.001987,0.036466
3.151239,0.734526,0.002008,0.036444
3.194926,0.733213,0.001928,0.036202
3.239253,0.732070,0.001985,0.036165
3.284377,0.730920,0.002004,0.036440
3.330004,0.729574,0.001972,0.036614
3.376330,0.728163,0.001973,0.036770
3.423189,0.726913,0.002028,0.036816
3.470710,0.725000,0.002037,0.037199
3.519129,0.723524,0.002021,0.037425
3.568023,0.722130,0.001986,0.037897
3.617504,0.720552,0.001976,0.037647
3.667784,0.719413,0.002016,0.037561
3.718783,0.718083,0.001986,0.037553
3.770613,0.716761,0.002000,0.037928
3.822908,0.715604,0.002030,0.038261
3.876188,0.714115,0.002055,0.039201
3.929875,0.712237,0.001994,0.039883
3.984505,0.710902,0.002024,0.040229
4.040022,0.709891,0.002006,0.040406
4.096056,0.708561,0.002088,0.040215
4.153076,0.707357,0.002073,0.040290
4.210824,0.705902,0.002029,0.040424
4.269299,0.704278,0.002047,0.040364
4.328627,0.703374,0.002082,0.040262
4.388958,0.701798,0.002057,0.040635
4.449974,0.700137,0.002123,0.040722
4.511722,0.698752,0.002124,0.040407
4.574404,0.697289,0.002052,0.040025
4.638135,0.695672,0.002117,0.040061
4.702533,0.694743,0.002117,0.040500
4.767820,0.693809,0.002135,0.040381
4.834323,0.692665,0.002140,0.040819
4.901304,0.691685,0.002079,0.041189
4.969583,0.690624,0.002115,0.040827
5.038607,0.689011,0.002082,0.041217
5.108723,0.687393,0.002149,0.041518
5.179605,0.686233,0.002121,0.041352
5.251694,0.684574,0.002157,0.041155
5.324648,0.683100,0.002214,0.041468
5.398772,0.681446,0.002173,0.041543
5.474052,0.679826,0.002152,0.042412
5.549956,0.678615,0.002173,0.043032
5.627111,0.677046,0.002222,0.042900
5.705429,0.675539,0.002134,0.043333
5.784667,0.673937,0.002191,0.043272
5.865189,0.672441,0.002138,0.042872
5.946695,0.670939,0.002208,0.042877
6.029391,0.670007,0.002219,0.042770
6.113315,0.669037,0.002235,0.042889
6.198222,0.667746,0.002205,0.043043
6.284443,0.666970,0.002221,0.042949
6.371834,0.665937,0.002161,0.043172
6.460299,0.664620,0.002177,0.043244
6.550084,0.663150,0.002239,0.043859
6.641323,0.661572,0.002232,0.043535
6.733622,0.660143,0.002230,0.043149
6.827267,0.659120,0.002203,0.042599
6.922355,0.657513,0.002227,0.042524
7.018502,0.655791,0.002277,0.042605
7.116000,0.655085,0.002310,0.042347
7.214901,0.653104,0.002260,0.042177
7.315256,0.652033,0.002255,0.042853
7.417036,0.651441,0.002217,0.042921
7.520064,0.650248,0.002233,0.044286
7.624638,0.649398,0.002289,0.044892
7.730715,0.648572,0.002257,0.044768
7.838161,0.647289,0.002240,0.044768
7.947177,0.646052,0.002324,0.045353
8.057590,0.644713,0.002259,0.045838
8.169717,0.643548,0.002271,0.045460
8.283245,0.642293,0.002224,0.045781
8.398503,0.640383,0.002292,0.045995
8.515335,0.639089,0.002280,0.046291
8.633694,0.637526,0.002294,0.046793
8.753711,0.636428,0.002353,0.047125
8.875552,0.634341,0.002301,0.046927
8.998884,0.633326,0.002309,0.047200
9.124031,0.632698,0.002353,0.047267
9.251105,0.631741,0.002329,0.047723
9.379439,0.631159,0.002360,0.046742
9.509939,0.629470,0.002341,0.047009
9.642287,0.628850,0.002376,0.047091
9.776301,0.627567,0.002319,0.047524
9.912340,0.626609,0.002396,0.047241
10.050045,0.625798,0.002369,0.046896
10.189960,0.624361,0.002431,0.047071
10.331593,0.623248,0.002320,0.047568
10.475343,0.621848,0.002389,0.047437
10.621113,0.620209,0.002374,0.046955
10.768777,0.618509,0.002366,0.046696
10.918492,0.618628,0.002347,0.047203
11.070253,0.617563,0.002343,0.046788
11.224388,0.616067,0.002347,0.047563
11.380282,0.615765,0.002467,0.048422
11.538613,0.614767,0.002358,0.048286
11.699040,0.615130,0.002398,0.048949
11.861838,0.613365,0.002368,0.048866
12.026748,0.612057,0.002394,0.048294
12.194086,0.610861,0.002382,0.048145
12.363536,0.609428,0.002439,0.048495
12.535411,0.608985,0.002428,0.048396
12.710048,0.608061,0.002372,0.048609
12.886846,0.606198,0.002416,0.048146
13.065901,0.604959,0.002458,0.048118
13.247694,0.603167,0.002430,0.047549
13.431872,0.602026,0.002425,0.047653
13.618687,0.600735,0.002445,0.047871
13.808018,0.598765,0.002453,0.047569
14.000076,0.597478,0.002556,0.047657
14.194757,0.597185,0.002472,0.047346
14.392218,0.596989,0.002538,0.047088
14.592391,0.596396,0.002423,0.047486
14.795241,0.595613,0.002476,0.047350
15.001120,0.595022,0.002458,0.047076
15.209700,0.593600,0.002459,0.047358
15.421275,0.592622,0.002512,0.047941
15.635767,0.591311,0.002529,0.048101
15.853191,0.590500,0.002471,0.048867
16.073776,0.588965,0.002419,0.049950
16.297373,0.587798,0.002503,0.050507
16.523805,0.586011,0.002509,0.050375
16.753729,0.585067,0.002495,0.051770
16.986716,0.583548,0.002500,0.051499
17.223031,0.583346,0.002542,0.051736
17.462506,0.582548,0.002530,0.052366
17.705321,0.581552,0.002511,0.051721
17.951559,0.579617,0.002597,0.051412
18.201352,0.577617,0.002591,0.052122
18.454476,0.576693,0.002540,0.051153
18.711010,0.576391,0.002522,0.051669
18.971469,0.575530,0.002570,0.050525
19.235197,0.573907,0.002636,0.050953
19.502884,0.571948,0.002611,0.051777
19.774006,0.571907,0.002576,0.052011
20.049203,0.570737,0.002573,0.051806
20.328090,0.569400,0.002619,0.052421
20.610669,0.568765,0.002656,0.052823
20.897484,0.567357,0.002690,0.053085
21.188183,0.566348,0.002585,0.053214
21.482934,0.565143,0.002618,0.051708
21.781652,0.564604,0.002646,0.050709
22.084468,0.563635,0.002635,0.051482
22.391778,0.562770,0.002618,0.052607
22.703134,0.560948,0.002704,0.052224
23.018968,0.560402,0.002614,0.053245
23.339220,0.559574,0.002625,0.054452
23.663657,0.558696,0.002725,0.055112
23.992921,0.557524,0.002703,0.055362
24.326547,0.556124,0.002658,0.055717
24.664929,0.555713,0.002605,0.055219
25.008027,0.554839,0.002690,0.054245
25.355847,0.554717,0.002636,0.053606
25.708467,0.554293,0.002766,0.053758
26.066065,0.553115,0.002681,0.054420
26.428609,0.552974,0.002718,0.054669
26.796246,0.550843,0.002756,0.054262
27.168723,0.550296,0.002669,0.055251
27.547005,0.549424,0.002766,0.055383
27.930143,0.547796,0.002642,0.056079
28.318559,0.548017,0.002745,0.056823
28.712467,0.547576,0.002680,0.057449
29.111959,0.546661,0.002711,0.057325
29.516826,0.544541,0.002783,0.056983
29.927256,0.543443,0.002762,0.057229
30.343549,0.543891,0.002782,0.056678
30.765581,0.542176,0.002752,0.057145
31.193473,0.540957,0.002817,0.057797
31.627540,0.539865,0.002806,0.057452
32.067312,0.540617,0.002720,0.058416
32.513351,0.539061,0.002777,0.058368
32.965679,0.537028,0.002812,0.056765
33.424133,0.538722,0.002732,0.058034
33.889023,0.537522,0.002774,0.058998
34.360624,0.535470,0.002835,0.059180
34.838372,0.533996,0.002753,0.059452
35.323094,0.534972,0.002843,0.059411
35.814260,0.534663,0.002747,0.059629
36.312476,0.533530,0.002815,0.060091
36.817601,0.532137,0.002867,0.059998
37.329797,0.530509,0.002863,0.059697
37.848997,0.528950,0.002782,0.059233
38.375677,0.529837,0.002937,0.059274
38.909105,0.528720,0.002810,0.060210
39.450610,0.527039,0.002826,0.060411
39.999430,0.526026,0.002819,0.060466
40.555722,0.524365,0.002828,0.061836
41.119860,0.523939,0.002818,0.060277
41.691669,0.524917,0.002875,0.061569
42.271652,0.524811,0.002919,0.062335
42.859664,0.522239,0.002879,0.061956
43.455886,0.521728,0.002873,0.061718
44.060379,0.521093,0.002821,0.062729
44.673327,0.520233,0.002901,0.062008
45.294517,0.518313,0.002885,0.062453
45.924692,0.518454,0.002948,0.064407
46.563683,0.518680,0.002949,0.064009
47.211034,0.517357,0.002892,0.064208
47.867805,0.517467,0.002917,0.064840
48.533839,0.516674,0.003020,0.064843
49.208980,0.516222,0.002893,0.064653
49.893295,0.515411,0.002946,0.064188
50.587431,0.514270,0.002917,0.064175
51.291148,0.514528,0.002976,0.065574
52.004427,0.512880,0.002909,0.064121
52.728039,0.510352,0.002976,0.062057
53.461704,0.509783,0.002879,0.063642
54.205032,0.510096,0.003020,0.063284
54.959068,0.510622,0.003035,0.062985
55.723663,0.509563,0.003054,0.063669
56.498771,0.508761,0.002974,0.063277
57.284636,0.507183,0.002980,0.062324
58.081309,0.507565,0.003012,0.063892
58.889362,0.505339,0.002983,0.063912
59.708406,0.504030,0.003042,0.063615
60.539217,0.504061,0.003140,0.063640
61.381148,0.503233,0.003138,0.063983
62.234899,0.500861,0.002951,0.064065
63.100755,0.500315,0.003048,0.065020
63.978646,0.499898,0.003157,0.065815
64.868535,0.499280,0.003046,0.066387
65.770844,0.499065,0.003109,0.066778
66.685841,0.497170,0.003066,0.066488
67.613457,0.496024,0.003066,0.066334
68.553994,0.494126,0.003048,0.067578
69.507674,0.494617,0.003083,0.067082
70.474399,0.493422,0.003069,0.066752
71.454896,0.492339,0.003071,0.067013
72.448715,0.492091,0.003061,0.066623
73.456505,0.491996,0.003244,0.067599
74.478496,0.491733,0.003189,0.068328
75.514392,0.490126,0.003107,0.067535
76.564795,0.488583,0.003237,0.066276
77.630106,0.488800,0.003215,0.065401
78.709608,0.489070,0.003169,0.066493
79.804689,0.487626,0.003260,0.066194
80.914786,0.488470,0.003158,0.067445
82.040362,0.488052,0.003202,0.067183
83.181550,0.486459,0.003201,0.069454
84.338774,0.485985,0.003320,0.070448
85.511804,0.486320,0.003161,0.069423
86.701478,0.485833,0.003086,0.069969
87.907376,0.485400,0.003235,0.070622
89.130396,0.485837,0.003092,0.070443
90.370304,0.484811,0.003278,0.070753
91.627278,0.483959,0.003147,0.070073
92.902001,0.483091,0.003241,0.070273
94.194279,0.482546,0.003246,0.071729
95.504644,0.482196,0.003275,0.069025
96.832919,0.483952,0.003216,0.070523
98.180021,0.483746,0.003289,0.070456
99.545917,0.484354,0.003248,0.071358
100.930723,0.480211,0.003253,0.072485
102.334685,0.481413,0.003194,0.070776
103.758148,0.478343,0.003266,0.071346
105.201611,0.476724,0.003292,0.071513
106.664969,0.477191,0.003254,0.072259
108.148784,0.477224,0.003264,0.072010
109.652948,0.477978,0.003245,0.073328
111.178513,0.479602,0.003330,0.073522
112.725265,0.479030,0.003183,0.072715
114.293304,0.479483,0.003343,0.074466
115.883011,0.480598,0.003166,0.074842
117.495181,0.478698,0.003325,0.074492
119.129508,0.479204,0.003219,0.072323
120.786874,0.478139,0.003383,0.073393
122.467150,0.476598,0.003327,0.071630
124.170672,0.475876,0.003306,0.072970
125.898034,0.477002,0.003239,0.072465
127.649106,0.475750,0.003301,0.074987
129.425047,0.476009,0.003354,0.075249
131.225163,0.476037,0.003280,0.076546
133.051029,0.474300,0.003343,0.075542
134.901847,0.472198,0.003359,0.074565
136.778287,0.471359,0.003349,0.074760
138.681178,0.473991,0.003380,0.075734
140.610266,0.473178,0.003264,0.074199
142.566237,0.471622,0.003294,0.073659
144.549631,0.471678,0.003439,0.075094
146.560397,0.469157,0.003388,0.075320
148.599107,0.467096,0.003352,0.076139
150.666327,0.467241,0.003321,0.075924
152.761943,0.467713,0.003296,0.074820
154.887066,0.467622,0.003420,0.078199
157.041667,0.467759,0.003527,0.073469
159.226579,0.466091,0.003406,0.073550
161.441473,0.465165,0.003336,0.074806
163.687321,0.462511,0.003466,0.076052
165.964336,0.462522,0.003456,0.076609
168.273059,0.461137,0.003449,0.077397
170.613853,0.461017,0.003384,0.077635
172.987194,0.464580,0.003332,0.076387
175.393644,0.464187,0.003471,0.077275
177.833422,0.465067,0.003372,0.077337
180.307352,0.462554,0.003603,0.075287
182.815438,0.462952,0.003372,0.075672
185.358795,0.463622,0.003404,0.075172
187.937352,0.461152,0.003397,0.074581
190.551811,0.459398,0.003644,0.079260
193.202296,0.462285,0.003480,0.078940
195.889975,0.461761,0.003385,0.077714
198.615181,0.460907,0.003540,0.076911
201.378235,0.459350,0.003517,0.077955
204.179425,0.459046,0.003461,0.076632
207.019802,0.457570,0.003542,0.079508
209.899682,0.458657,0.003553,0.077000
212.819643,0.457580,0.003461,0.077911
215.780150,0.458659,0.003505,0.075817
218.781629,0.458191,0.003359,0.075675
221.825311,0.456289,0.003429,0.074762
224.911178,0.456491,0.003471,0.075279
228.039861,0.455826,0.003540,0.074495
231.212191,0.457920,0.003547,0.077464
234.428675,0.458611,0.003501,0.077281
237.689565,0.457554,0.003504,0.076867
240.996280,0.457865,0.003563,0.078869
244.348682,0.458941,0.003395,0.080107
247.747617,0.456735,0.003521,0.077677
251.194248,0.458278,0.003622,0.078772
254.688773,0.456859,0.003635,0.079573
258.231967,0.457020,0.003449,0.077374
261.823965,0.456691,0.003569,0.077173
265.466230,0.457824,0.003550,0.077667
269.159255,0.455559,0.003662,0.076786
272.903417,0.455500,0.003405,0.077092
276.699926,0.453861,0.003582,0.078911
280.549170,0.452626,0.003618,0.077312
284.451745,0.453413,0.003545,0.076032
288.409067,0.448261,0.003602,0.075792
292.421068,0.449307,0.003526,0.075532
296.488814,0.449541,0.003570,0.077068
300.613414,0.448450,0.003485,0.078243
304.795344,0.449165,0.003356,0.078565
309.035299,0.450085,0.003518,0.078515
313.334334,0.448891,0.003498,0.078420
317.693075,0.450343,0.003527,0.077312
322.112473,0.450948,0.003431,0.077331
326.593500,0.452230,0.003438,0.078491
331.136880,0.451696,0.003597,0.078220
335.743349,0.451009,0.003526,0.078826
340.413870,0.451015,0.003690,0.078132
345.149387,0.449504,0.003632,0.080391
349.950977,0.448098,0.003522,0.079795
354.819155,0.450128,0.003529,0.077216
359.754684,0.452241,0.003572,0.078816
364.759690,0.450863,0.003604,0.076400
369.833707,0.454480,0.003485,0.076772
374.978740,0.451391,0.003534,0.076356
380.194830,0.451211,0.003587,0.078401
385.484292,0.450515,0.003582,0.077550
390.846503,0.450459,0.003486,0.080102
396.283561,0.449672,0.003725,0.081834
401.796500,0.449220,0.003714,0.081923
407.386266,0.451367,0.003738,0.080513
413.053019,0.449383,0.003485,0.080066
418.799376,0.448939,0.003585,0.079940
424.625456,0.447670,0.003569,0.080063
430.532394,0.449417,0.003606,0.084294
436.521664,0.448180,0.003928,0.081368
442.594319,0.448543,0.003691,0.080580
448.751358,0.449278,0.003872,0.082212
454.993971,0.447085,0.003609,0.084263
461.323675,0.447765,0.003904,0.083708
467.741005,0.446572,0.003615,0.084782
474.248104,0.446978,0.003876,0.084693
480.845304,0.445120,0.003789,0.084826
487.534301,0.445565,0.003650,0.086223
494.316476,0.443974,0.003809,0.084141
501.193119,0.442063,0.003779,0.082734
508.165369,0.445430,0.003888,0.082011
515.234439,0.444204,0.003850,0.083320
522.401904,0.445641,0.003671,0.083113
529.669416,0.445811,0.003956,0.081596
537.037808,0.444678,0.003796,0.083027
544.508685,0.442559,0.003853,0.080005
552.083263,0.441493,0.003733,0.081620
559.763406,0.443591,0.003827,0.082172
567.550515,0.446441,0.003718,0.081856
575.445766,0.445139,0.003705,0.082243
583.450966,0.445930,0.003665,0.081921
591.567348,0.443887,0.003815,0.083717
599.796890,0.444020,0.003799,0.083590
608.140891,0.446235,0.003963,0.083758
616.601028,0.443202,0.003933,0.083870
625.178730,0.440624,0.003722,0.083051
633.875682,0.441322,0.004114,0.083875
642.693695,0.440076,0.003666,0.084855
651.634386,0.438987,0.003881,0.084532
660.699366,0.439783,0.003802,0.081333
669.890719,0.441550,0.003814,0.082236
679.209559,0.439357,0.003712,0.079959
688.658342,0.441289,0.003677,0.082705
698.238126,0.442037,0.003717,0.081555
707.951583,0.442096,0.003778,0.081280
717.800267,0.440026,0.003817,0.080563
727.785560,0.438239,0.003739,0.082202
737.910200,0.436928,0.003968,0.082110
748.175420,0.440828,0.003610,0.081301
758.583676,0.439376,0.003816,0.084104
769.136311,0.439776,0.003786,0.086845
779.836363,0.439676,0.003814,0.084362
790.684735,0.437946,0.004016,0.086987
801.683934,0.437859,0.003837,0.084070
812.836342,0.436509,0.003849,0.085524
824.144315,0.438743,0.003763,0.087151
835.609125,0.441376,0.003823,0.085385
847.233291,0.440111,0.003829,0.082333
859.019266,0.440130,0.003556,0.081769
870.969399,0.442785,0.003714,0.082208
883.085931,0.441270,0.003837,0.084215
895.370641,0.441276,0.004075,0.083484
907.826544,0.444124,0.003770,0.083584
920.455646,0.439600,0.003979,0.084812
933.260215,0.440576,0.003837,0.085460
946.243113,0.442863,0.003629,0.083112
959.406733,0.441857,0.003824,0.083196
972.753038,0.438978,0.003803,0.082707
986.285571,0.438439,0.003882,0.084271
1000.005595,0.438883,0.003828,0.084389
1013.917230,0.441389,0.003755,0.084166
1028.022321,0.441252,0.003702,0.083635
1042.323369,0.441841,0.003895,0.086312
1056.823339,0.442463,0.003796,0.082650
1071.525303,0.439648,0.003724,0.083377
1086.431454,0.440450,0.003568,0.086016
1101.545476,0.438165,0.003796,0.085378
1116.869324,0.438391,0.003833,0.087422
1132.406058,0.438965,0.004069,0.088289
1148.159709,0.440763,0.003751,0.088215
1164.131882,0.442830,0.003918,0.084356
1180.326762,0.442093,0.003894,0.085093
1196.746577,0.442585,0.003647,0.085380
1213.394599,0.442783,0.003648,0.083696
1230.274845,0.440752,0.003988,0.086037
1247.389602,0.438667,0.003987,0.085888
1264.742225,0.441491,0.004125,0.086523
1282.336415,0.441370,0.003820,0.084384
1300.175434,0.440626,0.003993,0.083534
1318.262855,0.440048,0.003825,0.084329
1336.601242,0.442570,0.003798,0.084061
1355.195281,0.440209,0.003808,0.082683
1374.047901,0.439339,0.003818,0.084175
1393.162856,0.440322,0.003845,0.086668
1412.543384,0.440546,0.003762,0.087670
1432.193990,0.438852,0.003818,0.087603
1452.117562,0.435022,0.004085,0.082929
1472.318419,0.437065,0.003849,0.084999
1492.800461,0.432952,0.003950,0.085657
1513.567111,0.438013,0.003819,0.082181
1534.622751,0.439263,0.003792,0.084840
1555.971248,0.437522,0.003762,0.084210
1577.617258,0.437091,0.003954,0.083659
1599.564002,0.437063,0.003768,0.082802
1621.816130,0.438615,0.004102,0.086912
1644.377693,0.438552,0.004171,0.086086
1667.253226,0.440009,0.003779,0.082725
1690.446816,0.439843,0.003931,0.081614
1713.963266,0.437226,0.003985,0.086247
1737.806819,0.435511,0.003693,0.084886
1761.982203,0.439924,0.003896,0.085766
1786.493512,0.434174,0.004105,0.085328
1811.346009,0.439204,0.003814,0.084005
1836.544301,0.439759,0.003702,0.082040
1862.093153,0.438030,0.004071,0.084210
1887.997423,0.435648,0.003945,0.084377
1914.261850,0.439922,0.003979,0.082807
1940.891840,0.438622,0.003706,0.085155
1967.892334,0.436070,0.003992,0.086464
1995.268500,0.432698,0.003899,0.086408
2023.025272,0.431187,0.004117,0.085636
2051.168439,0.434698,0.004185,0.085806
2079.702710,0.433748,0.004015,0.085833
2108.634071,0.434276,0.003968,0.086593
2137.968077,0.434772,0.004009,0.087980
2167.709891,0.435750,0.003872,0.086675
2197.866052,0.435539,0.003828,0.085500
2228.441302,0.436626,0.004001,0.087052
2259.441696,0.437804,0.004606,0.088069
2290.873804,0.434428,0.004045,0.086201
2322.742685,0.440517,0.003841,0.087295
2355.055325,0.436250,0.003930,0.089758
2387.817180,0.439176,0.003754,0.084577
2421.035049,0.438309,0.004011,0.087754
2454.714866,0.436200,0.003868,0.087945
2488.863127,0.438611,0.003855,0.087706
2523.486851,0.436530,0.003871,0.086785
2558.591984,0.439917,0.004129,0.083863
2594.185406,0.437107,0.004225,0.083365
2630.273958,0.436815,0.003717,0.083234
2666.864402,0.438867,0.003852,0.082459
2703.964275,0.437483,0.004012,0.082092
2741.580132,0.438948,0.003966,0.084077
2779.719462,0.441750,0.005260,0.086133
2818.389081,0.441591,0.003764,0.082307
2857.596331,0.441939,0.003814,0.085847
2897.349474,0.442087,0.003852,0.083823
2937.655502,0.443559,0.003743,0.088055
2978.522274,0.445159,0.004172,0.089237
3019.957662,0.438774,0.004070,0.086453
3061.969410,0.442063,0.003954,0.086812
3104.565506,0.441696,0.003962,0.089548
3147.754322,0.441567,0.003913,0.086311
3191.543773,0.438957,0.003819,0.085201
3235.942485,0.441500,0.003798,0.087028
3280.958681,0.442515,0.003959,0.086328
3326.601203,0.445435,0.003676,0.086238
3372.878906,0.440857,0.004158,0.084614
3419.800531,0.440857,0.003760,0.085980
3467.374351,0.442359,0.003784,0.083829
3515.610451,0.439622,0.003732,0.086196
3564.517420,0.436683,0.003776,0.084604
3614.104687,0.438189,0.003758,0.084566
3664.381588,0.435652,0.003787,0.085462
3715.358278,0.433650,0.003967,0.084762
3767.043865,0.438452,0.003654,0.081732
3819.448689,0.446211,0.003583,0.085093
3872.582263,0.440915,0.003756,0.088430
3926.455241,0.441780,0.003795,0.082991
3981.077445,0.439972,0.003763,0.086163
4036.459825,0.437976,0.003645,0.083937
4092.612355,0.439400,0.003964,0.084806
4149.546451,0.440807,0.003842,0.085742
4207.272361,0.440007,0.003905,0.087993
4265.801277,0.444439,0.004041,0.085502
4325.144168,0.439089,0.003653,0.083460
4385.312833,0.439702,0.003835,0.084932
4446.318401,0.437054,0.003829,0.085538
4508.172953,0.436767,0.003730,0.088310
4570.887952,0.436822,0.003979,0.086400
4634.475387,0.433707,0.003839,0.088127
4698.947094,0.437859,0.003877,0.087560
4764.315620,0.437674,0.003769,0.085292
4830.594016,0.436467,0.004011,0.083700
4897.794202,0.442211,0.003938,0.085221
4965.929156,0.440287,0.003974,0.086614
5035.012113,0.441067,0.004491,0.086911
5105.056244,0.435946,0.004139,0.088575
5176.074454,0.436980,0.004306,0.088107
5248.080501,0.437898,0.003825,0.084018
5321.088515,0.440076,0.003885,0.082796
5395.112159,0.439854,0.003724,0.085920
5470.165613,0.435678,0.003948,0.086858
5546.263121,0.442648,0.003809,0.086881
5623.419570,0.433633,0.003945,0.087060
5701.648595,0.435491,0.003910,0.086433
5780.966529,0.437652,0.003782,0.085944
5861.387527,0.436828,0.003892,0.090293
5942.927630,0.437337,0.003982,0.088040
6025.601903,0.439750,0.003933,0.089064
6109.426038,0.437989,0.003500,0.084818
6194.416814,0.444363,0.003714,0.084668
6280.589481,0.439028,0.006771,0.082862
6367.961420,0.438628,0.004110,0.084779
-nan,0.439161,-nan,0.085747
6546.367680,0.438378,0.003852,0.085200
6637.436691,0.442891,0.003928,0.086993
6729.772489,0.436328,0.004180,0.090358
6823.393014,0.436976,0.004125,0.091011
-nan,0.430617,-nan,0.090162
7014.559236,0.435613,0.003975,0.086206
7112.141082,0.437611,0.003989,0.085731
7211.080925,0.439526,0.003982,0.084089
7311.396691,0.435372,0.003820,0.087245
7413.108372,0.437496,0.003941,0.087319
7516.234946,0.444274,0.003730,0.083892
7620.796040,0.440363,0.003832,0.088464
7726.811754,0.436852,0.003998,0.084316
7834.302459,0.440059,0.003987,0.086079
7943.288513,0.439254,0.003956,0.089478
8053.790531,0.436724,0.003804,0.082009
8165.830001,0.436687,0.003801,0.085775
8279.427985,0.435270,0.004167,0.089718
8394.606013,0.438620,0.004076,0.087068
8511.386221,0.439537,0.003856,0.082404
8629.791504,0.439433,0.004026,0.084929
8749.843654,0.441428,0.003684,0.083371
8871.566091,0.435863,0.003963,0.085493
8994.981895,0.439385,0.004150,0.087085
9120.114280,0.438896,0.004041,0.088280
9246.987623,0.440922,0.003741,0.083606
9375.626062,0.435380,0.003976,0.086862
9506.053801,0.434620,0.003814,0.088168
9638.296055,0.438239,0.004107,0.087613
9772.378395,0.437150,0.004222,0.086430
9908.325359,0.437567,0.004049,0.085063
10046.164100,0.437752,0.003737,0.084211
10185.919895,0.438796,0.003796,0.085542
10327.620059,0.440854,0.004145,0.084524
10471.291647,0.437759,0.004188,0.088939
10616.961750,0.440228,0.004305,0.092900
10764.658318,0.438924,0.003845,0.085109
10914.409336,0.436417,0.004611,0.086824
11066.244006,0.436798,0.004515,0.088714
11220.190770,0.436111,0.004207,0.088368
11376.278990,0.433393,0.003849,0.086907
11534.538431,0.438250,0.003843,0.085855
11694.999678,0.444926,0.003678,0.083510
11857.693272,0.440791,0.003703,0.081853
12022.650240,0.442187,0.003580,0.082925
12189.901894,0.443633,0.003546,0.085992
12359.480321,0.434176,0.003952,0.083741
12531.417722,0.444511,0.004071,0.086555
12705.747041,0.442959,0.003810,0.085028
12882.501433,0.440459,0.003895,0.084001
13061.714875,0.437791,0.004114,0.090643
13243.421167,0.441237,0.003662,0.084202
13427.655449,0.440448,0.003876,0.085340
13614.452877,0.434450,0.003841,0.084392
13803.848560,0.434830,0.004140,0.084972
13995.879227,0.438396,0.003879,0.084380
14190.581236,0.438130,0.003902,0.086636
14387.991856,0.439998,0.003576,0.080619
14588.148313,0.441589,0.003770,0.082989
14791.089766,0.435885,0.003868,0.086728
14996.854152,0.435689,0.003821,0.086008
15205.481427,0.440311,0.003821,0.088232
15417.010526,0.434933,0.004179,0.087198
15631.482539,0.440233,0.003703,0.086370
15848.938083,0.437022,0.003944,0.085748
16069.418340,0.435209,0.003695,0.084185
16292.966424,0.437307,0.003868,0.084814
16519.624109,0.436467,0.003487,0.088262
16749.434903,0.435546,0.003837,0.086454
16982.442429,0.434574,0.004561,0.087514
17218.691882,0.437404,0.007055,0.088252
17458.227489,0.441787,0.003814,0.085302
17701.095499,0.433291,0.003758,0.086592
17947.342211,0.435115,0.003638,0.085812
18197.014646,0.438396,0.003906,0.087593
18450.160004,0.443926,0.003766,0.084487
18706.827413,0.440326,0.004129,0.086282
18967.065362,0.438457,0.003883,0.084612
19230.923251,0.438091,0.004179,0.085109
19498.452431,0.435493,0.006533,0.089167
19769.518215,0.433222,6.246209,0.090236
20044.726422,0.440107,-nan,0.085590
20323.576182,0.437098,-nan,0.083653
20606.305164,0.438465,-nan,0.083183
20892.967349,0.440439,-nan,0.089070
21183.617275,0.440043,-nan,0.087747
21478.310741,0.440657,-nan,0.085069
21777.103800,0.437498,-nan,0.088332
22080.053246,0.445424,-nan,0.083263
22387.217421,0.439070,-nan,0.087411
22698.654476,0.441017,-nan,0.083976
23014.424131,0.436976,-nan,0.086443
23334.586618,0.438250,-nan,0.089679
23659.203011,0.434496,-nan,0.087981
23988.265660,0.440883,-nan,0.088923
24322.045962,0.434611,-nan,0.087750
24660.399470,0.437039,-nan,0.088582
25003.459701,0.437143,-nan,0.087579
25351.292405,0.434828,-nan,0.085401
25703.963784,0.440470,-nan,0.089187
26061.541351,0.436413,-nan,0.086856
26424.093543,0.440035,-nan,0.090528
26791.689144,0.445491,-nan,0.085065
27164.398459,0.436567,-nan,0.087487
27542.293074,0.434343,-nan,0.092071
27925.260888,0.434735,-nan,0.092617
28313.926151,0.442296,-nan,0.094242
28707.811930,0.438685,-nan,0.090686
29107.177201,0.436107,-nan,0.087476
29512.098426,0.434676,-nan,0.091317
29922.652325,0.438670,-nan,0.084983
30338.917804,0.438730,-nan,0.091886
30760.973996,0.437261,-nan,0.093437
31188.901988,0.432470,-nan,0.091409
31622.782582,0.436820,-nan,0.090570
32062.699269,0.437076,-nan,0.087281
32508.735763,0.433628,-nan,0.092571
32960.977177,0.435361,-nan,0.087649
33419.509953,0.441646,-nan,0.087429
33884.421386,0.437809,-nan,0.089611
34355.800869,0.437628,-nan,0.089232
34833.737474,0.435787,-nan,0.090938
35318.322770,0.433898,-nan,0.084334
35809.649575,0.440759,-nan,0.086053
36307.811225,0.439230,-nan,0.087039
36812.903312,0.431920,-nan,0.089445
37325.021950,0.438120,-nan,0.089325
37844.264316,0.436370,-nan,0.090886
38370.730633,0.437330,-nan,0.086414
38904.520292,0.437572,-nan,0.088382
39445.736252,0.432657,-nan,0.090344
39994.480729,0.434326,-nan,0.091604
40550.859362,0.439915,-nan,0.088436
41114.977771,0.437861,-nan,0.086819
41686.944342,0.436157,-nan,0.089924
42266.867487,0.436824,-nan,0.091675
42854.857931,0.439715,-nan,0.091282
43451.028628,0.433396,-nan,0.089399
44055.492336,0.439196,-nan,0.092745
44668.365396,0.434089,-nan,0.090892
45289.763913,0.435013,-nan,0.089944
45919.807258,0.438741,-nan,0.086661
46558.615655,0.433085,-nan,0.093018
47206.310137,0.435230,-nan,0.086747
47863.015166,0.431702,-nan,0.088106
48528.743638,0.436463,-nan,0.089585
49203.959391,0.436376,-nan,0.090738
49888.454786,0.438889,-nan,0.090656
50582.472180,0.434700,-nan,0.091871
51286.144593,0.442261,-nan,0.090427
51999.605668,0.434346,-nan,0.090879
52722.991879,0.439507,-nan,0.089250
53456.441964,0.439057,-nan,0.093824
54200.094920,0.433770,-nan,0.090971
54954.093361,0.433489,-nan,0.091767
55718.580944,0.433872,-nan,0.090760
56493.703442,0.438317,-nan,0.091192
57279.608980,0.435563,-nan,0.089416
58076.447482,0.438372,-nan,0.092245
58884.371535,0.433822,-nan,0.094840
59703.534685,0.435670,-nan,0.090192
60534.093473,0.434309,-nan,0.090673
61376.206411,0.437267,-nan,0.088375
62230.034501,0.437270,-nan,0.093222
63095.740143,0.437991,-nan,0.092114
63973.245701,0.433185,-nan,0.095743
64863.449413,0.433348,-nan,0.094474
65765.789707,0.435320,-nan,0.097016
66680.682936,0.433722,-nan,0.095048
67607.352720,0.434024,-nan,0.095923
68548.828868,0.430504,-nan,0.096294
69502.437512,0.434409,-nan,0.092828
70469.313068,0.429967,-nan,0.094471
71449.638404,0.437913,-nan,0.095133
72443.601775,0.431939,-nan,0.093485
73451.392731,0.439124,-nan,0.091033
74473.203338,0.433078,-nan,0.090374
75509.228662,0.436080,-nan,0.092116
76559.666665,0.433396,-nan,0.096201
77624.717575,0.434426,-nan,0.094404
78704.585009,0.434313,-nan,0.098077
79799.474939,0.437713,-nan,0.091859
80909.595968,0.431863,-nan,0.090160
82033.374314,0.433752,-nan,0.096981
83176.383232,0.434980,-nan,0.095178
84333.481702,0.436702,-nan,0.095510
85506.677234,0.434548,-nan,0.094504
86696.193604,0.436961,-nan,0.097243
87902.257728,0.434939,-nan,0.092908
89125.099736,0.435785,-nan,0.096991
90364.953268,0.430570,-nan,0.093990
91622.054965,0.435793,-nan,0.097086
92895.321224,0.432135,-nan,0.095783
94188.965790,0.431817,-nan,0.097170
95499.264761,0.435865,-nan,0.095706
96827.791484,0.436933,-nan,0.098003
98174.800220,0.436352,-nan,0.096600
99540.547476,0.437659,-nan,0.097640
100925.294710,0.433302,-nan,0.097947
102329.305325,0.431115,-nan,0.096392
103752.291032,0.432626,-nan,0.096045
105196.193303,0.434478,-nan,0.100092
106658.342264,0.434628,-nan,0.095632
108143.401026,0.431037,-nan,0.103001
109647.825619,0.434037,-nan,0.099631
111173.178874,0.431007,-nan,0.100644
112719.687928,0.435013,-nan,0.098248
114287.839428,0.436900,-nan,0.098106
115877.741722,0.431980,-nan,0.096812
117489.761696,0.432420,-nan,0.101974
119124.206622,0.434517,-nan,0.100064
120780.355263,0.427080,-nan,0.101202
122461.625675,0.429296,-nan,0.098430
124165.236690,0.435213,-nan,0.099978
125892.547351,0.429463,-nan,0.098741
127643.886717,0.433998,-nan,0.098882
129419.590134,0.433163,-nan,0.098503
131219.995988,0.431041,-nan,0.099920
133045.447794,0.433248,-nan,0.102023
134896.294270,0.428615,-nan,0.100002
136772.888397,0.431893,-nan,0.100581
138675.588830,0.435122,-nan,0.100265
140604.550516,0.428985,-nan,0.099766
142560.765463,0.432357,-nan,0.102452
144542.704482,0.435565,-nan,0.101207
146553.833658,0.431563,-nan,0.103225
148593.570148,0.433013,-nan,0.103684
150659.387074,0.430554,-nan,0.105024
152756.611813,0.428078,-nan,0.109000
154881.192369,0.429350,-nan,0.104291
157035.593867,0.426437,-nan,0.103640
159220.878529,0.431726,-nan,0.104450
161435.861841,0.429759,-nan,0.106290
163681.658076,0.430413,-nan,0.107832
165958.696836,0.423846,-nan,0.108635
168267.412076,0.427661,-nan,0.104737
170608.244976,0.429102,-nan,0.106098
172981.344107,0.424459,-nan,0.109135
175388.056231,0.433017,-nan,0.106873
177827.947054,0.425226,-nan,0.106167
180301.779860,0.433343,-nan,0.107873
182810.027634,0.427767,-nan,0.106231
185353.168079,0.430902,-nan,0.102847
187931.687601,0.427313,-nan,0.106146
190546.077544,0.429724,-nan,0.105149
193196.058613,0.426350,-nan,0.105928
195884.368608,0.422161,-nan,0.109477
198605.521440,0.424028,-nan,0.108353
201371.725401,0.425641,-nan,0.112024
204173.000234,0.429330,-nan,0.110594
207014.140859,0.427567,-nan,0.111771
209893.994287,0.430022,-nan,0.112613
212813.401958,0.427117,-nan,0.113574
215773.421932,0.427622,-nan,0.113028
218773.895851,0.423857,-nan,0.114894
221819.648268,0.422133,-nan,0.113671
224905.466740,0.418693,-nan,0.111310
228034.213258,0.422046,-nan,0.114914
231205.944177,0.424028,-nan,0.115124
234422.887647,0.418802,-nan,0.116763
237682.298344,0.419904,-nan,0.118477
240990.549095,0.426487,-nan,0.115882
244343.061503,0.420276,-nan,0.117459
247742.211410,0.429813,-nan,0.116246
251188.649544,0.420002,-nan,0.116729
254682.268582,0.424598,-nan,0.113783
258226.025356,0.419609,-nan,0.115637
261818.306656,0.426785,-nan,0.117634
265459.863537,0.423478,-nan,0.117108
269153.486448,0.424135,-nan,0.117987
272897.784127,0.421389,-nan,0.116138
276694.170290,0.422596,-nan,0.116390
280543.369979,0.423393,-nan,0.117975
284443.971731,0.420283,-nan,0.115865
288398.281734,0.421741,-nan,0.118712
292414.169554,0.427137,-nan,0.118999
296483.145038,0.420011,-nan,0.119278
300604.531508,0.422237,-nan,0.123239
304788.081515,0.421026,-nan,0.122750
309026.293870,0.427191,-nan,0.122597
313328.578464,0.418350,-nan,0.123517
317682.501284,0.417104,-nan,0.123591
322106.604551,0.419878,-nan,0.125098
326581.592981,0.414707,-nan,0.126056
331131.011712,0.416317,-nan,0.126727
335735.204719,0.415472,-nan,0.127428
340408.195729,0.416252,-nan,0.125390
345140.175027,0.412967,-nan,0.127368
349945.173043,0.416876,-nan,0.130278
354808.979162,0.413961,-nan,0.130282
359747.771445,0.412809,-nan,0.127201
364751.766738,0.413778,-nan,0.129519
369828.185805,0.416874,-nan,0.130515
374960.648400,0.413157,-nan,0.131644
380188.776363,0.413491,-nan,0.130588
385475.079974,0.419870,-nan,0.133286
390840.901775,0.411652,-nan,0.131664
396278.040066,0.409580,-nan,0.129288
401783.438819,0.411670,-nan,0.134118
407380.283777,0.412183,-nan,0.134333
413043.250076,0.411074,-nan,0.136784
418789.470625,0.413737,-nan,0.134680
424619.569924,0.415000,-nan,0.135855
430526.616335,0.411224,-nan,0.134148
436515.837868,0.416591,-nan,0.133654
442585.985519,0.414974,-nan,0.134280
448741.367170,0.407987,-nan,0.136414
454981.399544,0.411067,-nan,0.136902
461300.844761,0.413409,-nan,0.140127
467728.311418,0.405539,-nan,0.138838
474241.251225,0.406293,-nan,0.138926
480834.993553,0.407685,-nan,0.141716
487519.735408,0.401617,-nan,0.141187
494296.758463,0.404537,-nan,0.143587
501187.239292,0.405528,-nan,0.144247
508159.448646,0.400980,-nan,0.141461
515228.650492,0.403009,-nan,0.143536
522393.847563,0.405835,-nan,0.143082
529660.119915,0.400202,-nan,0.143963
537031.802264,0.405509,-nan,0.144975
544491.293561,0.403857,-nan,0.148557
552077.445237,0.402852,-nan,0.145464
559757.607590,0.401907,-nan,0.149521
567542.810223,0.406302,-nan,0.148488
575436.456595,0.403687,-nan,0.148426
583445.110055,0.403709,-nan,0.148162
591560.821797,0.401352,-nan,0.150042
599785.333461,0.401009,-nan,0.150868
608135.007162,0.398930,-nan,0.150777
616595.007778,0.401504,-nan,0.150741
625164.617372,0.395467,-nan,0.151618
633862.009327,0.396176,-nan,0.150072
642675.079934,0.394128,-nan,0.153136
651628.399701,0.401428,-nan,0.153532
660693.453896,0.397052,-nan,0.153070
669884.453373,0.392750,-nan,0.153393
679185.135474,0.391215,-nan,0.154061
688646.427119,0.395378,-nan,0.154684
698227.660111,0.397754,-nan,0.158371
707941.015675,0.391680,-nan,0.157314
717781.808909,0.387122,-nan,0.158328
727772.260520,0.389539,-nan,0.160562
737901.550121,0.390696,-nan,0.159639
748153.456603,0.390646,-nan,0.160289
758570.149466,0.392691,-nan,0.163298
769124.442820,0.387104,-nan,0.159919
779808.049091,0.391398,-nan,0.160777
790678.365958,0.384226,-nan,0.162919
801678.069468,0.387063,-nan,0.161328
812825.161969,0.384663,-nan,0.162837
824138.121027,0.384293,-nan,0.161725
835595.895728,0.384180,-nan,0.165430
847219.107268,0.390537,-nan,0.166752
858977.542654,0.387311,-nan,0.169517
870925.138411,0.378437,-nan,0.169661
883061.382471,0.383704,-nan,0.168391
895364.771436,0.380670,-nan,0.168121
907820.536235,0.377130,-nan,0.168196
920427.574221,0.377120,-nan,0.170126
933241.469516,0.377080,-nan,0.171048
946226.798701,0.372224,-nan,0.170204
959394.270334,0.373772,-nan,0.171030
972744.645727,0.379650,-nan,0.174021
