0.000000,0.995000,0.000000,0.000000
1.003131,0.848638,0.001716,0.026723
1.015442,0.847604,0.001717,0.027194
1.027968,0.846408,0.001726,0.027070
1.040503,0.845288,0.001750,0.027165
1.053506,0.844075,0.001681,0.027102
1.066254,0.842779,0.001629,0.027313
1.079335,0.841679,0.001746,0.027080
1.092646,0.840350,0.001757,0.027158
1.106326,0.839029,0.001737,0.026790
1.119750,0.837550,0.001704,0.026650
1.133636,0.836513,0.001688,0.026713
1.147529,0.835367,0.001803,0.027048
1.161814,0.834617,0.001697,0.027462
1.175888,0.833146,0.001698,0.027414
1.190580,0.831546,0.001737,0.027166
1.205036,0.830458,0.001754,0.026964
1.220230,0.829525,0.001729,0.026948
1.234910,0.828458,0.001703,0.027463
1.250414,0.827188,0.001733,0.027610
1.265648,0.826333,0.001751,0.027515
1.281308,0.825600,0.001794,0.027655
1.297047,0.824333,0.001710,0.028119
1.313156,0.822796,0.001764,0.028204
1.329225,0.821458,0.001807,0.028542
1.345504,0.820063,0.001777,0.028962
1.362300,0.818508,0.001704,0.029389
1.379150,0.817267,0.001769,0.029606
1.396073,0.815817,0.001838,0.029958
1.413208,0.814896,0.001768,0.030224
1.430658,0.813392,0.001813,0.029703
1.448164,0.811975,0.001803,0.029595
1.466047,0.810946,0.001794,0.029488
1.484160,0.809975,0.001776,0.030015
1.502590,0.808812,0.001757,0.029775
1.521115,0.807396,0.001751,0.030056
1.539826,0.806154,0.001761,0.030281
1.558762,0.804692,0.001751,0.030605
1.577890,0.803675,0.001760,0.030582
1.597323,0.802537,0.001829,0.031099
1.617116,0.801050,0.001859,0.031378
1.637261,0.800179,0.001709,0.031737
1.657031,0.798758,0.001730,0.031740
1.677541,0.797475,0.001801,0.032062
1.698330,0.795879,0.001848,0.031756
1.719398,0.794767,0.001916,0.031723
1.740550,0.793529,0.001751,0.031819
1.761933,0.792008,0.001845,0.031223
1.783814,0.791212,0.001820,0.031712
1.805620,0.789896,0.001780,0.031699
1.827965,0.788429,0.001803,0.031844
1.850450,0.786512,0.001922,0.031363
1.873192,0.785392,0.001770,0.031402
1.896514,0.784242,0.001860,0.031613
1.919787,0.783104,0.001838,0.031020
1.943572,0.781525,0.001827,0.031176
1.967656,0.779671,0.001850,0.031033
1.991759,0.778092,0.001900,0.031811
2.016359,0.777608,0.001766,0.031611
2.041565,0.776287,0.001766,0.031974
2.066364,0.774958,0.001839,0.031675
2.091879,0.773383,0.001809,0.031548
2.117640,0.772225,0.001890,0.031589
2.143847,0.770508,0.001908,0.030994
2.170331,0.769492,0.001917,0.031646
2.197004,0.767929,0.001886,0.031768
2.224103,0.766325,0.001890,0.031279
2.251486,0.764925,0.001985,0.031278
2.279312,0.763071,0.001980,0.031949
2.307515,0.762042,0.001902,0.032248
2.335918,0.761187,0.001909,0.032159
2.364782,0.760354,0.001902,0.032932
2.393926,0.759342,0.001962,0.032911
2.423275,0.757379,0.001969,0.032275
2.453520,0.756500,0.001883,0.032248
2.483514,0.754904,0.001947,0.032557
2.514015,0.753371,0.001873,0.033284
2.545417,0.752208,0.001866,0.033570
2.576716,0.750921,0.001944,0.033474
2.608215,0.749900,0.001852,0.033327
2.640492,0.748858,0.001901,0.034640
2.673228,0.747938,0.001940,0.034814
2.706167,0.746754,0.001930,0.034888
2.739517,0.745625,0.001946,0.035134
2.773336,0.744125,0.001874,0.034885
2.807616,0.743296,0.001961,0.035442
2.842157,0.742688,0.001990,0.035654
2.877105,0.740883,0.001904,0.036197
2.912708,0.739629,0.002035,0.036056
2.948646,0.737746,0.001933,0.035531
2.985098,0.735775,0.001982,0.035462
3.021988,0.734596,0.001976,0.035895
3.058955,0.733363,0.001996,0.035560
3.097099,0.731604,0.001942,0.035695
3.135205,0.730446,0.002066,0.035998
3.173893,0.730025,0.002057,0.036672
3.212988,0.728467,0.002061,0.035985
3.252645,0.727513,0.002018,0.036539
3.292622,0.726258,0.001946,0.036557
3.333339,0.725588,0.001890,0.036456
3.374521,0.724579,0.002050,0.036255
3.416111,0.723400,0.002085,0.036543
3.458448,0.722288,0.002023,0.037046
3.500988,0.720492,0.002020,0.037192
3.544149,0.719058,0.002000,0.037540
3.587940,0.718517,0.002053,0.037326
3.632277,0.717429,0.002054,0.037394
3.677045,0.716300,0.002028,0.036645
3.722408,0.714433,0.002032,0.036215
3.768177,0.712908,0.002024,0.036754
3.814892,0.711138,0.002020,0.036942
3.861831,0.710304,0.002107,0.037155
3.909623,0.708779,0.001950,0.037008
3.958140,0.706800,0.002062,0.036969
4.006858,0.706067,0.002108,0.037206
4.056352,0.705375,0.002084,0.036944
4.106217,0.703908,0.002151,0.036603
4.156941,0.703417,0.001998,0.036686
4.208205,0.701963,0.002062,0.036674
4.260176,0.700533,0.002053,0.036967
4.312745,0.699204,0.002095,0.037211
4.365816,0.698588,0.002071,0.037453
4.419681,0.696938,0.002109,0.037486
4.474362,0.695463,0.002209,0.037827
4.529483,0.695450,0.002070,0.038084
4.585505,0.694150,0.002024,0.039189
4.642022,0.693329,0.002112,0.039809
4.699396,0.691629,0.002214,0.040102
4.757209,0.690167,0.002189,0.041173
4.816100,0.689321,0.002152,0.041400
4.875564,0.687908,0.002133,0.041100
4.935706,0.686483,0.002145,0.041867
4.996541,0.685737,0.002204,0.041605
5.058188,0.684075,0.002137,0.042300
5.120861,0.683142,0.002127,0.042266
5.184049,0.680842,0.002174,0.042638
5.247999,0.679558,0.002216,0.042112
5.312702,0.678383,0.002203,0.042036
5.378331,0.676654,0.002182,0.042076
5.444668,0.675475,0.002093,0.041704
5.511848,0.674063,0.002233,0.040714
5.580059,0.672846,0.002199,0.041209
5.648951,0.671837,0.002196,0.040831
5.718688,0.670054,0.002230,0.041196
5.789013,0.668696,0.002136,0.041035
5.860641,0.668696,0.002158,0.041056
5.933057,0.668417,0.002291,0.041362
6.006297,0.667321,0.002285,0.042303
6.080333,0.666654,0.002177,0.042569
6.155157,0.665475,0.002204,0.042764
6.231375,0.664729,0.002136,0.042443
6.308147,0.663396,0.002173,0.041798
6.386100,0.661717,0.002136,0.042182
6.464715,0.660142,0.002182,0.041781
6.544781,0.658500,0.002245,0.041667
6.625705,0.656904,0.002278,0.041170
6.707469,0.655746,0.002251,0.042167
6.790337,0.654833,0.002198,0.042106
6.873966,0.653800,0.002136,0.041270
6.958728,0.651871,0.002299,0.041575
7.044655,0.650683,0.002239,0.041768
7.131927,0.648754,0.002266,0.041256
7.219923,0.646562,0.002315,0.041387
7.308825,0.645596,0.002256,0.041722
7.399094,0.643392,0.002259,0.041486
7.490440,0.641217,0.002340,0.040938
7.583085,0.639896,0.002191,0.041022
7.676642,0.639092,0.002344,0.040655
7.771517,0.637083,0.002358,0.041976
7.867584,0.636617,0.002292,0.042592
7.964371,0.634958,0.002171,0.042975
8.062696,0.633808,0.002291,0.042918
8.162078,0.631733,0.002325,0.043239
8.262930,0.631263,0.002277,0.044244
8.364985,0.629933,0.002344,0.043951
8.468463,0.628346,0.002332,0.044976
8.572845,0.627025,0.002296,0.044403
8.678960,0.626004,0.002357,0.044626
8.785934,0.625396,0.002353,0.044784
8.894449,0.624117,0.002313,0.045005
9.004134,0.623875,0.002343,0.045371
9.115359,0.622404,0.002296,0.045258
9.227931,0.620779,0.002430,0.046791
9.341939,0.619167,0.002407,0.046679
9.457075,0.617329,0.002424,0.046334
9.573780,0.616421,0.002464,0.046797
9.692040,0.616096,0.002402,0.047178
9.811691,0.616892,0.002322,0.047529
9.932829,0.616692,0.002397,0.046802
10.055452,0.617550,0.002252,0.046643
10.179582,0.616967,0.002495,0.048178
10.305205,0.616300,0.002397,0.047261
10.432642,0.614342,0.002348,0.046663
10.561448,0.613883,0.002415,0.047040
10.691587,0.614012,0.002387,0.047906
10.824000,0.612975,0.002393,0.048113
10.957228,0.612313,0.002445,0.048166
11.092774,0.610163,0.002468,0.047988
11.229404,0.609342,0.002476,0.049285
11.368424,0.608900,0.002452,0.048972
11.508892,0.607275,0.002368,0.049325
11.650752,0.606792,0.002521,0.049972
11.794749,0.604625,0.002366,0.049714
11.940111,0.604004,0.002446,0.049702
12.087618,0.603579,0.002449,0.050340
12.236982,0.601567,0.002473,0.050935
12.387795,0.600642,0.002462,0.051214
12.541049,0.599754,0.002458,0.050195
12.695691,0.597946,0.002463,0.049169
12.852406,0.596642,0.002392,0.049789
13.011286,0.596679,0.002462,0.049290
13.172098,0.595379,0.002620,0.049197
13.334740,0.594096,0.002419,0.051268
13.499197,0.594133,0.002539,0.052283
13.665919,0.592654,0.002433,0.051838
13.834785,0.590729,0.002534,0.051947
14.005350,0.590017,0.002473,0.051406
14.178159,0.589175,0.002540,0.050392
14.353379,0.587958,0.002552,0.051626
14.530956,0.587117,0.002459,0.052107
14.710223,0.586958,0.002439,0.052477
14.891932,0.585200,0.002537,0.051674
15.075406,0.582883,0.002567,0.051124
15.261626,0.580125,0.002474,0.051427
15.450172,0.579375,0.002636,0.051277
15.641080,0.577396,0.002612,0.052032
15.833836,0.579075,0.002452,0.050921
16.029647,0.578233,0.002496,0.051126
16.227618,0.577575,0.002455,0.051914
16.427818,0.577358,0.002512,0.052319
16.630826,0.576096,0.002565,0.052990
16.836259,0.574967,0.002611,0.053279
17.043737,0.573233,0.002573,0.052097
17.254640,0.573146,0.002622,0.051984
17.467601,0.573021,0.002622,0.052233
17.683081,0.573713,0.002670,0.052566
17.901837,0.573313,0.002476,0.050926
18.122712,0.571471,0.002486,0.051073
18.346326,0.570237,0.002593,0.050982
18.573152,0.568400,0.002586,0.051264
18.802316,0.567046,0.002688,0.052046
19.034386,0.565658,0.002609,0.052097
19.269360,0.564558,0.002663,0.054078
19.507411,0.565667,0.002605,0.054342
19.748370,0.563958,0.002536,0.054299
19.991953,0.563525,0.002570,0.053854
20.238840,0.561817,0.002702,0.054467
20.488922,0.561504,0.002603,0.054096
20.741854,0.560788,0.002624,0.053454
20.997805,0.559321,0.002527,0.052279
21.257517,0.558054,0.002722,0.052271
21.519816,0.557362,0.002644,0.052792
21.785962,0.556892,0.002705,0.053009
22.054780,0.554692,0.002618,0.053487
22.327083,0.553479,0.002765,0.052598
22.602635,0.553450,0.002653,0.053739
22.881653,0.553200,0.002799,0.054406
23.164086,0.553846,0.002605,0.054954
23.450251,0.553608,0.002837,0.055375
23.739951,0.554846,0.002728,0.055631
24.033339,0.553667,0.002682,0.055566
24.329910,0.552258,0.002712,0.056218
24.630502,0.551754,0.002764,0.055743
24.934597,0.550771,0.002747,0.055396
25.242300,0.550350,0.002778,0.056255
25.553899,0.548942,0.002715,0.056512
25.869513,0.548717,0.002743,0.056005
26.189306,0.547546,0.002787,0.056789
26.512345,0.544958,0.002697,0.054958
26.839918,0.544262,0.002789,0.055109
27.171304,0.544546,0.002570,0.055797
27.506770,0.543333,0.002734,0.054700
27.846351,0.542171,0.002672,0.055320
28.190561,0.541158,0.002814,0.055276
28.538692,0.540125,0.002802,0.055715
28.891373,0.538975,0.002832,0.055453
29.247972,0.537525,0.002861,0.054506
29.608716,0.536633,0.002859,0.056438
29.974633,0.537087,0.002791,0.057119
30.344801,0.538004,0.002833,0.057505
30.719498,0.537900,0.002911,0.059572
31.098817,0.535733,0.002789,0.061041
31.483233,0.534342,0.002705,0.060834
31.871619,0.531346,0.002786,0.060845
32.265614,0.530350,0.002937,0.060279
32.663656,0.529867,0.002774,0.060833
33.067342,0.529675,0.002769,0.061881
33.475593,0.529896,0.002877,0.062705
33.888941,0.528637,0.002755,0.062779
34.307230,0.529854,0.002842,0.063904
34.731235,0.528696,0.002887,0.062082
35.160038,0.526721,0.002853,0.062219
35.593761,0.528154,0.002885,0.061951
36.033617,0.526483,0.002807,0.062190
36.478510,0.528912,0.002863,0.063843
36.929094,0.528862,0.002811,0.064237
37.385188,0.527604,0.002929,0.063426
37.846768,0.526300,0.002834,0.061613
38.314198,0.525908,0.002849,0.064030
38.787143,0.523517,0.002874,0.064046
39.266113,0.524625,0.002906,0.064902
39.751337,0.523312,0.002853,0.063161
40.242180,0.519979,0.002829,0.060187
40.738885,0.518000,0.002710,0.059795
41.242172,0.519650,0.003108,0.060813
41.751774,0.518187,0.002774,0.059983
42.267242,0.515933,0.002982,0.059769
42.789384,0.516304,0.002824,0.060848
43.317443,0.515408,0.002884,0.060011
43.852551,0.513787,0.002796,0.061917
44.394028,0.513358,0.003004,0.063121
44.942317,0.512783,0.002914,0.061810
45.497087,0.511142,0.002994,0.061823
46.059219,0.509729,0.003029,0.060577
46.628302,0.510813,0.002867,0.062605
47.203912,0.508483,0.002864,0.062310
47.786934,0.508204,0.003058,0.061065
48.377015,0.505350,0.003059,0.061638
48.974375,0.504592,0.003016,0.062382
49.578841,0.505371,0.002965,0.062605
50.191592,0.504421,0.003218,0.062929
50.811530,0.505104,0.002970,0.062897
51.438729,0.503279,0.002979,0.063110
52.073853,0.504379,0.003010,0.063821
52.717135,0.503496,0.003099,0.065722
53.368393,0.502108,0.003077,0.064697
54.027186,0.501100,0.003038,0.063891
54.694711,0.499725,0.003060,0.063196
55.370183,0.498204,0.003104,0.063689
56.054041,0.495604,0.003023,0.063757
56.746120,0.496254,0.003032,0.062998
57.447062,0.497213,0.002964,0.061580
58.156311,0.494433,0.003046,0.063687
58.874395,0.493067,0.002996,0.061792
59.601635,0.494321,0.003031,0.062570
60.337689,0.492225,0.003142,0.063805
61.082888,0.491854,0.003094,0.064156
61.837327,0.491583,0.003175,0.064390
62.601233,0.493079,0.003069,0.065211
63.374042,0.490362,0.003096,0.066806
64.156644,0.490525,0.003074,0.068752
64.949050,0.490025,0.003200,0.068850
65.751049,0.488558,0.003107,0.068516
66.563117,0.484867,0.003102,0.067156
67.385425,0.484262,0.003214,0.065089
68.217484,0.483229,0.003254,0.066886
69.059834,0.483746,0.003202,0.065401
69.912859,0.481375,0.003336,0.065630
70.776242,0.481579,0.003125,0.065037
71.650494,0.481883,0.003108,0.066310
72.535225,0.479533,0.003227,0.066028
73.430971,0.476558,0.003126,0.064697
74.338036,0.475308,0.003153,0.065311
75.256049,0.475954,0.003189,0.065358
76.185259,0.475733,0.003184,0.065584
77.126259,0.474667,0.003358,0.067612
78.078748,0.475575,0.003188,0.065365
79.043086,0.474737,0.003252,0.065873
80.018998,0.476883,0.003238,0.065484
81.007320,0.478483,0.003300,0.066415
82.007698,0.479379,0.003233,0.067037
83.020311,0.477063,0.003233,0.064182
84.045995,0.478483,0.003288,0.067102
85.083867,0.476358,0.003387,0.065416
86.134707,0.475708,0.003221,0.066811
87.198500,0.474488,0.003145,0.066044
88.275208,0.470421,0.003326,0.065761
89.365409,0.472450,0.003213,0.066077
90.469006,0.471638,0.003294,0.065948
91.586485,0.470483,0.003318,0.065990
92.717647,0.467846,0.003424,0.066362
93.862597,0.470358,0.003351,0.069491
95.021451,0.469058,0.003235,0.068900
96.195522,0.468850,0.003318,0.069768
97.383263,0.469917,0.003234,0.070000
98.586039,0.471933,0.003149,0.068376
99.803482,0.469937,0.003339,0.069556
101.036127,0.471158,0.003190,0.070971
102.283808,0.471929,0.003327,0.071895
103.547328,0.469954,0.003319,0.073971
104.825789,0.469421,0.003323,0.076398
106.120461,0.468496,0.003189,0.074204
107.431337,0.468754,0.003408,0.073121
108.758507,0.466254,0.003473,0.074865
110.100937,0.466446,0.003372,0.075397
111.460767,0.464808,0.003300,0.075659
112.837734,0.464058,0.003452,0.076663
114.231086,0.463417,0.003304,0.075853
115.641778,0.463579,0.003284,0.074079
117.070315,0.463033,0.003636,0.075159
118.515735,0.464867,0.003167,0.072796
119.979906,0.462687,0.003335,0.073187
121.461297,0.460304,0.003579,0.073691
122.961587,0.461379,0.003558,0.073543
124.480192,0.463008,0.003312,0.074942
126.017351,0.463808,0.003456,0.077545
127.573394,0.463567,0.003482,0.075993
129.149185,0.462708,0.003573,0.076335
130.744329,0.462325,0.003459,0.076831
132.358836,0.462712,0.003366,0.077788
133.993546,0.461079,0.003460,0.078122
135.648580,0.457921,0.003572,0.076066
137.324084,0.456204,0.003456,0.071726
139.019832,0.454850,0.003520,0.075277
140.736512,0.452938,0.003501,0.075224
142.475079,0.453513,0.003470,0.074710
144.234566,0.452879,0.003282,0.075997
146.015955,0.453642,0.003514,0.073891
147.819496,0.451225,0.003424,0.074628
149.644847,0.453017,0.003650,0.077873
151.493016,0.451396,0.003360,0.073948
153.364228,0.452371,0.003548,0.076302
155.257965,0.452021,0.003669,0.075596
157.175491,0.453350,0.003694,0.076411
159.116798,0.453417,0.003442,0.077710
161.081792,0.450950,0.003397,0.078651
163.071528,0.451717,0.003595,0.076352
165.085519,0.447846,0.003720,0.080047
167.124355,0.449258,0.003518,0.080379
169.188273,0.448825,0.003489,0.079699
171.277593,0.448883,0.003527,0.074964
173.392953,0.445687,0.003414,0.072610
175.534643,0.444087,0.003596,0.075188
177.702410,0.446033,0.003719,0.075689
179.897068,0.442800,0.003441,0.075318
182.118740,0.445338,0.003512,0.078586
184.368241,0.443821,0.003684,0.080478
186.645320,0.443092,0.003729,0.080659
188.950070,0.440367,0.003727,0.080688
191.284075,0.442700,0.003603,0.078289
193.646423,0.439308,0.003651,0.079889
196.038037,0.441138,0.003556,0.080711
198.459223,0.439908,0.003903,0.078693
200.910045,0.440429,0.003735,0.083556
203.391656,0.439338,0.003735,0.080373
205.903175,0.439925,0.003392,0.079685
208.446642,0.440017,0.003596,0.076755
211.020663,0.442992,0.003639,0.079209
213.627023,0.442458,0.003651,0.077124
216.265107,0.442325,0.003681,0.080233
218.936284,0.440979,0.003941,0.079914
221.640275,0.442608,0.003627,0.079391
224.378034,0.442729,0.003811,0.078300
227.148593,0.440962,0.003706,0.079826
229.954241,0.441025,0.003584,0.079363
232.794122,0.442579,0.003791,0.081577
235.669443,0.439917,0.003798,0.082156
238.580143,0.438225,0.003756,0.079891
241.526551,0.437425,0.003569,0.079428
244.509259,0.436979,0.003566,0.079306
247.529380,0.434758,0.003824,0.081479
250.586232,0.435783,0.003792,0.080647
253.681258,0.438254,0.003762,0.081502
256.814223,0.434629,0.003653,0.087048
259.986019,0.434879,0.003667,0.085724
263.196792,0.438650,0.003824,0.083625
266.447489,0.437921,0.003641,0.083382
269.738270,0.435625,0.003881,0.084265
273.069729,0.437325,0.003933,0.085305
276.442088,0.434067,0.003602,0.087208
279.856530,0.441838,0.004065,0.088413
283.312509,0.437579,0.003729,0.086444
286.811954,0.437350,0.003805,0.083704
290.353764,0.435467,0.003966,0.084795
293.940059,0.437454,0.003848,0.079531
297.570210,0.432637,0.004073,0.082224
301.245546,0.433183,0.003781,0.086218
304.966055,0.432946,0.003657,0.080275
308.732361,0.435738,0.003737,0.076639
312.545550,0.439496,0.003861,0.077910
316.405794,0.438300,0.003925,0.079948
320.313074,0.438854,0.003700,0.081706
324.269403,0.439167,0.004031,0.080704
328.274155,0.437283,0.004285,0.080087
332.328147,0.437125,0.003582,0.082913
336.432876,0.436500,0.003634,0.079225
340.587829,0.437650,0.003816,0.083946
344.794565,0.437925,0.004021,0.084214
349.052917,0.434446,0.003844,0.085506
353.363593,0.437729,0.003709,0.085502
357.727895,0.436179,0.003740,0.083450
362.145894,0.433646,0.003762,0.085927
366.618860,0.435162,0.003873,0.083911
371.146621,0.436971,0.003963,0.080227
375.730767,0.435996,0.004039,0.082034
380.371207,0.431946,0.003730,0.079586
385.068908,0.432500,0.003869,0.081213
389.824650,0.432304,0.003570,0.082650
394.639192,0.432983,0.003802,0.083674
399.513612,0.432700,0.003941,0.086178
404.447847,0.432250,0.003784,0.083795
409.442401,0.433875,0.004011,0.080336
414.499482,0.431567,0.003700,0.082965
419.618841,0.431842,0.003956,0.080850
424.801462,0.426821,0.003649,0.080654
430.047468,0.428983,0.003873,0.081704
435.358948,0.430154,0.004013,0.081950
440.735962,0.429271,0.004249,0.083868
446.179377,0.427971,0.004101,0.082437
451.690445,0.427775,0.004236,0.085312
457.268336,0.426733,0.003786,0.083905
462.915850,0.429679,0.003650,0.084315
468.633421,0.432913,0.003821,0.083470
474.421242,0.428167,0.003950,0.083512
480.280851,0.427408,0.003956,0.083452
486.212210,0.427646,0.003908,0.084925
492.217551,0.426271,0.004078,0.088456
498.296523,0.432408,0.003764,0.087548
504.450398,0.433958,0.003840,0.087021
510.681187,0.430967,0.003968,0.084998
516.988312,0.425742,0.004122,0.085250
523.372861,0.427171,0.003832,0.083775
529.837312,0.429950,0.003809,0.082209
536.381022,0.432129,0.003733,0.083395
543.005538,0.433571,0.003636,0.083597
549.712274,0.431125,0.003712,0.081402
556.501376,0.429200,0.004013,0.083547
563.374800,0.427129,0.003731,0.080948
570.332468,0.428963,0.003972,0.083661
577.376643,0.432867,0.003910,0.085341
584.507494,0.434538,0.003997,0.082987
591.726430,0.434358,0.003874,0.081072
599.034354,0.432467,0.003758,0.082797
606.433209,0.429367,0.004029,0.081789
613.922739,0.426813,0.004150,0.081787
621.505083,0.429775,0.004032,0.081517
629.180886,0.430488,0.003924,0.084008
636.952094,0.423963,0.003923,0.083540
644.818442,0.423729,0.003914,0.080850
652.782803,0.424837,0.004030,0.081927
660.844735,0.426517,0.003889,0.084179
669.006486,0.424054,0.003875,0.082482
677.269198,0.424108,0.004190,0.083512
685.633947,0.422779,0.003997,0.084725
694.102017,0.424121,0.003971,0.080738
702.674214,0.426292,0.004060,0.083204
711.353162,0.423296,0.004312,0.085133
720.138636,0.421908,0.004209,0.087464
729.032720,0.423958,0.004014,0.087315
738.036972,0.422546,0.004228,0.088811
747.152153,0.424467,0.004330,0.085486
756.379502,0.423329,0.004176,0.085702
765.721571,0.424625,0.004572,0.086435
775.178669,0.426129,0.004956,0.086404
784.752350,0.426250,0.004949,0.086986
794.444602,0.425050,0.004038,0.085794
804.256811,0.424192,0.004296,0.080916
814.189749,0.428575,0.004373,0.077902
824.245472,0.423850,0.003814,0.079709
834.425113,0.428121,0.004117,0.082617
844.731196,0.422200,0.004202,0.085095
855.163741,0.426838,0.003857,0.084138
865.725702,0.423417,0.004034,0.084542
876.418113,0.425417,0.004052,0.084397
887.242350,0.426058,0.004140,0.084754
898.200298,0.424250,0.003925,0.084276
909.293342,0.428004,0.004463,0.087142
920.523956,0.428679,0.003918,0.087412
931.892833,0.428317,0.003878,0.086684
943.402366,0.428133,0.003850,0.086631
955.054287,0.432629,0.003927,0.088250
966.849978,0.425217,0.004217,0.083508
978.791202,0.425362,0.004341,0.088598
990.879789,0.426550,0.004123,0.085100
1003.117597,0.424750,0.004324,0.088280
1015.506558,0.428308,0.004039,0.085403
1028.049115,0.423046,0.004072,0.085163
1040.746043,0.427238,0.004247,0.089550
1053.599920,0.429708,0.004064,0.090266
1066.612426,0.426275,0.003910,0.089322
1079.785640,0.424742,0.003866,0.089579
1093.122016,0.427142,0.003713,0.090907
1106.622646,0.423529,0.004365,0.083964
1120.290424,0.427163,0.003997,0.087735
1134.126518,0.422833,0.004278,0.092345
1148.133969,0.424937,0.004227,0.089465
1162.313964,0.418517,0.004210,0.094167
1176.669673,0.416379,0.004959,0.095947
1191.201931,0.422346,0.004108,0.092396
1205.914114,0.424913,0.003761,0.094206
1220.808161,0.415771,0.004043,0.092535
1235.885839,0.417821,0.004636,0.097685
1251.149425,0.414929,0.004095,0.088879
1266.602681,0.415292,0.005033,0.090078
1282.245623,0.414942,0.004460,0.090531
1298.081984,0.417683,0.004444,0.088879
1314.114176,0.423100,0.004113,0.091576
1330.344439,0.427221,0.004175,0.090355
1346.774814,0.421583,0.004026,0.092224
1363.408270,0.420758,0.004469,0.089473
1380.247962,0.422808,0.004152,0.091021
1397.294904,0.423971,0.004984,0.090478
1414.552145,0.423854,0.004764,0.091442
1432.023075,0.423921,0.005074,0.090098
1449.709381,0.424067,0.004291,0.089175
1467.614249,0.422050,0.007347,0.090491
1485.740017,0.421883,0.004310,0.091049
1504.090461,0.414237,0.013383,0.091062
1522.666380,0.420404,0.004475,0.091526
1541.472688,0.423683,0.007661,0.089083
1560.510888,0.423296,0.006830,0.088904
1579.784115,0.429471,0.004873,0.086702
1599.295720,0.426329,0.007568,0.089516
1619.048328,0.421642,0.014649,0.090243
1639.014596,0.418767,0.502116,0.091802
1659.286479,0.426867,-nan,0.092779
1679.780385,0.421708,-nan,0.089641
1700.526885,0.420696,-nan,0.087473
1721.528972,0.419879,-nan,0.089292
1742.791632,0.416221,-nan,0.087768
1764.315545,0.426908,-nan,0.086660
1786.106569,0.427400,-nan,0.087191
1808.166112,0.425221,-nan,0.090345
1830.498248,0.422167,-nan,0.090653
1853.106135,0.418867,-nan,0.095543
1875.993235,0.422221,-nan,0.098609
1899.163313,0.422829,-nan,0.097821
1922.619330,0.421104,-nan,0.098451
1946.364690,0.418379,-nan,0.092039
1970.403986,0.424813,-nan,0.093072
1994.739631,0.424354,-nan,0.095288
2019.375749,0.417421,-nan,0.096825
2044.316283,0.422946,-nan,0.095506
2069.565184,0.420846,-nan,0.091914
2095.125883,0.422129,-nan,0.097054
2121.002151,0.417075,-nan,0.098403
2147.197500,0.416721,-nan,0.093510
2173.717477,0.415233,-nan,0.092820
2200.564156,0.417413,-nan,0.090678
2227.742728,0.420100,-nan,0.096189
2255.256666,0.421767,-nan,0.093629
2283.110577,0.420275,-nan,0.089084
2311.308433,0.420562,-nan,0.090417
2339.854727,0.425312,-nan,0.098797
2368.753140,0.419387,-nan,0.091058
2398.009691,0.420592,-nan,0.091496
-nan,0.415721,-nan,0.094286
2457.609156,0.416288,-nan,0.094531
2487.962256,0.416596,-nan,0.099598
2518.690465,0.416842,-nan,0.097394
2549.797840,0.419579,-nan,0.097693
-nan,0.420938,-nan,0.095155
2613.170111,0.423675,-nan,0.094950
2645.444855,0.420354,-nan,0.098533
2678.118431,0.418458,-nan,0.095695
2711.194252,0.420713,-nan,0.094788
2744.679762,0.414742,-nan,0.091817
2778.578496,0.415450,-nan,0.090961
2812.895533,0.417458,-nan,0.097871
2847.636347,0.416338,-nan,0.088565
2882.806904,0.422400,-nan,0.090390
2918.411588,0.422825,-nan,0.092419
2954.455659,0.420321,-nan,0.091901
2990.945896,0.416196,-nan,0.089343
3027.885784,0.425975,-nan,0.094613
3065.281919,0.421683,-nan,0.087355
3103.140320,0.421262,-nan,0.095836
3141.466426,0.419458,-nan,0.093581
3180.265279,0.421462,-nan,0.090768
3219.544090,0.424879,-nan,0.086888
3259.307399,0.424508,-nan,0.088111
3299.562406,0.425567,-nan,0.093241
3340.314218,0.419192,-nan,0.094862
3381.569550,0.421075,-nan,0.098106
3423.334562,0.414333,-nan,0.093039
3465.614988,0.415362,-nan,0.091175
3508.417432,0.418437,-nan,0.092804
3551.749035,0.419650,-nan,0.094245
3595.615089,0.427308,-nan,0.095020
3640.023407,0.423588,-nan,0.092212
3684.980772,0.420913,-nan,0.092521
3730.492671,0.416192,-nan,0.097752
3776.566804,0.414600,-nan,0.098800
3823.209963,0.414500,-nan,0.095377
3870.429513,0.417029,-nan,0.087395
3918.198384,0.421254,-nan,0.095285
3966.625100,0.416904,-nan,0.095084
4015.615114,0.413804,-nan,0.095103
4065.210526,0.419037,-nan,0.093768
4115.418844,0.420546,-nan,0.098701
4166.247175,0.412675,-nan,0.097121
4217.703756,0.407008,-nan,0.094487
4269.795085,0.410492,-nan,0.096186
4322.449135,0.417517,-nan,0.096083
4375.916536,0.413433,-nan,0.093568
4429.961847,0.413521,-nan,0.092917
4484.674841,0.414263,-nan,0.094690
4540.063436,0.416783,-nan,0.093406
4596.136380,0.423487,-nan,0.089327
4652.901969,0.417496,-nan,0.086590
4710.368682,0.420237,-nan,0.092606
4768.545166,0.416004,-nan,0.096487
4827.439961,0.423217,-nan,0.096387
4887.062002,0.425571,-nan,0.095288
4947.421033,0.420875,-nan,0.098193
5008.525149,0.420967,-nan,0.101329
5070.383807,0.420004,-nan,0.094316
5133.006485,0.425313,-nan,0.094157
5196.402571,0.422479,-nan,0.096496
5260.582067,0.421354,-nan,0.095513
5325.553527,0.422379,-nan,0.100371
5391.328002,0.422829,-nan,0.095926
5457.914726,0.422242,-nan,0.097453
5525.323974,0.420333,-nan,0.094856
5593.565766,0.422050,-nan,0.100688
5662.650230,0.417417,-nan,0.097224
5732.587622,0.424125,-nan,0.096963
5803.388722,0.432367,-nan,0.094467
5875.064620,0.419558,-nan,0.098976
5947.626019,0.419200,-nan,0.095633
6021.083403,0.424746,-nan,0.101594
6095.447906,0.426758,-nan,0.096944
6170.730783,0.425012,-nan,0.096591
6246.943790,0.422742,-nan,0.099478
6324.098154,0.416846,-nan,0.096619
6402.205059,0.421988,-nan,0.098924
6481.277345,0.415800,-nan,0.094468
6561.325256,0.419604,-nan,0.092425
6642.362193,0.422167,-nan,0.097989
6724.399776,0.424671,-nan,0.096955
6807.451135,0.428812,-nan,0.093630
6891.527599,0.429633,-nan,0.094448
6976.642437,0.422608,-nan,0.091468
7062.809009,0.427750,-nan,0.094379
7150.039996,0.424346,-nan,0.090431
7238.347958,0.425292,-nan,0.098714
7327.746777,0.417279,-nan,0.095461
7418.249651,0.420971,-nan,0.092056
7509.870154,0.418938,-nan,0.093844
7602.622034,0.424608,-nan,0.095391
7696.520022,0.419621,-nan,0.094908
7791.577144,0.431329,-nan,0.091504
7887.808774,0.432925,-nan,0.091983
7985.228831,0.430854,-nan,0.093270
8083.851963,0.431783,-nan,0.090496
8183.693430,0.431292,-nan,0.093582
8284.767650,0.425171,-nan,0.096219
8387.090048,0.426321,-nan,0.097715
8490.676735,0.427471,-nan,0.093263
8595.543101,0.425021,-nan,0.093891
8701.703630,0.426500,-nan,0.088424
8809.175774,0.423867,-nan,0.092181
8917.975344,0.426342,-nan,0.100366
9028.119122,0.415467,-nan,0.098344
9139.622438,0.416717,-nan,0.100855
9252.503426,0.418637,-nan,0.095850
9366.778201,0.416496,-nan,0.096041
9482.464326,0.424900,-nan,0.097112
9599.579602,0.416142,-nan,0.096079
9718.141663,0.420858,-nan,0.095110
9838.167458,0.422571,-nan,0.097133
9959.675266,0.418662,-nan,0.093763
10082.684504,0.420429,-nan,0.097735
10207.212419,0.424833,-nan,0.091310
10333.279180,0.423067,-nan,0.095189
10460.902103,0.423721,-nan,0.091103
10590.102132,0.420521,-nan,0.093072
10720.897258,0.416963,-nan,0.090272
10853.307562,0.424075,-nan,0.094744
10987.354033,0.417775,-nan,0.096849
11123.055121,0.421771,-nan,0.096088
11260.433001,0.422400,-nan,0.091958
11399.506935,0.423254,-nan,0.098763
11540.299493,0.415504,-nan,0.100600
11682.830205,0.414167,-nan,0.100872
11827.120968,0.415796,-nan,0.094102
11973.194213,0.422954,-nan,0.093660
12121.071537,0.427138,-nan,0.092051
12270.775818,0.426429,-nan,0.095285
12422.328549,0.417783,-nan,0.093898
12575.753382,0.420671,-nan,0.094101
12731.072378,0.424483,-nan,0.093542
12888.310256,0.426071,-nan,0.102821
13047.489971,0.417042,-nan,0.099032
13208.635733,0.421821,-nan,0.095575
13371.772350,0.416038,-nan,0.091447
13536.922219,0.427588,-nan,0.097819
13704.113247,0.413479,-nan,0.097834
13873.368775,0.418221,-nan,0.096300
14044.714594,0.419692,-nan,0.086905
14218.176849,0.420958,-nan,0.096336
14393.781521,0.417638,-nan,0.094022
14571.555124,0.418058,-nan,0.097531
14751.523605,0.418208,-nan,0.093851
14933.715562,0.413896,-nan,0.095265
15118.157553,0.416158,-nan,0.099327
15304.877357,0.406983,-nan,0.093199
15493.750410,0.421450,-nan,0.093277
15685.264584,0.415438,-nan,0.101956
15878.988021,0.417617,-nan,0.100344
16075.104885,0.415171,-nan,0.090151
16273.644015,0.414071,-nan,0.100779
16474.634612,0.414804,-nan,0.097240
16678.108285,0.414246,-nan,0.099407
16884.094929,0.420279,-nan,0.099264
17092.625913,0.416362,-nan,0.097358
17303.731642,0.416821,-nan,0.099964
17517.444783,0.412600,-nan,0.096362
17733.678389,0.412358,-nan,0.100637
17952.822050,0.416708,-nan,0.095402
18174.552682,0.414492,-nan,0.095377
18399.021390,0.412571,-nan,0.097482
18626.262148,0.419537,-nan,0.094291
18856.309757,0.418554,-nan,0.095259
19089.198963,0.403046,-nan,0.094152
19324.963664,0.421263,-nan,0.096012
19563.592172,0.425742,-nan,0.101973
19805.119964,0.423446,-nan,0.101804
20049.875116,0.419329,-nan,0.105268
20297.504815,0.421862,-nan,0.102997
20548.193988,0.418075,-nan,0.106054
20801.978419,0.418092,-nan,0.101281
21058.897444,0.416242,-nan,0.098063
21318.989984,0.415329,-nan,0.106971
21582.294581,0.419996,-nan,0.104043
21848.851651,0.411829,-nan,0.105176
22118.700258,0.411696,-nan,0.100172
22391.881727,0.413600,-nan,0.102743
22668.436993,0.415650,-nan,0.098477
22948.408226,0.425063,-nan,0.097708
23231.837538,0.421533,-nan,0.102339
23518.767366,0.416492,-nan,0.099498
23809.240804,0.415513,-nan,0.100482
24103.301563,0.424263,-nan,0.099994
24400.994678,0.410433,-nan,0.095751
24702.364651,0.418137,-nan,0.100514
25007.456391,0.412883,-nan,0.098523
25316.316104,0.418267,-nan,0.100719
25628.990086,0.418038,-nan,0.096380
25945.526878,0.418933,-nan,0.103509
26265.972521,0.421875,-nan,0.103522
26590.375988,0.416954,-nan,0.105154
26918.785898,0.417283,-nan,0.101395
27251.252152,0.420983,-nan,0.104404
27587.823834,0.424729,-nan,0.098041
27928.552853,0.425979,-nan,0.092925
28273.490750,0.422608,-nan,0.101436
28622.688517,0.416250,-nan,0.101940
28976.199092,0.416071,-nan,0.097323
29334.075956,0.415787,-nan,0.100792
29696.372590,0.414092,-nan,0.093521
30063.144448,0.417504,-nan,0.102801
30434.444854,0.422254,-nan,0.099327
30810.332007,0.414021,-nan,0.097442
31190.861600,0.430950,-nan,0.106075
31576.090933,0.420433,-nan,0.101054
31966.077421,0.414079,-nan,0.098259
32360.881952,0.417783,-nan,0.103352
32760.562149,0.416312,-nan,0.098254
33165.178254,0.413308,-nan,0.106007
33574.791399,0.421229,-nan,0.102254
33989.463685,0.419358,-nan,0.097406
34409.257781,0.421233,-nan,0.105368
34834.236699,0.415771,-nan,0.104884
35264.464266,0.419000,-nan,0.097070
35700.005470,0.420296,-nan,0.103024
36140.926352,0.408608,-nan,0.102826
36587.292087,0.422700,-nan,0.099670
37039.171417,0.416712,-nan,0.101071
37496.631574,0.407467,-nan,0.101357
37959.741337,0.423637,-nan,0.097844
38428.571253,0.420496,-nan,0.099174
38903.191644,0.410496,-nan,0.103087
39383.674039,0.411446,-nan,0.107440
39870.090022,0.413621,-nan,0.102672
40362.514554,0.415400,-nan,0.103115
40861.019374,0.421071,-nan,0.105034
41365.195641,0.405779,-nan,0.106465
41876.578371,0.407808,-nan,0.106145
42393.783586,0.407367,-nan,0.105390
42917.376852,0.412171,-nan,0.111102
43447.437315,0.414504,-nan,0.107755
43984.044038,0.419417,-nan,0.107326
44527.278232,0.406171,-nan,0.105548
45077.221851,0.418950,-nan,0.102303
45633.957047,0.419467,-nan,0.110608
46197.569327,0.409013,-nan,0.105527
46768.142021,0.413600,-nan,0.105698
47345.761900,0.409429,-nan,0.103059
47930.515903,0.413492,-nan,0.106981
48522.491510,0.410925,-nan,0.111475
49121.779041,0.417362,-nan,0.106601
49727.828016,0.415117,-nan,0.110235
50342.650037,0.418225,-nan,0.111020
50964.417957,0.409350,-nan,0.110051
51593.864418,0.412138,-nan,0.111516
52231.085417,0.407012,-nan,0.108311
52876.176494,0.410958,-nan,0.108183
53529.234977,0.418313,-nan,0.107164
54190.359271,0.406350,-nan,0.108472
54859.649181,0.408737,-nan,0.107171
55537.204234,0.410263,-nan,0.107937
56223.128592,0.406821,-nan,0.104501
56917.523977,0.407588,-nan,0.108143
57620.495831,0.415004,-nan,0.106214
58332.149751,0.417667,-nan,0.106808
59052.593796,0.409846,-nan,0.110289
59781.934867,0.416121,-nan,0.108923
60520.284929,0.414721,-nan,0.107796
61267.753228,0.408108,-nan,0.110213
62024.453460,0.420012,-nan,0.110657
62790.499818,0.423142,-nan,0.110274
63564.508678,0.413346,-nan,0.112105
64351.092692,0.408267,-nan,0.116785
65145.874896,0.410096,-nan,0.117133
65950.472283,0.412146,-nan,0.113027
66765.007748,0.413688,-nan,0.107061
67589.603119,0.417442,-nan,0.109776
68424.382876,0.417029,-nan,0.111830
69269.472670,0.410350,-nan,0.111326
70124.876274,0.414387,-nan,0.114351
70991.093614,0.415633,-nan,0.109802
71867.884467,0.411554,-nan,0.114193
72755.503900,0.405496,-nan,0.114758
73654.086074,0.409342,-nan,0.114069
74563.766382,0.409179,-nan,0.113324
75484.387094,0.404717,-nan,0.113398
76416.971783,0.405154,-nan,0.115918
77359.324209,0.411071,-nan,0.113250
78316.236554,0.410588,-nan,0.111202
79283.497717,0.409192,-nan,0.111817
80262.227073,0.414687,-nan,0.114569
81254.007502,0.406133,-nan,0.117737
82257.552346,0.401167,-nan,0.115553
83273.491657,0.403054,-nan,0.115973
84301.978281,0.410775,-nan,0.113812
85343.168073,0.403304,-nan,0.115483
86397.217045,0.408604,-nan,0.116804
87464.284030,0.413813,-nan,0.117780
88544.530713,0.401342,-nan,0.117002
89638.118207,0.417587,-nan,0.117100
90744.462475,0.417708,-nan,0.118356
91865.980848,0.407912,-nan,0.119104
93000.591078,0.412825,-nan,0.122848
94146.055505,0.404563,-nan,0.120765
95312.024572,0.407217,-nan,0.117759
96489.196234,0.407775,-nan,0.121644
97680.905855,0.414508,-nan,0.118294
98887.335195,0.403767,-nan,0.122832
100108.664100,0.411521,-nan,0.117900
101345.077856,0.403529,-nan,0.125630
102596.761543,0.409625,-nan,0.119912
103863.904681,0.405137,-nan,0.118957
105146.698038,0.405829,-nan,0.118705
106445.334693,0.403083,-nan,0.118166
107760.010223,0.404558,-nan,0.121198
109090.382091,0.403379,-nan,0.122101
110438.081839,0.406533,-nan,0.118680
111802.265355,0.401371,-nan,0.123105
113183.102889,0.403667,-nan,0.121878
114580.995025,0.410546,-nan,0.124425
115996.151757,0.403292,-nan,0.123794
117428.456963,0.397375,-nan,0.125632
118879.116166,0.400479,-nan,0.121360
120347.358226,0.402975,-nan,0.123822
121833.733849,0.395196,-nan,0.122914
123338.466845,0.401767,-nan,0.123350
124859.552152,0.399117,-nan,0.127199
126402.903498,0.402971,-nan,0.128427
127965.095652,0.406171,-nan,0.125356
129545.555872,0.400862,-nan,0.129549
131145.535873,0.400758,-nan,0.123842
132765.276590,0.397912,-nan,0.127702
134405.022150,0.395679,-nan,0.121902
136065.020112,0.403667,-nan,0.123982
137745.520207,0.404787,-nan,0.126878
139446.775203,0.407033,-nan,0.126178
141169.042567,0.400096,-nan,0.128559
142912.580607,0.407758,-nan,0.129111
144677.653035,0.396496,-nan,0.125452
146464.525045,0.407358,-nan,0.128616
148273.465910,0.406283,-nan,0.125328
150102.336046,0.400629,-nan,0.123316
151947.927064,0.400467,-nan,0.130962
153835.447537,0.401025,-nan,0.128218
155735.425456,0.394254,-nan,0.131531
157658.868685,0.395529,-nan,0.131232
159606.068408,0.393146,-nan,0.129275
161577.316910,0.392650,-nan,0.130584
163560.062746,0.396475,-nan,0.140127
165593.153729,0.391637,-nan,0.136251
167638.347498,0.390963,-nan,0.137212
169708.800652,0.394171,-nan,0.132955
171804.824689,0.398338,-nan,0.133430
173926.737304,0.391275,-nan,0.136230
176074.855966,0.397396,-nan,0.135926
178249.506441,0.391400,-nan,0.134919
180451.015160,0.392737,-nan,0.138222
182679.713681,0.399725,-nan,0.133403
184935.938157,0.398908,-nan,0.134363
187215.282517,0.389029,-nan,0.139895
189532.329879,0.384479,-nan,0.136399
191873.189465,0.388363,-nan,0.137236
194239.818031,0.388317,-nan,0.144455
196641.998930,0.393517,-nan,0.136908
199069.414158,0.395042,-nan,0.141351
201529.332594,0.389129,-nan,0.138327
204018.363664,0.388796,-nan,0.139020
206532.107314,0.387854,-nan,0.138169
209089.029119,0.391379,-nan,0.141181
