0.000000,0.995000,0.000000,0.000000
1.002954,0.852052,0.001734,0.028427
1.016648,0.850540,0.001691,0.028342
1.030516,0.849327,0.001686,0.028090
1.044509,0.847957,0.001700,0.028360
1.058853,0.846597,0.001753,0.028242
1.073084,0.845565,0.001689,0.028272
1.087813,0.844190,0.001709,0.028206
1.102560,0.843110,0.001729,0.028176
1.117751,0.841775,0.001690,0.028168
1.132958,0.840212,0.001753,0.027784
1.148319,0.838915,0.001725,0.027611
1.164062,0.837527,0.001716,0.027460
1.179894,0.836153,0.001747,0.027576
1.196015,0.834700,0.001756,0.027361
1.212206,0.833345,0.001750,0.027159
1.228682,0.832113,0.001722,0.027446
1.245557,0.830648,0.001690,0.027525
1.262628,0.829197,0.001714,0.027730
1.279819,0.827927,0.001765,0.027567
1.297199,0.826822,0.001729,0.027629
1.314943,0.825465,0.001692,0.027744
1.333023,0.824228,0.001765,0.027885
1.351183,0.822525,0.001814,0.028354
1.369535,0.820990,0.001847,0.028467
1.388294,0.819715,0.001802,0.028372
1.407112,0.818415,0.001819,0.028864
1.426349,0.817045,0.001843,0.028765
1.445880,0.815505,0.001802,0.028832
1.465504,0.814372,0.001765,0.029363
1.485469,0.812787,0.001802,0.029203
1.505741,0.810968,0.001789,0.029246
1.526279,0.809683,0.001754,0.029435
1.547135,0.808017,0.001734,0.029616
1.568128,0.806743,0.001852,0.029578
1.589798,0.805555,0.001811,0.029337
1.611313,0.804185,0.001787,0.029190
1.633351,0.802750,0.001824,0.029026
1.655495,0.801475,0.001808,0.029602
1.678143,0.799995,0.001832,0.029658
1.701025,0.798375,0.001841,0.029816
1.724055,0.796432,0.001755,0.029728
1.747924,0.794802,0.001750,0.029695
1.771756,0.792872,0.001863,0.030066
1.795728,0.791488,0.001843,0.030199
1.820349,0.789823,0.001765,0.030531
1.845207,0.788060,0.001833,0.030532
1.870364,0.786617,0.001861,0.030686
1.895967,0.785065,0.001872,0.030767
1.921794,0.783462,0.001890,0.031301
1.948041,0.782242,0.001858,0.031175
1.974445,0.781163,0.001895,0.031577
2.001532,0.780058,0.001878,0.031836
2.028864,0.778820,0.001831,0.031835
2.056497,0.777402,0.001852,0.031717
2.084535,0.776680,0.001819,0.031694
2.113083,0.774705,0.001854,0.031792
2.141868,0.773675,0.001876,0.031697
2.171123,0.772805,0.001891,0.031842
2.200645,0.771345,0.001870,0.032035
2.230728,0.769980,0.001930,0.031982
2.261177,0.768385,0.001883,0.031937
2.292076,0.767288,0.001889,0.031860
2.323424,0.765640,0.001918,0.031990
2.355166,0.764083,0.001960,0.032074
2.387286,0.762570,0.001973,0.032586
2.419735,0.761265,0.001910,0.032446
2.452866,0.760368,0.001925,0.032480
2.486350,0.759123,0.001935,0.032302
2.520305,0.757763,0.001877,0.032582
2.554573,0.756065,0.001897,0.032710
2.589589,0.754695,0.001892,0.032666
2.624847,0.753380,0.001928,0.032708
2.660691,0.752110,0.001875,0.033326
2.697053,0.750843,0.001913,0.034048
2.733973,0.749138,0.001884,0.033711
2.771119,0.747600,0.001937,0.033627
2.809178,0.745983,0.001943,0.034169
2.847212,0.744555,0.001911,0.033981
2.886285,0.743340,0.002007,0.034617
2.925507,0.741847,0.001935,0.034491
2.965632,0.739963,0.001944,0.034394
3.006271,0.738713,0.001957,0.034221
3.047139,0.737568,0.001948,0.033924
3.088706,0.735615,0.001941,0.034432
3.130922,0.734440,0.002018,0.033976
3.173639,0.733090,0.001944,0.034140
3.217007,0.732150,0.002015,0.034960
3.260904,0.730660,0.002000,0.035044
3.305573,0.729655,0.002033,0.035196
3.350592,0.727983,0.001954,0.035211
3.396425,0.726555,0.002012,0.035353
3.442747,0.726040,0.002049,0.035470
3.489750,0.723825,0.002056,0.035450
3.537501,0.722800,0.002041,0.035369
3.585793,0.722260,0.002011,0.035881
3.634594,0.720630,0.002011,0.035814
3.684392,0.719378,0.002008,0.036495
3.734540,0.717360,0.002036,0.036487
3.785570,0.716315,0.002064,0.036527
3.837460,0.715153,0.001991,0.037031
3.889749,0.713818,0.001994,0.036802
3.942856,0.712325,0.002039,0.036916
3.996800,0.711140,0.002004,0.036794
4.051073,0.710088,0.002065,0.037435
4.106648,0.709240,0.002001,0.037819
4.162717,0.707978,0.002038,0.037230
4.219462,0.706330,0.002029,0.037056
4.277298,0.705235,0.002071,0.036691
4.335627,0.703665,0.002023,0.037386
4.394842,0.702203,0.002118,0.037747
4.454648,0.700618,0.002121,0.038157
4.515752,0.699180,0.002052,0.038245
4.577268,0.697400,0.002043,0.038559
4.639924,0.696030,0.002102,0.039306
4.703261,0.694725,0.002094,0.039991
4.767595,0.693127,0.002135,0.040753
4.832607,0.691225,0.002129,0.041009
4.898620,0.689750,0.002144,0.041323
4.965492,0.687785,0.002038,0.041040
5.033222,0.686735,0.002134,0.041059
5.101985,0.686025,0.002182,0.041857
5.171782,0.684680,0.002182,0.041738
5.242401,0.683397,0.002125,0.041945
5.313952,0.681965,0.002145,0.042012
5.386576,0.680715,0.002128,0.041241
5.460115,0.679292,0.002157,0.041353
5.534679,0.678457,0.002185,0.041800
5.610287,0.677090,0.002198,0.042370
5.686994,0.676208,0.002172,0.043538
5.764453,0.674853,0.002166,0.043215
5.843611,0.674243,0.002175,0.043296
5.923182,0.672210,0.002142,0.044056
6.004128,0.670970,0.002174,0.044318
6.085951,0.669527,0.002188,0.043998
6.169198,0.667997,0.002093,0.043712
6.253519,0.666732,0.002152,0.043275
6.338845,0.666170,0.002222,0.043601
6.425479,0.665973,0.002194,0.043566
6.513397,0.664067,0.002184,0.043682
6.602123,0.663172,0.002204,0.043760
6.692602,0.661937,0.002235,0.044379
6.783910,0.660620,0.002173,0.044505
6.876585,0.658813,0.002246,0.044786
6.970472,0.657427,0.002258,0.044904
7.065634,0.656160,0.002257,0.044560
7.162286,0.655095,0.002279,0.044483
7.260004,0.654585,0.002286,0.044350
7.359227,0.653375,0.002248,0.044579
7.459688,0.652393,0.002327,0.044681
7.561689,0.650583,0.002289,0.044477
7.664877,0.649782,0.002270,0.044828
7.769644,0.648123,0.002276,0.045097
7.875708,0.646597,0.002246,0.045296
7.983323,0.645645,0.002313,0.046066
8.092520,0.645042,0.002231,0.046082
8.202923,0.644510,0.002275,0.046459
8.315149,0.643295,0.002248,0.046654
8.428697,0.642480,0.002317,0.046844
8.543622,0.642045,0.002374,0.047393
8.660563,0.640740,0.002264,0.047172
8.778954,0.639745,0.002342,0.047298
8.898737,0.638440,0.002323,0.046904
9.020210,0.637310,0.002355,0.046178
9.143435,0.636400,0.002328,0.046327
9.268615,0.635465,0.002314,0.046172
9.395300,0.633978,0.002325,0.046448
9.523405,0.632150,0.002380,0.046491
9.653530,0.630510,0.002368,0.046846
9.785546,0.629623,0.002353,0.047311
9.919367,0.627530,0.002292,0.048334
10.054618,0.627182,0.002340,0.047499
10.192023,0.626272,0.002377,0.046739
10.331264,0.625625,0.002337,0.046311
10.472407,0.624912,0.002315,0.046839
10.615453,0.624558,0.002268,0.047198
10.760571,0.623290,0.002337,0.046935
10.907509,0.623222,0.002393,0.047261
11.056580,0.621787,0.002382,0.046746
11.207481,0.621487,0.002390,0.046914
11.360853,0.620102,0.002352,0.046990
11.516151,0.619795,0.002421,0.046695
11.673401,0.618880,0.002419,0.046915
11.832913,0.618250,0.002363,0.047252
11.994371,0.616883,0.002392,0.047665
12.158421,0.615875,0.002412,0.048420
12.324459,0.614960,0.002392,0.048525
12.492952,0.612840,0.002346,0.049493
12.663614,0.612490,0.002362,0.050296
12.836677,0.611110,0.002415,0.050170
13.011861,0.611135,0.002396,0.050681
13.189481,0.609680,0.002476,0.050164
13.369887,0.608845,0.002433,0.048701
13.552397,0.607445,0.002362,0.049285
13.737698,0.605643,0.002414,0.049910
13.925449,0.604340,0.002448,0.049615
14.115817,0.603067,0.002450,0.049385
14.308697,0.602417,0.002432,0.050672
14.504096,0.600035,0.002456,0.050514
14.702325,0.599655,0.002465,0.051144
14.903058,0.598837,0.002460,0.051425
15.107012,0.596715,0.002479,0.052300
15.313345,0.596360,0.002560,0.052320
15.522509,0.595462,0.002522,0.051984
15.734653,0.594360,0.002501,0.052624
15.949475,0.593160,0.002490,0.052312
16.167546,0.592197,0.002615,0.052934
16.388509,0.591370,0.002540,0.052428
16.612531,0.590498,0.002497,0.052652
16.839466,0.590445,0.002514,0.052313
17.069500,0.589813,0.002471,0.052912
17.302733,0.589160,0.002564,0.052283
17.539246,0.587630,0.002500,0.052280
17.778743,0.586543,0.002594,0.053494
18.021727,0.584865,0.002520,0.054067
18.267949,0.583838,0.002566,0.053690
18.517546,0.582883,0.002580,0.052138
18.770769,0.581453,0.002505,0.052991
19.026994,0.581050,0.002572,0.053401
19.286843,0.579478,0.002531,0.053594
19.550525,0.578635,0.002569,0.053276
19.817711,0.577305,0.002512,0.053525
20.088449,0.576210,0.002526,0.053881
20.362981,0.575290,0.002680,0.053949
20.641398,0.573780,0.002620,0.054437
20.923234,0.573490,0.002610,0.054957
21.209259,0.572898,0.002588,0.055101
21.499167,0.573047,0.002573,0.055392
21.792783,0.572487,0.002568,0.055060
22.090267,0.571340,0.002585,0.054769
22.392518,0.569800,0.002578,0.054702
22.698401,0.569050,0.002652,0.055281
23.008631,0.567658,0.002663,0.056291
23.323126,0.566638,0.002764,0.055727
23.641637,0.567895,0.002610,0.056598
23.964707,0.566973,0.002533,0.057155
24.292176,0.566485,0.002598,0.056843
24.623994,0.564612,0.002589,0.056535
24.960511,0.564208,0.002697,0.057491
25.301603,0.563570,0.002642,0.057021
25.647491,0.562595,0.002593,0.056789
25.998099,0.562020,0.002677,0.057351
26.353155,0.560918,0.002633,0.056043
26.713417,0.559248,0.002660,0.055540
27.078179,0.557835,0.002641,0.056049
27.448318,0.557103,0.002682,0.055304
27.823710,0.556277,0.002703,0.054649
28.203711,0.556120,0.002767,0.055561
28.589006,0.555520,0.002762,0.056611
28.979804,0.554032,0.002701,0.056703
29.375795,0.552203,0.002714,0.056291
29.777205,0.551480,0.002708,0.056477
30.184055,0.548985,0.002691,0.054675
30.596369,0.549050,0.002726,0.055615
31.014695,0.547672,0.002733,0.057301
31.438511,0.547842,0.002739,0.056423
31.867968,0.546660,0.002831,0.057381
32.303550,0.546380,0.002701,0.057811
32.744994,0.543338,0.002691,0.058105
33.192511,0.543093,0.002743,0.058592
33.646012,0.541895,0.002771,0.059277
34.105873,0.540030,0.002707,0.059818
34.572113,0.539762,0.002803,0.061092
35.044270,0.538990,0.002776,0.061697
35.523089,0.540220,0.002718,0.060740
36.008481,0.538805,0.002786,0.061575
36.500679,0.536663,0.002809,0.062975
36.999604,0.536215,0.002852,0.062631
37.504917,0.535105,0.002754,0.061083
38.017604,0.534468,0.002829,0.061759
38.537043,0.535435,0.002829,0.062425
39.063717,0.534552,0.002828,0.063085
39.597516,0.534767,0.002850,0.061071
40.138798,0.533047,0.002838,0.062056
40.687232,0.530848,0.002844,0.062746
41.243195,0.530250,0.002834,0.062488
41.806897,0.529905,0.002793,0.063925
42.378112,0.528708,0.002933,0.063659
42.957196,0.529308,0.002827,0.065746
43.544300,0.528430,0.002876,0.065013
44.139373,0.527675,0.002850,0.064708
44.742552,0.526925,0.002942,0.065361
45.354048,0.524603,0.002872,0.063961
45.973819,0.523315,0.002760,0.064643
46.602246,0.521798,0.003065,0.065317
47.238962,0.520815,0.002792,0.065643
47.884295,0.519983,0.002926,0.063173
48.538886,0.521445,0.003019,0.065590
49.202131,0.520845,0.002903,0.065021
49.874395,0.519440,0.003022,0.066486
50.556009,0.519530,0.002936,0.066052
51.247170,0.519848,0.002869,0.065714
51.947269,0.519867,0.002993,0.066492
52.657133,0.519145,0.002928,0.065997
53.376675,0.520245,0.003040,0.064704
54.106259,0.519012,0.002816,0.066700
54.845503,0.517088,0.003068,0.065481
55.595129,0.516232,0.002924,0.064269
56.354796,0.515865,0.002957,0.065095
57.125062,0.516642,0.002892,0.064848
57.905737,0.515873,0.002899,0.065948
58.696695,0.515100,0.002932,0.065779
59.499296,0.513108,0.002890,0.063943
60.312175,0.514025,0.002929,0.063455
61.136476,0.513090,0.002916,0.063766
61.972022,0.510588,0.002893,0.065257
62.818936,0.510560,0.002985,0.066903
63.677448,0.511890,0.002975,0.067213
64.547692,0.510465,0.003008,0.068813
65.429557,0.511447,0.002873,0.069897
66.323858,0.507413,0.003002,0.067759
67.230344,0.506182,0.002985,0.068984
68.149004,0.505967,0.002954,0.070633
69.080345,0.508045,0.003039,0.068149
70.024479,0.506535,0.003026,0.068131
70.981239,0.507350,0.002918,0.069140
71.951599,0.508252,0.003077,0.069338
72.934719,0.505625,0.003032,0.069048
73.931326,0.506220,0.003037,0.067763
74.941810,0.504048,0.002982,0.067608
75.965886,0.503313,0.003182,0.066817
77.003930,0.502373,0.003048,0.066734
78.056268,0.502315,0.003135,0.069385
79.123002,0.501457,0.003171,0.067228
80.204366,0.501680,0.002972,0.066630
81.300591,0.501453,0.003107,0.068548
82.411364,0.500058,0.003060,0.066867
83.537782,0.499822,0.003171,0.066638
84.679461,0.498652,0.003154,0.067427
85.836589,0.498178,0.003140,0.066437
87.009672,0.499377,0.003113,0.067453
88.198654,0.499113,0.002935,0.067723
89.404143,0.500392,0.002936,0.067817
90.625789,0.499780,0.003000,0.068592
91.864478,0.497190,0.003086,0.069294
93.119990,0.496798,0.003114,0.068703
94.392675,0.496878,0.003102,0.069631
95.682511,0.495555,0.003117,0.069815
96.990184,0.496272,0.003162,0.070827
98.315808,0.492725,0.003190,0.069618
99.658999,0.494187,0.003108,0.070193
101.021072,0.493950,0.003138,0.070002
102.401411,0.493370,0.003194,0.071088
103.800964,0.490582,0.003089,0.068757
105.219927,0.490295,0.003084,0.068859
106.657965,0.490298,0.003163,0.068625
108.115381,0.490465,0.003150,0.069852
109.592890,0.489485,0.003154,0.072138
111.090677,0.490873,0.003198,0.070162
112.608922,0.487735,0.003146,0.069179
114.147846,0.487130,0.003094,0.068944
115.707916,0.485200,0.003161,0.070538
117.289175,0.484210,0.003205,0.071647
118.892001,0.484428,0.003094,0.071236
120.516805,0.484325,0.003263,0.071830
122.163754,0.481957,0.003211,0.070302
123.833468,0.482425,0.003203,0.069899
125.525569,0.482955,0.003188,0.070085
127.240973,0.482345,0.003179,0.072787
128.980183,0.479335,0.003358,0.071430
130.742776,0.479373,0.003126,0.071915
132.529494,0.478017,0.003154,0.073161
134.340879,0.476765,0.003165,0.071107
136.176795,0.477215,0.003364,0.073685
138.037511,0.476682,0.003363,0.075416
139.924135,0.475452,0.003240,0.074086
141.836357,0.475362,0.003363,0.076682
143.775030,0.476053,0.003370,0.076199
145.739760,0.476065,0.003306,0.077112
147.731493,0.472715,0.003308,0.075934
149.750579,0.473633,0.003333,0.074339
151.796928,0.471145,0.003318,0.073907
153.871755,0.473478,0.003379,0.074819
155.974387,0.471565,0.003495,0.075806
158.106139,0.472307,0.003373,0.075382
160.266996,0.472688,0.003326,0.073743
162.457208,0.473430,0.003363,0.073738
164.677455,0.477110,0.003161,0.075255
166.927717,0.476555,0.003363,0.076591
169.208911,0.478450,0.003266,0.077665
171.521466,0.476573,0.003279,0.076910
173.865733,0.476930,0.003281,0.075145
176.241864,0.475090,0.003217,0.074679
178.650484,0.475225,0.003317,0.075581
181.091928,0.474885,0.003446,0.074909
183.567064,0.475513,0.003264,0.075734
186.075597,0.472768,0.003267,0.074846
188.618551,0.474927,0.003234,0.075156
191.196116,0.471700,0.003162,0.074561
193.809644,0.470457,0.003243,0.076797
196.457878,0.470922,0.003169,0.074763
199.143190,0.474033,0.003342,0.073978
201.864463,0.471490,0.003286,0.073409
204.623252,0.472188,0.003318,0.072966
207.419773,0.472178,0.003337,0.070840
210.254723,0.472552,0.003278,0.071327
213.128285,0.470313,0.003290,0.072896
216.040838,0.470220,0.003349,0.073175
218.993121,0.469780,0.003376,0.070802
221.986450,0.471060,0.003422,0.073244
225.019913,0.470675,0.003141,0.075205
228.095345,0.471598,0.003350,0.075974
231.212598,0.470583,0.003390,0.075806
234.372269,0.471450,0.003211,0.077936
237.575558,0.469322,0.003460,0.076472
240.822226,0.468182,0.003401,0.076664
244.113519,0.468978,0.003308,0.077758
247.449621,0.472125,0.003391,0.076227
250.831511,0.472667,0.003326,0.074054
254.259698,0.470680,0.003340,0.073107
257.734454,0.470405,0.003423,0.075604
261.256839,0.471372,0.003441,0.077444
264.827204,0.470613,0.003294,0.077691
268.446658,0.470330,0.003419,0.076312
272.115101,0.472163,0.003449,0.073843
275.834249,0.470840,0.003356,0.073695
279.604057,0.469863,0.003412,0.073211
283.425285,0.469118,0.003449,0.075033
287.298838,0.470193,0.003491,0.072382
291.225027,0.471322,0.003310,0.074983
295.204919,0.473645,0.003331,0.078481
299.239414,0.472073,0.003429,0.076334
303.329223,0.471890,0.003341,0.076133
307.474570,0.470408,0.003335,0.077729
311.676845,0.469397,0.003290,0.077019
315.936016,0.470175,0.003280,0.076161
320.254489,0.469530,0.003537,0.077471
324.631126,0.467340,0.003345,0.078368
329.067684,0.465680,0.003338,0.076728
333.564840,0.469932,0.003419,0.078471
338.123665,0.468120,0.003443,0.077094
342.744790,0.468138,0.003405,0.076925
347.428835,0.469195,0.003526,0.076697
352.177276,0.467995,0.003429,0.079017
356.990229,0.473360,0.003343,0.078073
361.869105,0.471827,0.003287,0.081315
366.814610,0.469965,0.003478,0.078754
371.827842,0.470248,0.003553,0.078536
376.909499,0.470117,0.003565,0.078533
382.060443,0.469873,0.003466,0.077976
387.281989,0.467005,0.003466,0.075791
392.574984,0.467445,0.003483,0.076735
397.940006,0.466425,0.003484,0.078454
403.378986,0.464240,0.003616,0.078304
408.891608,0.464397,0.003333,0.080645
414.479610,0.466235,0.003392,0.080870
420.144353,0.461760,0.003555,0.079596
425.886360,0.464785,0.003480,0.079553
431.706857,0.461650,0.003483,0.077919
437.606992,0.461110,0.003505,0.077075
443.587425,0.458553,0.003582,0.076216
449.649944,0.458553,0.003433,0.077452
455.795067,0.459760,0.003568,0.076605
462.024382,0.462473,0.003384,0.076469
468.338624,0.465237,0.004029,0.081368
474.739401,0.460550,0.003507,0.079578
481.227587,0.460720,0.003950,0.081897
487.803974,0.462092,0.003596,0.080149
494.470952,0.462005,0.003670,0.081633
501.228571,0.463715,0.003255,0.076563
508.079071,0.460988,0.003667,0.077950
515.022942,0.461952,0.003344,0.078757
522.061409,0.462487,0.003650,0.080832
529.196263,0.464150,0.003393,0.081407
536.428762,0.462918,0.003608,0.078830
543.760270,0.462332,0.003445,0.080267
551.191421,0.463495,0.003475,0.080643
558.724495,0.460065,0.003469,0.083875
566.360665,0.462125,0.004025,0.084111
574.100817,0.458808,0.003764,0.083225
581.946863,0.461760,0.003645,0.079753
589.899951,0.462155,0.003477,0.082765
597.962207,0.458903,0.003381,0.080885
606.134603,0.460018,0.003680,0.079469
614.418636,0.460700,0.003503,0.079288
622.815519,0.461322,0.003516,0.081432
631.327292,0.462000,0.003669,0.082013
639.955312,0.460208,0.003551,0.077163
648.701583,0.461163,0.003502,0.080414
657.567353,0.459765,0.003559,0.083407
666.554194,0.461907,0.003536,0.078901
675.663720,0.458778,0.003557,0.080276
684.897914,0.456743,0.003650,0.080870
694.258446,0.458732,0.003655,0.082060
703.746420,0.458660,0.003759,0.083669
713.364500,0.460155,0.003661,0.081821
723.114147,0.460273,0.003563,0.082482
732.996590,0.458145,0.003675,0.083633
743.014263,0.460087,0.003422,0.080672
753.168880,0.458312,0.003595,0.082415
763.462388,0.458108,0.003682,0.081647
773.896698,0.459558,0.003514,0.081246
784.473183,0.459227,0.003585,0.080290
795.194550,0.460555,0.003806,0.083107
806.062051,0.464147,0.003651,0.083116
817.078297,0.461055,0.003614,0.076288
828.245395,0.459512,0.003607,0.079655
839.564774,0.460040,0.003663,0.079169
851.038844,0.463958,0.003584,0.079173
862.669936,0.461828,0.003622,0.083663
874.459941,0.460332,0.003581,0.083085
886.410889,0.459813,0.003412,0.081533
898.525292,0.459350,0.003533,0.081941
910.805225,0.457075,0.003686,0.084130
923.253054,0.458142,0.003370,0.081700
935.871192,0.458773,0.003682,0.082553
948.661318,0.457687,0.003605,0.083721
961.626514,0.455385,0.003529,0.081119
974.769150,0.456857,0.003585,0.085287
988.090859,0.460477,0.003701,0.083136
1001.595189,0.455300,0.003539,0.080630
1015.283849,0.458820,0.003701,0.083313
1029.159386,0.457687,0.003638,0.081465
1043.224682,0.457485,0.003529,0.083184
1057.482444,0.459680,0.003593,0.083909
1071.934606,0.457995,0.003473,0.084707
1086.584677,0.457528,0.003537,0.080261
1101.434601,0.459745,0.003613,0.081761
1116.487967,0.457878,0.003757,0.082106
1131.746660,0.459463,0.003683,0.083605
1147.214352,0.458135,0.003606,0.087515
1162.892959,0.460645,0.003435,0.090681
1178.785968,0.455485,0.003664,0.086262
1194.896200,0.459770,0.003554,0.086253
1211.226737,0.459233,0.003819,0.082437
1227.780125,0.464260,0.003899,0.085133
1244.560240,0.457937,0.003937,0.081970
1261.569318,0.459910,0.003563,0.082086
1278.811173,0.460230,0.003497,0.080440
1296.288530,0.462288,0.003475,0.077317
1314.004452,0.460922,0.004026,0.081454
1331.962973,0.462270,0.003843,0.084090
1350.166559,0.460345,0.003581,0.085051
1368.619342,0.455375,0.004891,0.086097
1387.323640,0.460472,0.003557,0.085944
1406.283929,0.460975,0.003625,0.086088
1425.503752,0.461495,0.005828,0.084618
1444.985752,0.458417,0.004369,0.082431
1464.734486,0.461262,0.006742,0.085109
1484.752349,0.460705,0.006538,0.084584
1505.044071,0.459970,0.003563,0.084042
1525.613604,0.460168,0.003562,0.083909
1546.463743,0.458930,0.003849,0.084214
1567.599008,0.461385,0.003737,0.085340
1589.023278,0.457247,0.003575,0.083728
1610.740360,0.459455,0.003622,0.083855
1632.753770,0.461710,0.003562,0.081467
1655.068606,0.459682,0.003824,0.081750
1677.688266,0.461145,0.003618,0.082039
1700.616865,0.461910,0.004117,0.078435
1723.858801,0.463448,0.003649,0.084150
1747.418671,0.462625,0.003616,0.082947
1771.300040,0.460135,0.003421,0.079696
1795.508364,0.459565,0.003630,0.080095
1820.047304,0.459057,0.003459,0.080008
1844.921804,0.455533,0.003579,0.079973
1870.136129,0.459730,0.003338,0.079337
1895.694700,0.459833,0.003411,0.080097
1921.603036,0.464355,0.003478,0.079526
1947.865072,0.462943,0.003613,0.081062
1974.486280,0.459402,0.003560,0.082539
2001.471749,0.459838,0.003588,0.084325
2028.825249,0.459052,0.003459,0.082990
2056.553080,0.462158,0.003633,0.083402
2084.659557,0.458755,0.003651,0.081489
2113.150290,0.460185,0.003790,0.081716
2142.030507,0.457865,0.003548,0.080918
2171.305606,0.455247,0.003674,0.077714
2200.980341,0.460847,0.003517,0.080486
2231.060925,0.460730,0.003532,0.079521
2261.552177,0.463960,0.003577,0.081266
2292.460773,0.461603,0.003620,0.081245
2323.791483,0.464195,0.003309,0.078560
2355.550491,0.457063,0.003459,0.080839
2387.743540,0.455682,0.003593,0.083448
2420.376311,0.463115,0.003472,0.081213
2453.455508,0.461352,0.003525,0.082310
2486.986274,0.463325,0.003439,0.081475
2520.975634,0.465363,0.003314,0.084238
2555.429745,0.463662,0.003618,0.080746
2590.354437,0.461330,0.003717,0.082616
2625.756562,0.460685,0.003829,0.081451
2661.642197,0.464370,0.003454,0.080506
2698.018517,0.463003,0.003484,0.078206
2734.892084,0.461680,0.003417,0.081679
2772.269479,0.459855,0.003462,0.077775
2810.157556,0.460765,0.003446,0.078252
2848.563977,0.458733,0.003590,0.079350
2887.494360,0.463447,0.003494,0.078953
2926.957358,0.465482,0.003480,0.081612
2966.960046,0.461090,0.003561,0.079469
3007.509018,0.459855,0.003583,0.081867
3048.612312,0.459822,0.003585,0.079837
3090.277454,0.462670,0.003472,0.078509
3132.511880,0.462235,0.003566,0.081254
3175.323372,0.460117,0.003547,0.079424
3218.720333,0.461025,0.003595,0.084290
3262.709990,0.461650,0.003660,0.077595
3307.300895,0.463767,0.003448,0.076695
3352.501564,0.462845,0.003509,0.077601
3398.319663,0.457463,0.003501,0.075611
3444.764389,0.458283,0.003614,0.082462
3491.843324,0.459855,0.003486,0.083394
3539.566149,0.463970,0.003573,0.082824
3587.940672,0.465115,0.003449,0.080118
3636.976658,0.461065,0.003474,0.080415
3686.682975,0.464268,0.003443,0.080375
3737.068015,0.461285,0.003302,0.078975
3788.142308,0.461772,0.003495,0.079963
3839.914200,0.460928,0.003410,0.078786
3892.393990,0.458342,0.003538,0.081587
3945.590880,0.458270,0.003477,0.080997
3999.515182,0.460695,0.005620,0.082458
4054.175552,0.461263,0.003442,0.080496
4109.583613,0.462850,0.003450,0.082511
4165.748792,0.460545,0.003588,0.085751
4222.681290,0.461163,0.003586,0.080627
4280.392540,0.462795,0.003372,0.079112
4338.892024,0.466562,0.003514,0.081902
4398.191059,0.466650,0.003371,0.079340
4458.300917,0.459027,0.003743,0.082279
4519.232105,0.460953,0.003640,0.081182
4580.995959,0.457663,0.003607,0.081671
4643.603509,0.458655,0.003313,0.081015
4707.067222,0.459545,0.003522,0.079620
4771.398116,0.461007,0.003493,0.080535
4836.608212,0.462415,0.003965,0.082421
4902.709737,0.458975,0.003622,0.079141
4969.714266,0.460502,0.003863,0.081523
5037.634785,0.459343,0.003597,0.080279
5106.483734,0.462455,0.003801,0.082541
5176.273245,0.460265,0.003478,0.083121
5246.988181,0.462765,0.738295,0.083109
5318.727228,0.463370,-nan,0.082706
5391.417713,0.460475,-nan,0.084787
5465.101489,0.461480,-nan,0.081961
-nan,0.457398,-nan,0.081752
5615.504187,0.461103,-nan,0.084658
5692.250635,0.463562,-nan,0.085985
5770.046030,0.455593,-nan,0.084282
5848.904507,0.460257,-nan,0.084546
-nan,0.463695,-nan,0.081436
6009.869500,0.461782,-nan,0.081788
6092.005885,0.465628,-nan,0.080559
6175.264598,0.459222,-nan,0.079743
6259.661227,0.457340,-nan,0.080890
6345.211384,0.460315,-nan,0.084018
6431.930594,0.457585,-nan,0.085104
6519.834975,0.459898,-nan,0.084044
6608.940704,0.460950,-nan,0.082552
6699.264357,0.461775,-nan,0.083184
6790.822556,0.465825,-nan,0.084004
6883.631926,0.459898,-nan,0.084547
6977.709716,0.460865,-nan,0.082615
7073.073261,0.460600,-nan,0.084219
7169.740185,0.454937,-nan,0.082920
7267.728397,0.458298,-nan,0.084521
7367.055618,0.453387,-nan,0.084059
7467.740153,0.459953,-nan,0.083672
7569.801018,0.460855,-nan,0.083597
7673.256584,0.457912,-nan,0.081579
7778.126175,0.457325,-nan,0.078794
7884.429133,0.458172,-nan,0.082663
7992.184541,0.461380,-nan,0.085219
8101.412875,0.460900,-nan,0.088027
8212.134307,0.454410,-nan,0.085591
8324.368331,0.464150,-nan,0.080497
8438.136608,0.457615,-nan,0.082723
8553.459372,0.458585,-nan,0.084533
8670.358991,0.453715,-nan,0.083940
8788.855547,0.461717,-nan,0.082108
8908.971986,0.457490,-nan,0.084393
9030.729897,0.449955,-nan,0.081359
9154.151874,0.452903,-nan,0.084692
9279.260747,0.454187,-nan,0.084573
9406.079284,0.458105,-nan,0.085670
9534.631170,0.454603,-nan,0.080508
9664.939717,0.459655,-nan,0.082462
9797.029504,0.461048,-nan,0.087421
9930.924167,0.460740,-nan,0.082254
10066.649386,0.457645,-nan,0.082874
10204.229200,0.466347,-nan,0.083879
10343.689103,0.463302,-nan,0.082408
10485.055279,0.461587,-nan,0.083330
10628.353429,0.460250,-nan,0.085753
10773.609963,0.458342,-nan,0.083571
10920.851390,0.461680,-nan,0.083795
11070.105906,0.459257,-nan,0.083239
11221.399616,0.460060,-nan,0.082402
11374.761283,0.462637,-nan,0.084021
11530.219091,0.460953,-nan,0.084316
11687.801113,0.458840,-nan,0.081628
11847.537095,0.464797,-nan,0.082934
12009.456371,0.460092,-nan,0.081704
12173.587948,0.457740,-nan,0.082369
12339.963215,0.466515,-nan,0.079789
12508.612138,0.458410,-nan,0.083295
12679.566018,0.451975,-nan,0.083899
12852.856530,0.459357,-nan,0.084996
13028.514995,0.451387,-nan,0.084059
13206.574267,0.456100,-nan,0.080963
13387.066934,0.459740,-nan,0.082754
13570.026814,0.460670,-nan,0.083289
13755.486735,0.464950,-nan,0.085709
13943.481616,0.459953,-nan,0.080611
14134.045732,0.458185,-nan,0.077177
14327.213910,0.461797,-nan,0.080850
14523.022652,0.464273,-nan,0.078042
14721.507373,0.461308,-nan,0.083863
14922.704545,0.460598,-nan,0.082730
15126.651302,0.462997,-nan,0.085624
15333.385627,0.455260,-nan,0.086144
15542.945238,0.461362,-nan,0.085119
15755.369423,0.462915,-nan,0.082063
15970.696199,0.456875,-nan,0.082422
16188.965914,0.459638,-nan,0.077842
16410.218769,0.460722,-nan,0.079133
16634.495571,0.461045,-nan,0.079202
16861.837596,0.457195,-nan,0.086399
17092.286522,0.456092,-nan,0.082905
17325.884801,0.458300,-nan,0.081818
17562.675922,0.457238,-nan,0.082582
17802.702958,0.467390,-nan,0.081414
18046.010711,0.456813,-nan,0.081751
18292.643807,0.462768,-nan,0.084265
18542.647391,0.458865,-nan,0.081057
18796.067721,0.462085,-nan,0.082515
19052.951737,0.457697,-nan,0.083533
19313.346308,0.456825,-nan,0.090935
19577.299676,0.463495,-nan,0.080105
19844.860655,0.457888,-nan,0.085722
20116.078279,0.456630,-nan,0.084574
20391.002663,0.458895,-nan,0.087238
20669.684297,0.454083,-nan,0.086652
20952.174783,0.462135,-nan,0.084419
21238.525818,0.457287,-nan,0.077521
21528.790287,0.459072,-nan,0.085965
21823.021965,0.458513,-nan,0.079847
22121.275153,0.456563,-nan,0.081105
22423.604343,0.461190,-nan,0.084724
22730.065537,0.458020,-nan,0.083261
23040.714740,0.456867,-nan,0.083898
23355.609587,0.456840,-nan,0.084065
23674.808072,0.460762,-nan,0.080867
23998.369588,0.461013,-nan,0.081828
24326.352552,0.464173,-nan,0.082897
24658.818317,0.465098,-nan,0.078712
24995.828002,0.449885,-nan,0.085790
25337.443422,0.456695,-nan,0.082419
25683.727360,0.460057,-nan,0.085053
26034.744383,0.458465,-nan,0.083945
26390.558311,0.453645,-nan,0.076509
26751.235475,0.456510,-nan,0.085147
27116.841987,0.459410,-nan,0.082670
27487.444589,0.459200,-nan,0.084567
27863.112979,0.455048,-nan,0.082435
28243.915270,0.456347,-nan,0.088275
28629.921785,0.454905,-nan,0.081624
29021.203870,0.460290,-nan,0.084322
29417.833600,0.460175,-nan,0.084551
29819.884094,0.459910,-nan,0.084265
30227.429498,0.459285,-nan,0.081188
30640.544298,0.464207,-nan,0.080008
31059.305367,0.463950,-nan,0.083169
31483.789712,0.459418,-nan,0.077945
31914.075491,0.460193,-nan,0.081233
32350.241894,0.461990,-nan,0.081697
32792.369140,0.461010,-nan,0.082189
33240.539277,0.453840,-nan,0.086602
33694.833914,0.458210,-nan,0.082875
34155.338116,0.458820,-nan,0.085090
34622.135302,0.462105,-nan,0.081099
35095.312774,0.452485,-nan,0.082429
35574.956513,0.455955,-nan,0.082989
36061.155832,0.451700,-nan,0.081031
36553.999811,0.459893,-nan,0.080498
37053.579827,0.460053,-nan,0.085881
37559.986994,0.460895,-nan,0.084785
38073.315424,0.458182,-nan,0.083462
38593.659642,0.457452,-nan,0.081788
39121.115262,0.455697,-nan,0.084395
39655.779079,0.459087,-nan,0.079682
40197.750829,0.457022,-nan,0.080599
40747.129161,0.459562,-nan,0.082938
41304.016065,0.460677,-nan,0.083754
41868.513669,0.461127,-nan,0.082950
42440.726693,0.460130,-nan,0.087734
43020.759387,0.460225,-nan,0.083753
43608.719759,0.453390,-nan,0.083687
44204.715378,0.461317,-nan,0.083361
44808.856692,0.467717,-nan,0.087010
45421.254617,0.462340,-nan,0.081424
46042.022323,0.461638,-nan,0.084477
46671.273912,0.463742,-nan,0.081760
47309.125049,0.462130,-nan,0.081212
47955.694171,0.464287,-nan,0.082119
48611.099717,0.462573,-nan,0.080403
49275.462521,0.462168,-nan,0.082404
49948.905433,0.460800,-nan,0.080526
50631.552040,0.454363,-nan,0.083409
51323.527857,0.457863,-nan,0.085212
52024.961275,0.460622,-nan,0.080983
52735.981319,0.464178,-nan,0.084919
53456.718413,0.451093,-nan,0.081574
54187.305928,0.461548,-nan,0.080022
54927.877970,0.459277,-nan,0.085044
55678.571729,0.462135,-nan,0.082593
56439.525204,0.455830,-nan,0.081635
57210.878361,0.456160,-nan,0.080810
57992.773350,0.465015,-nan,0.085520
58785.354944,0.454947,-nan,0.084550
59588.768050,0.455825,-nan,0.083500
60403.161655,0.458580,-nan,0.084018
61228.685485,0.460445,-nan,0.084014
62065.491901,0.459028,-nan,0.084949
62913.734304,0.454125,-nan,0.082748
63773.569847,0.457572,-nan,0.081756
64645.156654,0.456250,-nan,0.086243
65528.655318,0.460590,-nan,0.085787
66424.228612,0.462880,-nan,0.082020
67332.041847,0.461367,-nan,0.082792
68252.261773,0.459750,-nan,0.083157
69185.058268,0.457473,-nan,0.083141
70130.603712,0.464647,-nan,0.083496
71089.071312,0.457855,-nan,0.082613
72060.638400,0.459657,-nan,0.083983
73045.483900,0.459415,-nan,0.085515
74043.788922,0.458308,-nan,0.084325
75055.737613,0.459148,-nan,0.080212
76081.517050,0.455022,-nan,0.083958
77121.314952,0.461137,-nan,0.085755
78175.324322,0.456770,-nan,0.083776
79243.738047,0.460448,-nan,0.082591
80326.754190,0.457450,-nan,0.083791
81423.970699,0.458690,-nan,0.085553
82537.393152,0.459855,-nan,0.085644
83665.422969,0.459982,-nan,0.086164
84808.869863,0.455770,-nan,0.087065
85967.944191,0.458770,-nan,0.087251
87142.858911,0.463400,-nan,0.085562
88333.831490,0.459273,-nan,0.086223
89541.081042,0.456418,-nan,0.085423
90764.829680,0.464128,-nan,0.082644
92005.303387,0.461587,-nan,0.083602
93262.730327,0.459790,-nan,0.085225
94537.342670,0.456375,-nan,0.084237
95829.374692,0.459870,-nan,0.083291
97139.065017,0.460232,-nan,0.084768
98466.654703,0.462677,-nan,0.088543
99812.388246,0.457975,-nan,0.086359
101176.513863,0.459365,-nan,0.085880
102559.283151,0.457993,-nan,0.085704
103960.949982,0.460722,-nan,0.084659
105381.774003,0.459542,-nan,0.085242
106822.015608,0.453812,-nan,0.084481
108281.941287,0.456773,-nan,0.081992
109761.819571,0.454015,-nan,0.081891
111261.922861,0.455170,-nan,0.083559
112782.528077,0.465612,-nan,0.084553
114323.915378,0.459373,-nan,0.083419
115886.369122,0.456995,-nan,0.084773
117470.175965,0.458110,-nan,0.083096
119075.628914,0.460358,-nan,0.082475
120703.023193,0.460670,-nan,0.084095
122352.658972,0.458017,-nan,0.084931
124024.840468,0.458302,-nan,0.082150
125719.875269,0.456467,-nan,0.081616
127438.075977,0.461035,-nan,0.082397
129179.759167,0.451370,-nan,0.085578
130945.245725,0.456763,-nan,0.087179
132734.860894,0.455587,-nan,0.089060
134548.934419,0.459133,-nan,0.090109
136387.800814,0.459050,-nan,0.088152
138251.799086,0.464577,-nan,0.084445
140140.809489,0.455932,-nan,0.084910
142056.568926,0.457240,-nan,0.087907
143998.041459,0.454993,-nan,0.088783
145966.048117,0.457360,-nan,0.089412
147960.951056,0.455100,-nan,0.087644
149983.118209,0.458477,-nan,0.089000
152032.922160,0.463912,-nan,0.084396
154110.740656,0.459748,-nan,0.088152
156216.956176,0.457043,-nan,0.086911
158351.957477,0.460087,-nan,0.086565
160516.137746,0.455460,-nan,0.084952
162709.895069,0.455840,-nan,0.092401
164933.634689,0.456385,-nan,0.086425
167187.765925,0.453800,-nan,0.089690
169472.703664,0.463355,-nan,0.086346
171788.869957,0.456737,-nan,0.085499
174136.691013,0.455620,-nan,0.087983
176516.599273,0.462560,-nan,0.086130
178929.033570,0.459600,-nan,0.086859
181374.438522,0.460048,-nan,0.086425
183853.264264,0.457300,-nan,0.086012
186365.968084,0.459295,-nan,0.084439
188913.012645,0.469640,-nan,0.085040
191494.867711,0.459585,-nan,0.086461
194112.008370,0.457710,-nan,0.086389
196764.917597,0.458345,-nan,0.090955
199454.083565,0.452553,-nan,0.087525
202180.002072,0.459035,-nan,0.084118
204943.175406,0.453305,-nan,0.086816
207744.112689,0.462010,-nan,0.090695
210583.330698,0.456475,-nan,0.086438
213461.351279,0.463310,-nan,0.084850
216378.705895,0.457265,-nan,0.084244
219335.931802,0.459567,-nan,0.086699
222333.573465,0.456052,-nan,0.085769
225372.183800,0.459593,-nan,0.086658
228452.322164,0.459653,-nan,0.087032
231574.556853,0.461857,-nan,0.082981
234739.462788,0.456948,-nan,0.087384
237947.623078,0.457530,-nan,0.086206
241199.628984,0.456968,-nan,0.087927
244496.079519,0.462495,-nan,0.083948
247837.582770,0.454667,-nan,0.089903
251224.753633,0.453347,-nan,0.092614
254658.216622,0.452500,-nan,0.083864
258138.604242,0.455735,-nan,0.086551
261666.558172,0.459435,-nan,0.085528
265242.728372,0.453622,-nan,0.088305
268867.773788,0.452557,-nan,0.086312
272542.362248,0.453642,-nan,0.085775
276267.171008,0.458548,-nan,0.083478
280042.886197,0.458732,-nan,0.085806
283870.203580,0.459422,-nan,0.085180
287749.828973,0.459963,-nan,0.086882
291682.476309,0.454205,-nan,0.086141
295668.870852,0.460152,-nan,0.086846
299709.747551,0.454610,-nan,0.087740
303805.849991,0.458437,-nan,0.083286
307957.933289,0.458273,-nan,0.087927
312166.763080,0.453377,-nan,0.087779
316433.114308,0.460740,-nan,0.090690
320757.773456,0.455648,-nan,0.087795
325141.537596,0.456772,-nan,0.089210
329581.806221,0.453625,-nan,0.085904
334089.621316,0.457527,-nan,0.091108
338655.589860,0.456290,-nan,0.089645
343283.961250,0.453537,-nan,0.090899
347975.587850,0.466760,-nan,0.084685
352731.334824,0.460255,-nan,0.085878
357552.078380,0.448102,-nan,0.089690
362438.706011,0.461080,-nan,0.085041
367392.119160,0.456270,-nan,0.087997
372413.229462,0.453533,-nan,0.087687
377499.782432,0.460137,-nan,0.086882
382662.257702,0.460672,-nan,0.086913
387892.063774,0.455888,-nan,0.092955
393193.345122,0.454287,-nan,0.090058
398567.078735,0.459765,-nan,0.094330
404014.254000,0.456063,-nan,0.087776
409535.875587,0.455568,-nan,0.089421
415132.960895,0.454707,-nan,0.088789
420806.540490,0.461273,-nan,0.089910
426557.660665,0.459260,-nan,0.089085
432387.380870,0.455917,-nan,0.088466
438296.774997,0.455773,-nan,0.093062
444286.932171,0.456148,-nan,0.091489
450358.956545,0.455017,-nan,0.086791
456513.966293,0.460512,-nan,0.087290
462753.096356,0.458180,-nan,0.086287
469077.495648,0.463145,-nan,0.086559
475488.330244,0.457405,-nan,0.085424
481986.780730,0.453085,-nan,0.089035
488574.044891,0.459028,-nan,0.086225
495251.336545,0.461132,-nan,0.087198
502019.886236,0.457180,-nan,0.089912
508880.940632,0.457765,-nan,0.090913
515829.400250,0.461298,-nan,0.090787
522885.639632,0.460192,-nan,0.092888
530029.407105,0.453495,-nan,0.091887
537274.011405,0.452530,-nan,0.092811
544618.649035,0.448390,-nan,0.092632
552061.896581,0.453883,-nan,0.086475
559606.870293,0.449850,-nan,0.093664
567254.960362,0.454570,-nan,0.094640
575007.576168,0.455983,-nan,0.092226
582866.146028,0.453550,-nan,0.092582
590832.118193,0.457960,-nan,0.090797
598906.960662,0.449355,-nan,0.091459
607092.160936,0.457063,-nan,0.095376
615389.227725,0.457870,-nan,0.092250
623799.689512,0.456785,-nan,0.094495
632325.096685,0.452207,-nan,0.091698
640967.018898,0.459765,-nan,0.091104
649724.487659,0.452258,-nan,0.093360
658605.377854,0.455703,-nan,0.095625
667607.915576,0.465948,-nan,0.097314
676732.044845,0.458978,-nan,0.093513
685980.872881,0.460505,-nan,0.097318
695356.103527,0.454618,-nan,0.096518
704859.464674,0.457622,-nan,0.096314
714492.707136,0.456482,-nan,0.093641
724257.607546,0.454547,-nan,0.092447
734155.961362,0.452298,-nan,0.092613
744189.596022,0.455725,-nan,0.096037
754360.359288,0.456740,-nan,0.092712
764670.125664,0.457715,-nan,0.091936
