0.000000,0.995000,0.000000,0.000000
1.003037,0.847190,0.001726,0.027493
1.016141,0.846073,0.001691,0.027564
1.029204,0.844957,0.001665,0.027431
1.042593,0.843670,0.001721,0.027371
1.056231,0.842657,0.001790,0.027161
1.070007,0.841287,0.001720,0.027373
1.083894,0.840117,0.001663,0.027233
1.097946,0.839017,0.001772,0.027635
1.112366,0.837690,0.001706,0.027749
1.126636,0.836420,0.001693,0.027732
1.141596,0.835137,0.001779,0.027827
1.156330,0.833937,0.001682,0.027982
1.171389,0.833010,0.001786,0.027893
1.186782,0.831697,0.001718,0.027878
1.202064,0.830477,0.001765,0.028013
1.217769,0.828860,0.001703,0.028010
1.233575,0.827610,0.001787,0.028221
1.249629,0.826027,0.001710,0.028149
1.266067,0.824883,0.001782,0.028202
1.282386,0.823743,0.001761,0.027977
1.299154,0.822487,0.001790,0.028003
1.316021,0.821163,0.001797,0.028332
1.333191,0.819983,0.001791,0.028250
1.350450,0.818660,0.001732,0.028521
1.368142,0.817183,0.001714,0.028619
1.385961,0.815997,0.001725,0.028958
1.403961,0.814577,0.001717,0.028800
1.422238,0.813313,0.001745,0.028673
1.440853,0.811710,0.001765,0.028678
1.459667,0.810360,0.001780,0.028798
1.478777,0.809363,0.001782,0.028465
1.498007,0.807733,0.001761,0.028495
1.517397,0.806233,0.001809,0.028634
1.537264,0.804797,0.001838,0.028711
1.557350,0.803560,0.001789,0.028980
1.577537,0.802347,0.001786,0.029215
1.598156,0.800830,0.001831,0.029432
1.618875,0.799370,0.001799,0.029685
1.640102,0.797840,0.001848,0.029275
1.661309,0.796400,0.001778,0.029598
1.682978,0.795307,0.001830,0.029239
1.705019,0.794177,0.001798,0.029813
1.727165,0.792690,0.001851,0.030157
1.749739,0.791313,0.001818,0.029955
1.772452,0.790093,0.001861,0.029993
1.795543,0.788737,0.001853,0.029998
1.818973,0.787583,0.001816,0.029494
1.842741,0.786123,0.001821,0.029856
1.866742,0.784650,0.001806,0.029961
1.891257,0.783220,0.001845,0.030410
1.915646,0.781590,0.001864,0.030591
1.940770,0.779930,0.001813,0.031198
1.966068,0.778653,0.001829,0.031441
1.991677,0.777240,0.001837,0.031934
2.017549,0.776220,0.001873,0.032318
2.043789,0.774860,0.001936,0.032454
2.070596,0.773497,0.001916,0.032373
2.097453,0.771857,0.001939,0.032455
2.124910,0.770170,0.001954,0.032776
2.152581,0.769090,0.001857,0.032579
2.180525,0.767867,0.001870,0.032674
2.209109,0.766130,0.001936,0.032892
2.237771,0.764163,0.001858,0.032834
2.267005,0.762623,0.001943,0.032696
2.296551,0.761357,0.001899,0.032988
2.326368,0.759650,0.001936,0.033395
2.356756,0.757660,0.001836,0.033351
2.387423,0.756090,0.001904,0.033406
2.418868,0.754557,0.001872,0.033725
2.450241,0.753387,0.002012,0.033857
2.482002,0.751547,0.001936,0.034075
2.514571,0.750540,0.001924,0.034726
2.547311,0.748903,0.001893,0.034429
2.580444,0.747543,0.001973,0.034453
2.614097,0.745847,0.001909,0.034474
2.648255,0.744210,0.001970,0.034628
2.682766,0.742973,0.002000,0.035291
2.717774,0.741610,0.001906,0.035182
2.753136,0.740347,0.001954,0.035096
2.788928,0.739367,0.001939,0.035489
2.825471,0.738073,0.001976,0.034836
2.862228,0.736303,0.001988,0.034625
2.899513,0.735130,0.001982,0.034475
2.937453,0.733503,0.001997,0.034867
2.975610,0.732287,0.001931,0.035118
3.014583,0.731083,0.001922,0.035091
3.053869,0.730430,0.002037,0.035269
3.093654,0.728997,0.002029,0.035594
3.133846,0.727207,0.001978,0.036142
3.174776,0.725653,0.001968,0.036310
3.216138,0.723883,0.001964,0.036234
3.258300,0.722333,0.002047,0.036357
3.300820,0.721123,0.002010,0.036682
3.343660,0.719570,0.002072,0.037331
3.387370,0.718293,0.002094,0.037389
3.431430,0.716833,0.002000,0.037585
3.476382,0.715330,0.002077,0.038248
3.521584,0.714173,0.002049,0.039229
3.567536,0.712787,0.002056,0.038769
3.614144,0.711620,0.002043,0.039177
3.661281,0.710917,0.001977,0.038618
3.709019,0.709707,0.002036,0.038876
3.757225,0.708610,0.002093,0.038996
3.806506,0.707167,0.002092,0.039147
3.855890,0.706820,0.002100,0.039308
3.906155,0.705463,0.002092,0.039174
3.956966,0.704600,0.002077,0.039392
4.008815,0.703970,0.002178,0.039588
4.061070,0.702407,0.002189,0.039703
4.113931,0.700910,0.002090,0.039220
4.167698,0.699487,0.002105,0.039601
4.222142,0.697910,0.002072,0.040033
4.277042,0.696127,0.002049,0.039464
4.333074,0.695470,0.002073,0.039746
4.389415,0.693467,0.002150,0.040590
4.446666,0.691640,0.002109,0.040313
4.504744,0.690663,0.002009,0.040188
4.563279,0.689847,0.002112,0.040801
4.623033,0.688810,0.002137,0.040594
4.683326,0.687377,0.002126,0.039991
4.744386,0.686227,0.002118,0.040334
4.806136,0.685677,0.002158,0.040116
4.868876,0.683840,0.002092,0.039911
4.932318,0.682530,0.002172,0.040051
4.996701,0.681580,0.002160,0.040319
5.061972,0.680410,0.002115,0.039974
5.128020,0.679490,0.002176,0.040212
5.194818,0.678357,0.002072,0.040483
5.262591,0.676823,0.002193,0.040191
5.331474,0.675463,0.002137,0.039758
5.400767,0.674160,0.002174,0.040626
5.471361,0.672840,0.002165,0.040938
5.542654,0.672290,0.002141,0.042058
5.614963,0.670617,0.002083,0.041809
5.688223,0.668473,0.002208,0.041701
5.762449,0.667677,0.002244,0.040977
5.837625,0.666337,0.002217,0.041226
5.913879,0.665213,0.002151,0.042223
5.990999,0.663953,0.002188,0.042648
6.068937,0.662497,0.002218,0.041960
6.148345,0.660250,0.002293,0.041995
6.228464,0.659513,0.002248,0.042592
6.309737,0.658313,0.002210,0.042294
6.391896,0.656590,0.002248,0.042881
6.475452,0.655380,0.002147,0.043028
6.560026,0.654057,0.002204,0.042762
6.645479,0.652417,0.002247,0.043004
6.732240,0.652153,0.002214,0.044019
6.819864,0.651410,0.002210,0.043924
6.908977,0.650990,0.002344,0.044447
6.999173,0.648677,0.002269,0.043842
7.090538,0.647633,0.002286,0.044826
7.182821,0.646300,0.002234,0.044982
7.276610,0.646193,0.002276,0.045613
7.371588,0.644110,0.002334,0.045283
7.467822,0.642950,0.002244,0.044848
7.565067,0.642233,0.002343,0.045671
7.663932,0.641343,0.002345,0.046166
7.763858,0.639940,0.002252,0.047072
7.865371,0.638930,0.002266,0.046906
7.967968,0.637683,0.002234,0.046815
8.071496,0.636237,0.002318,0.046299
8.176950,0.636253,0.002290,0.045805
8.283877,0.635373,0.002304,0.046185
8.391869,0.634533,0.002256,0.045789
8.501436,0.632277,0.002305,0.045976
8.612266,0.630830,0.002385,0.046246
8.724579,0.630633,0.002394,0.045660
8.838494,0.629330,0.002245,0.046334
8.953746,0.626990,0.002247,0.047148
9.070488,0.624623,0.002349,0.045977
9.188940,0.623780,0.002361,0.045513
9.308942,0.623323,0.002345,0.046077
9.430342,0.622203,0.002320,0.046514
9.553333,0.621013,0.002381,0.046497
9.678029,0.619037,0.002360,0.046349
9.804417,0.617190,0.002404,0.045923
9.932060,0.616457,0.002430,0.046684
10.061816,0.614993,0.002483,0.047618
10.193075,0.613650,0.002350,0.047581
10.326160,0.613377,0.002406,0.048100
10.460732,0.610960,0.002433,0.047270
10.597324,0.609910,0.002459,0.046802
10.735502,0.608677,0.002378,0.046629
10.875830,0.607160,0.002420,0.046411
11.017699,0.606057,0.002436,0.046400
11.161317,0.605303,0.002450,0.045654
11.307026,0.604127,0.002412,0.045232
11.454537,0.603340,0.002375,0.045803
11.604070,0.602450,0.002530,0.045718
11.755414,0.602503,0.002454,0.046831
11.908746,0.600937,0.002435,0.048442
12.064196,0.599817,0.002421,0.048407
12.221730,0.598213,0.002497,0.048282
12.381173,0.597573,0.002461,0.048948
12.542733,0.596113,0.002478,0.049182
12.706363,0.595653,0.002459,0.048553
12.872319,0.593310,0.002515,0.048347
13.040112,0.592460,0.002470,0.049694
13.210352,0.589810,0.002490,0.049569
13.382646,0.589300,0.002497,0.050033
13.557250,0.587750,0.002433,0.050468
13.734222,0.587283,0.002395,0.051359
13.913504,0.587023,0.002590,0.052170
14.094893,0.585847,0.002508,0.052051
14.279109,0.585423,0.002575,0.052550
14.465237,0.584793,0.002572,0.051172
14.653887,0.583577,0.002581,0.050867
14.845339,0.582770,0.002531,0.050594
15.039001,0.581413,0.002562,0.050968
15.235426,0.579940,0.002576,0.051302
15.434195,0.578953,0.002568,0.051386
15.635649,0.578227,0.002551,0.051862
15.839491,0.577607,0.002558,0.051016
16.046234,0.576923,0.002604,0.051191
16.255429,0.576397,0.002546,0.051068
16.467590,0.574140,0.002498,0.050978
16.682674,0.571467,0.002572,0.050809
16.900382,0.571457,0.002613,0.050635
17.120991,0.570363,0.002587,0.050643
17.344511,0.568483,0.002534,0.050097
17.570732,0.567843,0.002681,0.050957
17.799907,0.566500,0.002678,0.050946
18.032162,0.566380,0.002645,0.051381
18.267438,0.565313,0.002631,0.052001
18.505970,0.563473,0.002654,0.052880
18.747444,0.562473,0.002726,0.053906
18.992034,0.561093,0.002700,0.054762
19.239781,0.560007,0.002655,0.055448
19.490871,0.560297,0.002706,0.054634
19.745189,0.557563,0.002684,0.054402
20.002885,0.556047,0.002726,0.055102
20.264318,0.555487,0.002662,0.054540
20.528628,0.554577,0.002692,0.055449
20.796440,0.554160,0.002701,0.055436
21.067872,0.553260,0.002666,0.056444
21.342775,0.552273,0.002719,0.056079
21.621143,0.551643,0.002759,0.054828
21.903726,0.550373,0.002739,0.054308
22.189347,0.550850,0.002682,0.054731
22.478874,0.550007,0.002661,0.054626
22.772228,0.549523,0.002685,0.055944
23.069320,0.548223,0.002754,0.055314
23.370514,0.545867,0.002647,0.055651
23.675350,0.545090,0.002721,0.055130
23.984424,0.544573,0.002822,0.056137
24.297555,0.542303,0.002742,0.056411
24.614372,0.541797,0.002812,0.055800
24.935859,0.541297,0.002639,0.056098
25.261128,0.539900,0.002744,0.055919
25.590885,0.538957,0.002722,0.055950
25.924776,0.537723,0.002773,0.055701
26.263071,0.536097,0.002771,0.056142
26.606226,0.535833,0.002778,0.057587
26.953168,0.535057,0.002767,0.057280
27.305030,0.535647,0.002784,0.058213
27.661291,0.533420,0.002767,0.058162
28.022398,0.530693,0.002798,0.059400
28.388018,0.529713,0.002905,0.060607
28.758641,0.529243,0.002878,0.061431
29.133717,0.530757,0.002784,0.060350
29.513672,0.530940,0.002807,0.059659
29.899160,0.530950,0.002728,0.059461
30.289335,0.530100,0.002934,0.058887
30.684642,0.529320,0.002877,0.059111
31.084931,0.528800,0.002828,0.059599
31.490988,0.527523,0.002965,0.060479
31.901868,0.526513,0.002866,0.061420
32.318173,0.525103,0.002887,0.061066
32.739900,0.523350,0.002930,0.060990
33.167132,0.523370,0.002838,0.062308
33.600202,0.519417,0.003006,0.060880
34.038632,0.519130,0.002904,0.062624
34.482843,0.517777,0.002865,0.062295
34.932953,0.516430,0.003014,0.063739
35.388770,0.516293,0.002877,0.063345
35.850852,0.514287,0.002931,0.063450
36.318696,0.513500,0.002859,0.064409
36.792607,0.510777,0.002884,0.062652
37.272942,0.510890,0.003006,0.063687
37.759273,0.511077,0.003060,0.064487
38.251940,0.510510,0.003149,0.064509
38.751450,0.508310,0.002939,0.064560
39.256927,0.507860,0.002891,0.064810
39.769545,0.506583,0.002957,0.065731
40.288166,0.506040,0.003086,0.065284
40.814224,0.504493,0.003007,0.066108
41.347073,0.505613,0.003033,0.065793
41.886654,0.505313,0.003086,0.067119
42.433309,0.504143,0.003159,0.067495
42.987130,0.502603,0.003004,0.068094
43.548080,0.503090,0.003088,0.066747
44.116362,0.502800,0.002994,0.066021
44.692315,0.501923,0.003143,0.063447
45.275648,0.500887,0.003137,0.064299
45.866452,0.502633,0.003106,0.064509
46.465155,0.499093,0.003022,0.063270
47.071510,0.498413,0.003077,0.064703
47.685978,0.496430,0.003133,0.066021
48.308348,0.493810,0.003102,0.066919
48.938630,0.494797,0.003135,0.066182
49.577625,0.494140,0.003005,0.064928
50.224459,0.494853,0.003188,0.064626
50.879715,0.493327,0.003100,0.064347
51.544208,0.492277,0.003092,0.063085
52.216958,0.491820,0.003184,0.063917
52.898298,0.489917,0.003106,0.065555
53.588674,0.488163,0.003108,0.066638
54.287943,0.486987,0.003095,0.065870
54.996631,0.486233,0.003078,0.064829
55.714502,0.486653,0.003270,0.065541
56.441428,0.485807,0.003127,0.066041
57.178255,0.485063,0.003127,0.065433
57.924530,0.485687,0.003183,0.063561
58.680713,0.486183,0.003071,0.064317
59.446421,0.484807,0.003272,0.065482
60.222270,0.482490,0.003239,0.065694
61.008603,0.481820,0.003083,0.065131
61.804568,0.482037,0.003244,0.064164
62.611102,0.482573,0.003180,0.064636
63.428327,0.478990,0.003252,0.064448
64.256134,0.479977,0.003236,0.064688
65.094913,0.480963,0.003188,0.064758
65.944527,0.478693,0.003237,0.065364
66.805109,0.479310,0.003226,0.065681
67.676886,0.477377,0.003151,0.066006
68.560629,0.476167,0.003262,0.069307
69.455373,0.475853,0.003382,0.069302
70.361740,0.474393,0.003054,0.068992
71.280457,0.473080,0.003265,0.069612
72.210357,0.474420,0.003231,0.069832
73.152805,0.473933,0.003253,0.071178
74.107413,0.471770,0.003322,0.069765
75.074961,0.470837,0.003308,0.071044
76.054837,0.469853,0.003286,0.069583
77.047678,0.466213,0.003275,0.067597
78.053132,0.466827,0.003328,0.068399
79.071733,0.464070,0.003328,0.068566
80.103894,0.464243,0.003380,0.069021
81.149208,0.465073,0.003280,0.068650
82.208666,0.463530,0.003341,0.067775
83.281661,0.462800,0.003291,0.068317
84.368187,0.465697,0.003335,0.069561
85.469804,0.465153,0.003455,0.067874
86.585211,0.465177,0.003316,0.068056
87.715274,0.464460,0.003350,0.069527
88.860010,0.463663,0.003441,0.072175
90.019868,0.464780,0.003485,0.072483
91.194771,0.463807,0.003397,0.072153
92.385113,0.461503,0.003494,0.072505
93.591007,0.460540,0.003435,0.072129
94.812453,0.460210,0.003415,0.072109
96.049977,0.457227,0.003501,0.070123
97.303820,0.457790,0.003394,0.069523
98.573601,0.456903,0.003483,0.069443
99.860219,0.456500,0.003413,0.072248
101.163632,0.457057,0.003362,0.071504
102.483960,0.457033,0.003353,0.070770
103.821512,0.456983,0.003554,0.071287
105.176522,0.455347,0.003503,0.070981
106.549389,0.455977,0.003365,0.071679
107.940080,0.455400,0.003238,0.072108
109.348730,0.454763,0.003464,0.072038
110.776250,0.454343,0.003484,0.071977
112.222134,0.456047,0.003544,0.072372
113.686545,0.455120,0.003476,0.073220
115.170558,0.454607,0.003515,0.073144
116.673722,0.454497,0.003423,0.072055
118.196833,0.454070,0.003397,0.073192
119.739653,0.453277,0.003516,0.071943
121.302218,0.454503,0.003608,0.071906
122.885518,0.454327,0.003574,0.072356
124.489228,0.453193,0.003489,0.071682
126.114209,0.449613,0.003432,0.070389
127.760610,0.449523,0.003349,0.072699
129.427842,0.448137,0.003362,0.072704
131.117130,0.447410,0.003751,0.072239
132.828672,0.445223,0.003390,0.071621
134.562357,0.446133,0.003622,0.069956
136.318781,0.446190,0.003521,0.071567
138.097989,0.445610,0.003517,0.069969
139.899990,0.446460,0.003567,0.069869
141.726163,0.446413,0.003456,0.071268
143.576075,0.446097,0.003594,0.069215
145.449981,0.445647,0.003495,0.073065
147.348468,0.445023,0.003534,0.071510
149.271619,0.444840,0.003510,0.070025
151.219905,0.443067,0.003656,0.071116
153.193731,0.442927,0.003521,0.071862
155.193499,0.441307,0.003551,0.073667
157.219203,0.440037,0.003700,0.072693
159.271467,0.440017,0.003750,0.076311
161.349872,0.440803,0.003660,0.076682
163.455802,0.441310,0.003728,0.076969
165.589397,0.441563,0.003799,0.077848
167.750714,0.439067,0.003842,0.078266
169.940329,0.438937,0.003679,0.076043
172.158413,0.439777,0.003706,0.077153
174.405458,0.437030,0.004114,0.080317
176.681751,0.436090,0.003647,0.078942
178.988084,0.433440,0.003401,0.078061
181.324235,0.435263,0.003686,0.077977
183.690837,0.436990,0.003713,0.077917
186.088307,0.437410,0.003797,0.076547
188.517333,0.437893,0.003810,0.077428
190.977829,0.435863,0.003615,0.078015
193.470566,0.434230,0.003753,0.079789
195.995910,0.434130,0.003717,0.079131
198.553903,0.433960,0.003859,0.079874
201.145675,0.429653,0.003804,0.078938
203.770978,0.430480,0.003893,0.079005
206.430552,0.429833,0.003781,0.079238
209.125183,0.429973,0.003844,0.079552
211.854674,0.431320,0.003742,0.081500
214.620028,0.427423,0.003860,0.078987
217.421254,0.429440,0.004062,0.082460
220.259025,0.432227,0.003789,0.082553
223.133674,0.431137,0.003879,0.082835
226.046470,0.429650,0.003920,0.081084
228.996681,0.426273,0.003745,0.077908
231.985957,0.426243,0.003923,0.080267
235.013824,0.426127,0.004049,0.079699
238.080906,0.425547,0.003935,0.080421
241.188955,0.424977,0.004106,0.082220
244.336864,0.419620,0.003991,0.081451
247.526098,0.422650,0.004072,0.082553
250.756629,0.422610,0.003785,0.079810
254.029789,0.419770,0.003856,0.078992
257.345504,0.420923,0.004061,0.081791
260.704500,0.420983,0.003922,0.080481
264.107394,0.422067,0.004041,0.080488
267.554274,0.422473,0.004209,0.082669
271.046608,0.420457,0.004402,0.082691
274.584231,0.422983,0.004127,0.084012
278.168486,0.423907,0.004040,0.086078
281.799202,0.423457,0.003782,0.082999
285.477343,0.422007,0.004030,0.084475
289.203633,0.416137,0.004092,0.083930
292.978049,0.413783,0.003967,0.083596
296.802380,0.412690,0.004041,0.085072
300.676340,0.413013,0.004110,0.084670
304.601108,0.413890,0.003997,0.084736
308.576947,0.412130,0.004128,0.082385
312.604683,0.412293,0.004246,0.087340
316.684665,0.410010,0.004008,0.084731
320.818269,0.409570,0.004140,0.085848
325.005488,0.408950,0.003968,0.081644
329.247874,0.407487,0.004279,0.083351
333.545206,0.409153,0.004187,0.083484
337.898847,0.406933,0.004226,0.083208
342.308945,0.410173,0.004071,0.085515
346.777123,0.407580,0.004023,0.083777
351.303519,0.407767,0.004411,0.083606
355.888654,0.407417,0.004223,0.083929
360.533714,0.406080,0.004292,0.086168
365.239924,0.406520,0.004194,0.088480
370.006963,0.407537,0.004172,0.086537
374.836818,0.402170,0.004064,0.082212
379.729252,0.408420,0.004194,0.084856
384.685656,0.407330,0.004260,0.084136
389.706576,0.406940,0.004268,0.082400
394.793448,0.406283,0.004278,0.085850
399.946184,0.404847,0.004123,0.084851
405.166761,0.405417,0.004229,0.085205
410.455194,0.405263,0.004496,0.086499
415.812609,0.407357,0.004384,0.088588
421.239865,0.406470,0.004308,0.087522
426.738151,0.406290,0.004454,0.086439
432.308192,0.403700,0.004229,0.084841
437.951012,0.402223,0.004490,0.085570
443.667115,0.405390,0.004329,0.086572
449.458170,0.402920,0.004162,0.086299
455.324846,0.399630,0.004206,0.084612
461.267914,0.404343,0.004110,0.085759
467.288522,0.401947,0.004231,0.085854
473.387544,0.399853,0.004113,0.079762
479.566768,0.396310,0.004132,0.082740
485.826376,0.399973,0.004295,0.084261
492.167520,0.398297,0.004306,0.084144
498.591263,0.401103,0.003947,0.083482
505.099484,0.400693,0.004352,0.084369
511.692157,0.400023,0.004072,0.084359
518.371216,0.401807,0.004393,0.084061
525.136949,0.398857,0.004536,0.086307
531.991412,0.397283,0.005023,0.084025
538.935353,0.399160,0.004289,0.086221
545.969810,0.395250,0.004797,0.086281
553.096300,0.397820,0.005139,0.089126
560.315487,0.393013,0.004633,0.087771
567.628725,0.393917,0.004405,0.086974
575.038045,0.395733,0.004620,0.089492
582.543576,0.391373,0.004570,0.088121
590.147518,0.387250,0.004985,0.089136
597.850128,0.390050,0.004199,0.089700
605.653451,0.393397,0.004200,0.087795
613.559040,0.390370,0.004765,0.092740
621.567629,0.390690,0.004651,0.090642
629.680920,0.390170,0.004529,0.091912
637.899347,0.390977,0.004509,0.094675
646.225679,0.390347,0.004607,0.092134
654.660490,0.386463,0.004698,0.089280
663.205478,0.388360,0.005712,0.092262
671.861848,0.388440,0.004822,0.091569
680.631596,0.387490,0.005222,0.092470
689.515585,0.393160,0.004873,0.092928
698.515504,0.393607,0.005011,0.093640
707.632902,0.392063,0.004419,0.092371
716.869358,0.394740,0.004706,0.097618
726.226075,0.394643,0.004979,0.095583
735.705079,0.394980,0.004370,0.092525
745.308110,0.394210,0.004761,0.094273
755.036472,0.394770,0.005058,0.098121
764.891463,0.393917,0.004677,0.095589
774.875230,0.395077,0.004474,0.095711
784.989385,0.393650,0.005108,0.095584
795.235380,0.391097,0.004676,0.092213
805.615215,0.391847,0.004613,0.092946
816.130413,0.391680,0.004607,0.090670
826.783306,0.391430,0.005071,0.093886
837.574752,0.392663,0.004491,0.090808
848.506928,0.391927,0.004454,0.093164
859.582390,0.393227,0.004428,0.092195
870.801938,0.391127,0.004735,0.088648
882.168363,0.390433,0.004816,0.091839
893.683299,0.391853,0.004516,0.093334
905.347925,0.391810,0.004611,0.092924
917.165139,0.387517,0.004267,0.090930
929.136478,0.389520,0.004916,0.093218
941.263781,0.387517,0.004730,0.093286
953.549725,0.393867,0.004467,0.094347
965.995744,0.393123,0.004721,0.096462
978.605122,0.394367,0.004814,0.101018
991.378298,0.392643,0.004560,0.097767
1004.318153,0.394417,0.004777,0.099166
1017.427508,0.390097,0.004786,0.098592
1030.707322,0.392890,0.005047,0.094961
1044.160652,0.391297,0.005337,0.096641
1057.789887,0.393440,0.005853,0.099508
1071.596221,0.396783,0.005272,0.098059
1085.583445,0.396320,0.004656,0.094140
1099.753475,0.393643,0.005630,0.095822
1114.107898,0.392170,0.004889,0.094364
1128.650074,0.391833,0.006289,0.096718
1143.381475,0.396243,0.005824,0.098108
1158.305882,0.391210,0.005457,0.096226
1173.424517,0.392860,0.006084,0.094042
1188.741104,0.390747,0.005185,0.096216
1204.257313,0.387057,0.006048,0.094966
1219.975879,0.388113,0.006001,0.094960
1235.899391,0.391897,0.004956,0.094853
1252.030845,0.394107,0.004525,0.095867
1268.373695,0.387853,0.005007,0.096500
1284.928857,0.390823,0.005296,0.094735
1301.700763,0.389423,0.004872,0.097846
1318.691452,0.391250,0.004938,0.093049
1335.903558,0.391583,0.004527,0.087588
1353.340357,0.391103,0.004971,0.092284
1371.005148,0.391467,0.004693,0.091287
1388.900413,0.390897,0.005183,0.091860
1407.029172,0.394467,0.005184,0.093962
1425.394763,0.393747,0.005111,0.093692
1443.999261,0.393753,0.004624,0.095307
1462.847844,0.391600,0.005273,0.094702
1481.941721,0.390223,0.005032,0.094314
1501.284944,0.387633,0.005758,0.096745
1520.880520,0.390723,0.005540,0.098594
1540.732022,0.390180,0.005321,0.095850
1560.842423,0.390163,0.004638,0.095976
1581.215767,0.390260,0.005238,0.093141
1601.854734,0.392340,0.004678,0.091829
1622.762875,0.392090,0.005126,0.093754
1643.944515,0.396050,0.005044,0.097405
1665.402202,0.387767,0.006065,0.098717
1687.140099,0.388920,0.004768,0.094788
1709.161447,0.384170,0.005208,0.098572
1731.471015,0.385490,0.005215,0.101163
1754.070610,0.390737,0.005364,0.102920
1776.966158,0.387747,0.005370,0.103796
1800.160263,0.381683,0.005392,0.102681
1823.657109,0.385230,0.005282,0.101341
1847.460420,0.389347,0.005709,0.099875
1871.574921,0.391217,0.008266,0.097097
1896.003538,0.394393,0.006187,0.099669
1920.750907,0.392353,0.004611,0.095187
1945.822076,0.388410,0.005059,0.096076
1971.220347,0.390483,0.006154,0.097373
1996.949899,0.388467,0.005159,0.098676
2023.015195,0.387203,0.005261,0.099725
2049.420643,0.386857,0.004974,0.099122
2076.171225,0.383863,0.007125,0.101626
2103.270625,0.383533,0.006579,0.103097
2130.724102,0.384703,0.006256,0.104565
2158.535609,0.389213,0.006595,0.104422
2186.655880,0.387153,1.210451,0.100806
2215.252839,0.383110,-nan,0.099823
2244.166923,0.382573,-nan,0.100031
2273.459578,0.385367,-nan,0.102097
2303.134296,0.387933,-nan,0.102283
2333.195868,0.389260,-nan,0.098029
2363.650237,0.388100,-nan,0.099360
2394.501977,0.387510,-nan,0.100107
2425.756578,0.386303,-nan,0.098051
2457.419139,0.389253,-nan,0.103144
2489.495047,0.387963,-nan,0.102934
2521.988934,0.390177,-nan,0.101049
2554.907904,0.387033,-nan,0.097161
2588.255942,0.388733,-nan,0.100517
2622.039610,0.389163,-nan,0.098490
2656.264057,0.391833,-nan,0.097073
2690.935846,0.387487,-nan,0.098410
2726.059294,0.390257,-nan,0.099010
2761.641182,0.391623,-nan,0.101571
2797.688076,0.387473,-nan,0.099789
2834.205394,0.384770,-nan,0.100757
2871.199154,0.387400,-nan,0.099262
2908.675960,0.385337,-nan,0.102525
2946.641943,0.382927,-nan,0.100762
2985.103384,0.385597,-nan,0.101231
3024.066853,0.382887,-nan,0.097840
3063.539010,0.380000,-nan,0.094920
3103.525951,0.383063,-nan,0.093167
3144.035134,0.390937,-nan,0.098284
3185.072728,0.388643,-nan,0.097090
3226.646727,0.386213,-nan,0.095959
3268.763236,0.384343,-nan,0.098101
3311.428973,0.389253,-nan,0.095029
3354.651575,0.384110,-nan,0.096468
3398.438565,0.388683,-nan,0.103598
3442.797890,0.386087,-nan,0.099741
3487.735030,0.383600,-nan,0.098857
3533.259192,0.388407,-nan,0.099900
3579.377675,0.388113,-nan,0.097959
3626.097728,0.387843,-nan,0.099464
3673.427897,0.387243,-nan,0.094741
3721.375773,0.387633,-nan,0.094957
-nan,0.389823,-nan,0.096681
3819.157316,0.385493,-nan,0.096425
3869.007524,0.385320,-nan,0.096924
3919.508370,0.387830,-nan,0.094404
3970.668366,0.390550,-nan,0.097814
-nan,0.391170,-nan,0.097787
4075.000192,0.390083,-nan,0.097835
4128.189800,0.383160,-nan,0.100290
4182.073803,0.381447,-nan,0.097990
4236.660644,0.384087,-nan,0.095858
4291.929041,0.385117,-nan,0.093243
4347.981875,0.386900,-nan,0.097096
4404.734262,0.387017,-nan,0.094893
4462.227701,0.387463,-nan,0.097639
4520.471654,0.384417,-nan,0.101134
4579.475847,0.383383,-nan,0.104891
4639.250130,0.388270,-nan,0.101388
4699.804450,0.386743,-nan,0.095600
4761.149209,0.381357,-nan,0.099298
4823.294972,0.384623,-nan,0.102338
4886.251665,0.382223,-nan,0.100041
4950.008613,0.384610,-nan,0.107220
5014.641257,0.384647,-nan,0.106369
5080.095657,0.384143,-nan,0.104555
5146.404268,0.388417,-nan,0.103084
5213.578541,0.387600,-nan,0.099460
5281.629590,0.392000,-nan,0.104861
5350.568639,0.385900,-nan,0.102091
5420.407599,0.386567,-nan,0.098530
5491.158241,0.385800,-nan,0.103794
5562.832746,0.384433,-nan,0.100769
5635.442142,0.387463,-nan,0.098270
5708.999661,0.383223,-nan,0.098473
5783.517078,0.389040,-nan,0.101394
5859.007526,0.385707,-nan,0.098894
5935.482776,0.386137,-nan,0.100210
6012.956606,0.386350,-nan,0.100742
6091.441913,0.385373,-nan,0.095665
6170.951101,0.387013,-nan,0.096340
6251.498544,0.387950,-nan,0.096175
6333.097378,0.389750,-nan,0.106892
6415.729503,0.388057,-nan,0.103482
6499.503411,0.386510,-nan,0.104275
6584.339352,0.391160,-nan,0.101623
6670.282641,0.386083,-nan,0.100914
6757.347383,0.388110,-nan,0.104835
6845.548679,0.388553,-nan,0.105975
6934.901142,0.385837,-nan,0.105550
7025.420213,0.387923,-nan,0.102753
7117.120201,0.396973,-nan,0.097823
7210.017421,0.395193,-nan,0.096091
7304.127321,0.391657,-nan,0.095756
7399.465460,0.392610,-nan,0.095077
7496.048428,0.394380,-nan,0.100525
7593.891257,0.390210,-nan,0.096525
7693.012573,0.387243,-nan,0.102372
7793.426547,0.389900,-nan,0.105880
7895.151186,0.385163,-nan,0.104849
7998.203677,0.394973,-nan,0.103369
8102.601303,0.389393,-nan,0.097611
8208.361980,0.385687,-nan,0.093544
8315.502887,0.388790,-nan,0.100264
8424.042695,0.386963,-nan,0.099907
8533.998590,0.386167,-nan,0.098747
8645.389717,0.382653,-nan,0.098895
8758.234979,0.388960,-nan,0.098143
8872.553282,0.382570,-nan,0.101130
8988.363487,0.385023,-nan,0.101508
9105.685939,0.384373,-nan,0.101531
9224.475008,0.388867,-nan,0.099997
9344.943446,0.396997,-nan,0.102990
9466.919748,0.394990,-nan,0.102011
9590.488524,0.393803,-nan,0.100816
9715.670026,0.391493,-nan,0.099168
9842.484874,0.389880,-nan,0.098387
9970.955603,0.393453,-nan,0.096512
10101.102908,0.390110,-nan,0.101804
10232.949372,0.384407,-nan,0.101461
10366.506741,0.378250,-nan,0.097999
10501.827486,0.384323,-nan,0.106368
10638.903913,0.389217,-nan,0.106436
10777.769990,0.383827,-nan,0.099229
10918.203782,0.385950,-nan,0.103232
11060.962844,0.386553,-nan,0.105816
11205.338225,0.384920,-nan,0.102303
11351.506723,0.389153,-nan,0.104654
11499.765816,0.390460,-nan,0.105987
11649.868521,0.386837,-nan,0.108042
11801.930287,0.382270,-nan,0.107078
11955.976642,0.387227,-nan,0.107012
12112.034421,0.373913,-nan,0.103849
12270.128262,0.378143,-nan,0.106653
12430.285820,0.383580,-nan,0.106133
12592.534407,0.386197,-nan,0.110571
12756.900250,0.385497,-nan,0.104535
12923.411433,0.387303,-nan,0.106052
13092.096433,0.385610,-nan,0.107069
13262.983562,0.379493,-nan,0.103853
13436.100465,0.379470,-nan,0.110176
13611.477411,0.377707,-nan,0.109725
13789.143203,0.388453,-nan,0.108339
13969.083763,0.387503,-nan,0.109301
14151.462244,0.378947,-nan,0.102047
14336.176311,0.386670,-nan,0.106876
14523.301881,0.386440,-nan,0.111953
14712.869935,0.383387,-nan,0.110588
14904.911612,0.382000,-nan,0.109138
15099.461702,0.374787,-nan,0.104275
15296.548677,0.379517,-nan,0.108297
15496.209297,0.376317,-nan,0.106770
15698.369065,0.376257,-nan,0.106950
15903.382615,0.386067,-nan,0.107033
16110.963716,0.386617,-nan,0.106795
16321.254777,0.381247,-nan,0.106416
16534.290737,0.384360,-nan,0.109575
16750.107446,0.384213,-nan,0.105380
16968.740530,0.383003,-nan,0.103914
17190.034005,0.384370,-nan,0.103103
17414.605918,0.382803,-nan,0.105175
17641.913195,0.379420,-nan,0.105816
17872.186589,0.389720,-nan,0.106379
18105.466293,0.393067,-nan,0.111225
18341.790898,0.382750,-nan,0.106134
18581.200356,0.377167,-nan,0.104407
18823.734027,0.385103,-nan,0.109699
19069.148322,0.381010,-nan,0.111492
19318.011280,0.387320,-nan,0.114037
19570.496661,0.385287,-nan,0.112446
19825.943637,0.383707,-nan,0.111594
20084.682623,0.381847,-nan,0.110588
20346.883809,0.390380,-nan,0.106363
20612.143329,0.376953,-nan,0.112316
20881.512218,0.380653,-nan,0.112106
21154.060842,0.377497,-nan,0.107021
21430.039484,0.383093,-nan,0.111758
21709.622793,0.385627,-nan,0.114546
21993.281362,0.379400,-nan,0.108320
22280.352523,0.387157,-nan,0.117084
22570.510609,0.385700,-nan,0.111105
22865.783925,0.380683,-nan,0.117118
23164.243711,0.374010,-nan,0.115928
23466.598571,0.376607,-nan,0.118106
23772.900463,0.374273,-nan,0.119906
24083.199824,0.376990,-nan,0.118363
24397.549675,0.376633,-nan,0.112987
24716.002476,0.381933,-nan,0.115152
25038.579579,0.381280,-nan,0.117005
25365.317888,0.371083,-nan,0.120125
25696.379639,0.380467,-nan,0.119686
26031.112433,0.380390,-nan,0.120348
26371.712801,0.376890,-nan,0.121807
26715.933839,0.375090,-nan,0.120242
27064.647970,0.366663,-nan,0.120017
27417.535439,0.376777,-nan,0.121234
27775.790421,0.370187,-nan,0.124246
28138.338014,0.376827,-nan,0.129110
28505.130988,0.368683,-nan,0.128417
28877.692445,0.368530,-nan,0.126437
29254.623520,0.372373,-nan,0.123794
29636.318385,0.382120,-nan,0.125144
30023.308925,0.371207,-nan,0.122955
30415.014488,0.379867,-nan,0.125620
30812.191830,0.380077,-nan,0.120409
31214.372979,0.375547,-nan,0.124238
31621.803853,0.380313,-nan,0.120830
32034.552598,0.377877,-nan,0.123573
32452.684579,0.375837,-nan,0.124571
32876.282966,0.370847,-nan,0.122445
33304.589089,0.364957,-nan,0.125772
33740.130392,0.361740,-nan,0.128227
34180.528719,0.368763,-nan,0.124485
34626.455001,0.359570,-nan,0.129455
35078.646213,0.366380,-nan,0.130123
35536.515962,0.361853,-nan,0.126802
36000.362343,0.365577,-nan,0.127342
36470.097679,0.369713,-nan,0.129293
36946.296625,0.364373,-nan,0.128563
37427.965938,0.367613,-nan,0.126153
37917.085923,0.370493,-nan,0.127264
38412.005312,0.370950,-nan,0.128488
38912.404739,0.366113,-nan,0.129278
39421.307461,0.364110,-nan,0.132978
39934.854538,0.362933,-nan,0.135508
40457.129744,0.364160,-nan,0.136481
40984.165889,0.362663,-nan,0.133757
41517.901138,0.360277,-nan,0.135226
42062.117044,0.359863,-nan,0.134567
42611.140260,0.361470,-nan,0.139155
43167.329047,0.355850,-nan,0.137950
43730.554196,0.358617,-nan,0.140341
44301.580504,0.360470,-nan,0.139896
44879.833775,0.355647,-nan,0.138438
45465.291743,0.357893,-nan,0.140463
46059.082935,0.355227,-nan,0.140571
46660.276657,0.360297,-nan,0.139515
47269.317769,0.355057,-nan,0.138967
47886.052307,0.361223,-nan,0.143655
48510.873151,0.352987,-nan,0.141775
49144.554244,0.357223,-nan,0.139720
49786.021453,0.359767,-nan,0.136523
50435.617817,0.359833,-nan,0.141462
51094.068538,0.352073,-nan,0.138244
51760.657721,0.359163,-nan,0.139640
52434.244606,0.355033,-nan,0.143722
53121.158297,0.355630,-nan,0.140497
53814.530548,0.355427,-nan,0.143495
54515.540552,0.356507,-nan,0.146296
55228.545344,0.357150,-nan,0.145527
55949.424658,0.357547,-nan,0.145461
56679.396590,0.360880,-nan,0.149422
57419.200281,0.354683,-nan,0.142022
58169.012472,0.352430,-nan,0.142497
58928.273097,0.350510,-nan,0.141088
59697.444019,0.355290,-nan,0.144297
60476.435532,0.354863,-nan,0.146297
61265.881863,0.352500,-nan,0.147761
62064.155482,0.350757,-nan,0.151495
62875.844682,0.346990,-nan,0.146113
63696.541129,0.348803,-nan,0.148007
64526.840648,0.346647,-nan,0.145427
65369.003391,0.341837,-nan,0.146239
66220.084881,0.349797,-nan,0.148277
67087.860269,0.349463,-nan,0.149764
67963.535278,0.351297,-nan,0.152964
68850.640874,0.346060,-nan,0.150729
69748.922615,0.346707,-nan,0.148326
70658.702120,0.347127,-nan,0.150535
71582.036712,0.346173,-nan,0.147832
72516.373204,0.344857,-nan,0.147111
73460.598798,0.348040,-nan,0.154135
74421.791398,0.347003,-nan,0.153639
75392.617884,0.348047,-nan,0.153496
76377.275875,0.347990,-nan,0.152408
77374.202902,0.351550,-nan,0.153572
78384.057760,0.342137,-nan,0.149859
79407.264238,0.350033,-nan,0.151057
80443.082804,0.345807,-nan,0.154175
81493.745281,0.350673,-nan,0.153265
82556.506436,0.347163,-nan,0.153057
83635.050567,0.343450,-nan,0.150383
84726.711122,0.342693,-nan,0.151192
85829.773746,0.343567,-nan,0.155948
86952.964773,0.341157,-nan,0.153152
88087.932314,0.345080,-nan,0.155925
89237.714303,0.343737,-nan,0.155364
90400.668893,0.343107,-nan,0.154620
91582.497832,0.344703,-nan,0.155855
92776.972372,0.338460,-nan,0.152968
93988.892583,0.343793,-nan,0.160724
95215.447530,0.350700,-nan,0.157145
96457.338375,0.339350,-nan,0.158182
97717.556687,0.334433,-nan,0.156783
98988.806369,0.335787,-nan,0.160286
100285.154475,0.330173,-nan,0.155231
101592.961247,0.339500,-nan,0.161551
102915.286531,0.338087,-nan,0.163204
104260.450195,0.335423,-nan,0.164029
105620.286838,0.332947,-nan,0.163373
107001.529545,0.325150,-nan,0.163549
108398.802175,0.329800,-nan,0.164434
109814.782545,0.324180,-nan,0.162830
111248.157574,0.336670,-nan,0.165933
112699.210716,0.326787,-nan,0.162966
114168.974411,0.325387,-nan,0.167977
115659.575690,0.325993,-nan,0.167986
117167.832667,0.326627,-nan,0.166712
118700.058197,0.326130,-nan,0.169299
120249.564182,0.328763,-nan,0.168838
121817.978239,0.324457,-nan,0.170506
123409.111936,0.328670,-nan,0.171404
125020.443318,0.323333,-nan,0.170594
126646.974716,0.323277,-nan,0.172324
128297.142500,0.311880,-nan,0.169497
129978.395752,0.317813,-nan,0.174067
131676.758184,0.320607,-nan,0.177227
133395.490449,0.326123,-nan,0.176217
135135.051948,0.311800,-nan,0.173855
136899.380794,0.321643,-nan,0.175095
138676.232591,0.311363,-nan,0.173708
140495.010929,0.318130,-nan,0.174562
142325.260384,0.321850,-nan,0.179693
144186.360826,0.315260,-nan,0.181098
146060.453961,0.306740,-nan,0.178259
147973.728627,0.304880,-nan,0.176616
149909.167425,0.306007,-nan,0.180157
151863.730346,0.306400,-nan,0.179397
153848.548102,0.304427,-nan,0.184791
155851.818461,0.299543,-nan,0.178833
157885.455547,0.302687,-nan,0.180285
159948.051281,0.305200,-nan,0.184841
162027.581251,0.301140,-nan,0.185712
164153.190433,0.301007,-nan,0.185400
166293.442109,0.297817,-nan,0.183135
168457.700874,0.293240,-nan,0.185295
170664.912462,0.294210,-nan,0.186939
172888.760359,0.296137,-nan,0.187989
175149.422833,0.290177,-nan,0.188359
177430.856004,0.289020,-nan,0.184637
179750.172981,0.290447,-nan,0.187648
182092.073303,0.290567,-nan,0.189544
184476.785456,0.286850,-nan,0.189124
186880.196369,0.285120,-nan,0.189075
189316.736228,0.281923,-nan,0.188446
191782.572384,0.287700,-nan,0.193084
194297.892693,0.280720,-nan,0.192774
196829.865914,0.280573,-nan,0.195350
199402.390092,0.281710,-nan,0.194430
202005.077598,0.289727,-nan,0.199734
204640.525150,0.276247,-nan,0.193460
207312.222528,0.279013,-nan,0.193597
210015.458914,0.272650,-nan,0.192849
212759.173908,0.277620,-nan,0.198067
215532.402984,0.275633,-nan,0.194759
218350.500899,0.276430,-nan,0.196997
221194.767147,0.274717,-nan,0.200694
224079.725027,0.268193,-nan,0.196225
227012.879695,0.271037,-nan,0.198160
229969.775135,0.269713,-nan,0.197514
232977.726991,0.265450,-nan,0.195790
236019.892794,0.271610,-nan,0.197956
239101.436700,0.264740,-nan,0.199372
242199.007559,0.264470,-nan,0.200768
245383.635042,0.265613,-nan,0.199709
248566.098835,0.261423,-nan,0.199468
251826.992989,0.260623,-nan,0.199883
255092.687536,0.254250,-nan,0.200020
258428.743445,0.253747,-nan,0.204755
261814.055646,0.252773,-nan,0.201292
265239.457438,0.250307,-nan,0.203649
268680.090378,0.253180,-nan,0.204703
272197.169843,0.249210,-nan,0.205121
275753.455698,0.246697,-nan,0.204968
279359.035549,0.241090,-nan,0.201877
283006.390339,0.243153,-nan,0.203647
286677.914962,0.241297,-nan,0.203840
290419.860541,0.236473,-nan,0.206325
294235.046715,0.235777,-nan,0.203594
298066.314689,0.234410,-nan,0.203605
301942.781855,0.230017,-nan,0.204547
305903.941504,0.229947,-nan,0.205453
309865.188222,0.226963,-nan,0.206652
313938.995771,0.221577,-nan,0.203973
318033.368800,0.220437,-nan,0.203035
322182.732597,0.219813,-nan,0.204361
326385.579605,0.216930,-nan,0.205437
330630.757330,0.218137,-nan,0.205372
334976.841217,0.217123,-nan,0.204522
339332.544249,0.221463,-nan,0.210190
343763.460608,0.209010,-nan,0.202866
348247.693161,0.218910,-nan,0.210014
352811.616178,0.212843,-nan,0.205137
357386.964506,0.204880,-nan,0.202327
362040.688611,0.210110,-nan,0.207547
366801.568604,0.209213,-nan,0.209935
371573.707938,0.206227,-nan,0.208601
376430.400080,0.201743,-nan,0.206446
381336.605232,0.199837,-nan,0.205894
386310.474617,0.195100,-nan,0.202720
391379.603514,0.195730,-nan,0.204900
396476.378061,0.195533,-nan,0.204877
401651.259363,0.194617,-nan,0.204544
406902.442588,0.191473,-nan,0.201643
412133.554548,0.195327,-nan,0.210645
417594.343956,0.190700,-nan,0.205791
