0.000000,0.995000,0.000000,0.000000
1.002996,0.851892,0.001714,0.028140
1.015310,0.850817,0.001678,0.028308
1.027665,0.849883,0.001675,0.028153
1.040377,0.848629,0.001745,0.027832
1.053274,0.847492,0.001777,0.027732
1.066385,0.846283,0.001685,0.027413
1.079371,0.844796,0.001685,0.027490
1.092670,0.843529,0.001700,0.027483
1.106172,0.842300,0.001725,0.027350
1.119759,0.841017,0.001735,0.027496
1.133521,0.839796,0.001710,0.027602
1.147631,0.838550,0.001732,0.027549
1.161629,0.837746,0.001720,0.027368
1.176003,0.836192,0.001791,0.027446
1.190375,0.835025,0.001687,0.027570
1.205115,0.833542,0.001772,0.027334
1.220097,0.832267,0.001697,0.027746
1.234990,0.830763,0.001822,0.027664
1.250464,0.829508,0.001650,0.028031
1.265567,0.828321,0.001839,0.027910
1.281395,0.827413,0.001700,0.027498
1.297038,0.826263,0.001850,0.027281
1.313002,0.825021,0.001664,0.027215
1.329364,0.823383,0.001785,0.027512
1.345598,0.822208,0.001818,0.027840
1.362159,0.820888,0.001702,0.027833
1.379091,0.819688,0.001739,0.027711
1.395977,0.818313,0.001783,0.028118
1.413222,0.816704,0.001799,0.028429
1.430541,0.815650,0.001764,0.028741
1.448296,0.814333,0.001761,0.028817
1.466239,0.813279,0.001794,0.029056
1.484247,0.812246,0.001838,0.028838
1.502414,0.810808,0.001837,0.029083
1.521004,0.809458,0.001780,0.029324
1.539686,0.808104,0.001739,0.029479
1.558634,0.806767,0.001727,0.029549
1.578018,0.804975,0.001758,0.029088
1.597367,0.804092,0.001765,0.028831
1.617141,0.802733,0.001767,0.029099
1.636948,0.801117,0.001840,0.029260
1.657390,0.799442,0.001842,0.029172
1.677712,0.797921,0.001793,0.029544
1.698310,0.796600,0.001830,0.029718
1.719362,0.795233,0.001851,0.030074
1.740437,0.793958,0.001800,0.030127
1.762002,0.792567,0.001874,0.030390
1.783651,0.791458,0.001818,0.030473
1.805724,0.790325,0.001874,0.030289
1.827994,0.789117,0.001791,0.030110
1.850561,0.787833,0.001862,0.030249
1.873212,0.787146,0.001847,0.030661
1.896467,0.785654,0.001835,0.030229
1.919877,0.784192,0.001794,0.030606
1.943600,0.782692,0.001907,0.030619
1.967418,0.781250,0.001903,0.030827
1.991690,0.780000,0.001854,0.031281
2.016314,0.779179,0.001858,0.030743
2.041101,0.777712,0.001888,0.031430
2.066229,0.776883,0.001882,0.031503
2.091716,0.775529,0.001901,0.031477
2.117656,0.774058,0.001907,0.030917
2.143756,0.772887,0.001891,0.030959
2.170226,0.771621,0.001871,0.030891
2.197093,0.770433,0.001802,0.030970
2.224078,0.769025,0.001851,0.031140
2.251542,0.767262,0.001913,0.031386
2.279384,0.765783,0.001916,0.031460
2.307445,0.763900,0.001856,0.031799
2.335917,0.763037,0.001914,0.031853
2.364760,0.761729,0.001815,0.031963
2.393937,0.760200,0.001875,0.032072
2.423450,0.759200,0.001868,0.032434
2.453417,0.758362,0.001887,0.033198
2.483532,0.756804,0.001929,0.033349
2.514126,0.755258,0.001945,0.033814
2.545282,0.754129,0.001937,0.034403
2.576585,0.752875,0.001888,0.034819
2.608575,0.751737,0.001948,0.034805
2.640715,0.750717,0.002033,0.034248
2.673102,0.748833,0.002017,0.034218
2.706171,0.747117,0.001889,0.034328
2.739543,0.746029,0.001907,0.033853
2.773378,0.744692,0.001905,0.034240
2.807546,0.744079,0.001941,0.034434
2.842185,0.743004,0.001939,0.034952
2.877129,0.741421,0.002009,0.034865
2.912648,0.740921,0.001947,0.035653
2.948672,0.739167,0.001978,0.035709
2.985098,0.737667,0.001930,0.035906
3.021989,0.736025,0.002024,0.035998
3.059111,0.734938,0.001960,0.035812
3.096925,0.733375,0.001915,0.035744
3.134972,0.732054,0.001967,0.036398
3.173633,0.730992,0.002036,0.035920
3.212918,0.729750,0.001960,0.035702
3.252538,0.728479,0.002065,0.035365
3.292867,0.727517,0.002038,0.035049
3.333350,0.726254,0.001980,0.034792
3.374331,0.725321,0.001980,0.034955
3.416179,0.724475,0.001963,0.034777
3.458355,0.722788,0.001919,0.034743
3.500957,0.720963,0.001989,0.035037
3.544174,0.719592,0.001943,0.035452
3.587768,0.718663,0.002007,0.035543
3.632323,0.717517,0.002108,0.035600
3.677174,0.716600,0.001983,0.035349
3.722341,0.715388,0.002064,0.035930
3.768280,0.713463,0.002067,0.036979
3.814940,0.711808,0.002091,0.037323
3.861921,0.710625,0.001987,0.037900
3.909483,0.709908,0.002080,0.038324
3.957795,0.707721,0.002041,0.038463
4.006645,0.706879,0.002074,0.039227
4.056066,0.705463,0.002012,0.039069
4.106211,0.704338,0.002068,0.038721
4.156967,0.703525,0.002106,0.039022
4.208190,0.702254,0.002014,0.039038
4.260247,0.700742,0.002076,0.039024
4.312549,0.699612,0.002077,0.039157
4.365938,0.697971,0.002064,0.038788
4.419981,0.697271,0.002060,0.038453
4.474313,0.695950,0.002079,0.038240
4.529754,0.694458,0.002112,0.037849
4.585517,0.692650,0.002125,0.038101
4.641938,0.691408,0.002123,0.038047
4.699483,0.689658,0.002139,0.038593
4.757389,0.688321,0.002086,0.038593
4.815956,0.687642,0.002045,0.039358
4.875640,0.686154,0.002114,0.040266
4.935614,0.685225,0.002082,0.041403
4.996649,0.683671,0.002136,0.041893
5.058388,0.682775,0.002109,0.040906
5.120710,0.682483,0.002124,0.041300
5.184109,0.681904,0.002136,0.041082
5.247971,0.680100,0.002134,0.040294
5.312792,0.678942,0.002092,0.040744
5.378138,0.678746,0.002135,0.039963
5.444553,0.677483,0.002035,0.040059
5.511789,0.676475,0.002124,0.040279
5.579987,0.674946,0.002129,0.040907
5.648818,0.673329,0.002200,0.041660
5.718503,0.671967,0.002127,0.042201
5.789103,0.670504,0.002077,0.042893
5.860674,0.668429,0.002241,0.042528
5.933013,0.667396,0.002250,0.042444
6.006362,0.666667,0.002141,0.042646
6.080087,0.665625,0.002161,0.042927
6.155251,0.664075,0.002101,0.043545
6.231322,0.662771,0.002249,0.042973
6.308352,0.661429,0.002197,0.043065
6.386192,0.660337,0.002205,0.042378
6.464823,0.658708,0.002152,0.042364
6.544979,0.656708,0.002218,0.042435
6.625622,0.655225,0.002254,0.041764
6.707449,0.654704,0.002250,0.042672
6.790130,0.653858,0.002231,0.042940
6.873943,0.652996,0.002283,0.042336
6.958917,0.652033,0.002256,0.043133
7.044745,0.651079,0.002293,0.043119
7.131680,0.649646,0.002237,0.044160
7.219753,0.648308,0.002267,0.044009
7.308674,0.648008,0.002257,0.044329
7.399144,0.646329,0.002264,0.042710
7.490514,0.644587,0.002340,0.042717
7.583033,0.643742,0.002189,0.043458
7.676375,0.642821,0.002230,0.043090
7.771215,0.642004,0.002320,0.042946
7.867075,0.641021,0.002260,0.042708
7.964481,0.639096,0.002236,0.043036
8.062676,0.638283,0.002274,0.042972
8.161977,0.635967,0.002243,0.042802
8.263081,0.634987,0.002351,0.041989
8.365060,0.633642,0.002265,0.041288
8.468229,0.632837,0.002288,0.042001
8.572892,0.631442,0.002262,0.042042
8.678676,0.630429,0.002234,0.042156
8.785756,0.629483,0.002324,0.041537
8.894301,0.628033,0.002374,0.041722
9.004332,0.627262,0.002281,0.042243
9.115144,0.626283,0.002307,0.042717
9.227756,0.625775,0.002301,0.041778
9.341727,0.624975,0.002298,0.041605
9.457091,0.624154,0.002314,0.041788
9.573878,0.623033,0.002379,0.042816
9.692214,0.622246,0.002327,0.042866
9.811864,0.622029,0.002433,0.043707
9.933126,0.620554,0.002410,0.044076
10.055487,0.619867,0.002308,0.044627
10.179590,0.619488,0.002347,0.043945
10.305182,0.619046,0.002355,0.045551
10.432423,0.617558,0.002364,0.046258
10.561370,0.617054,0.002353,0.046000
10.691656,0.617112,0.002393,0.045827
10.823744,0.616354,0.002442,0.046753
10.957514,0.615304,0.002411,0.046575
11.092524,0.614350,0.002237,0.047263
11.229713,0.614325,0.002397,0.046027
11.368189,0.612375,0.002369,0.047448
11.508434,0.611317,0.002404,0.046654
11.650744,0.610321,0.002398,0.046954
11.794610,0.609250,0.002425,0.047417
11.940364,0.608883,0.002356,0.047461
12.087646,0.607629,0.002417,0.046951
12.237004,0.607067,0.002493,0.045615
12.387931,0.606904,0.002407,0.045927
12.540561,0.606008,0.002362,0.046655
12.695814,0.604750,0.002382,0.047289
12.852411,0.603204,0.002395,0.046495
13.011113,0.603079,0.002519,0.047108
13.171919,0.601817,0.002475,0.049024
13.334490,0.601571,0.002390,0.049206
13.499117,0.600525,0.002369,0.049192
13.665915,0.600367,0.002514,0.050354
13.834584,0.598975,0.002439,0.050654
14.005393,0.598100,0.002532,0.050461
14.178204,0.597479,0.002403,0.049627
14.353372,0.597054,0.002502,0.050653
14.530431,0.598071,0.002502,0.050538
14.710085,0.595879,0.002371,0.050724
14.891500,0.593121,0.002510,0.051570
15.075366,0.590888,0.002521,0.051413
15.261988,0.589588,0.002505,0.050553
15.450027,0.589538,0.002377,0.050951
15.640831,0.588938,0.002485,0.050750
15.833983,0.588204,0.002420,0.050589
16.029611,0.587179,0.002503,0.052065
16.227491,0.586433,0.002517,0.051680
16.427847,0.585758,0.002494,0.052083
16.630629,0.583921,0.002626,0.052832
16.835925,0.582458,0.002421,0.052239
17.043792,0.582108,0.002505,0.051907
17.254361,0.580821,0.002575,0.050451
17.467436,0.579496,0.002557,0.050231
17.683329,0.579325,0.002634,0.049902
17.901366,0.578688,0.002595,0.050453
18.122637,0.577867,0.002498,0.049377
18.346503,0.576467,0.002469,0.050081
18.573119,0.575658,0.002580,0.051238
18.802304,0.575029,0.002614,0.053617
19.034478,0.575442,0.002636,0.053419
19.269380,0.573738,0.002645,0.052217
19.507226,0.573592,0.002667,0.051057
19.748117,0.574050,0.002536,0.052227
19.992172,0.573871,0.002557,0.052165
20.238885,0.571413,0.002598,0.052563
20.488667,0.570267,0.002622,0.052094
20.741606,0.570029,0.002562,0.053603
20.998020,0.568338,0.002564,0.053291
21.257423,0.569521,0.002616,0.052321
21.519788,0.567550,0.002537,0.052277
21.785385,0.566512,0.002582,0.052624
22.054524,0.567308,0.002571,0.053348
22.326888,0.567004,0.002624,0.052284
22.602573,0.566050,0.002720,0.052270
22.881742,0.563800,0.002612,0.053353
23.164077,0.563596,0.002648,0.053456
23.450282,0.562629,0.002644,0.053459
23.739673,0.559779,0.002618,0.056123
24.032995,0.559937,0.002708,0.057833
24.329660,0.559183,0.002567,0.056350
24.630455,0.557592,0.002625,0.057928
24.934532,0.557779,0.002659,0.057148
25.242411,0.557042,0.002559,0.056250
25.553936,0.554517,0.002690,0.055262
25.869550,0.553058,0.002754,0.055492
26.189021,0.552446,0.002613,0.056137
26.512404,0.551129,0.002799,0.056015
26.839918,0.549929,0.002719,0.055236
27.171323,0.549521,0.002871,0.055509
27.506817,0.549946,0.002709,0.054404
27.846449,0.548446,0.002745,0.053508
28.190349,0.548000,0.002754,0.053474
28.538592,0.546287,0.002747,0.053717
28.890851,0.544971,0.002677,0.055462
29.247754,0.543987,0.002747,0.055802
29.608969,0.543654,0.002737,0.055874
29.974366,0.541417,0.002615,0.056164
30.344713,0.541167,0.002890,0.055773
30.719275,0.538229,0.002797,0.057544
31.098744,0.537050,0.002633,0.056290
31.482786,0.534925,0.002740,0.055998
31.871478,0.534437,0.002828,0.056346
32.265432,0.533142,0.002885,0.055443
32.663694,0.533000,0.002785,0.056446
33.067199,0.529929,0.002821,0.056461
33.475513,0.529083,0.002748,0.055320
33.888864,0.530321,0.002815,0.056038
34.307230,0.528175,0.002707,0.056374
34.731212,0.527313,0.002820,0.056995
35.159746,0.526671,0.002727,0.055932
35.594001,0.527125,0.002856,0.057296
36.033574,0.528192,0.002887,0.056657
36.478566,0.529212,0.002772,0.054648
36.929458,0.529163,0.002826,0.054794
37.385113,0.527954,0.002871,0.056795
37.846856,0.527796,0.002882,0.054944
38.314291,0.526038,0.002865,0.055540
38.787282,0.525200,0.002865,0.056242
39.266157,0.524696,0.002903,0.057121
39.751144,0.522817,0.002923,0.056432
40.242181,0.521454,0.002957,0.056151
40.739015,0.518800,0.002831,0.057549
41.242057,0.519408,0.002866,0.059708
41.751718,0.517133,0.003019,0.060464
42.267287,0.516542,0.002840,0.061187
42.789285,0.517612,0.002908,0.062582
43.317741,0.516317,0.003065,0.063046
43.852549,0.515192,0.003007,0.063186
44.394359,0.513712,0.003006,0.064534
44.942419,0.514325,0.002962,0.064064
45.497278,0.511900,0.003018,0.061964
46.059329,0.512258,0.003051,0.063492
46.627986,0.510629,0.002875,0.063219
47.203713,0.510121,0.002883,0.065463
47.786862,0.510104,0.003012,0.065138
48.377126,0.506642,0.003003,0.065056
48.974508,0.505654,0.002997,0.065075
49.579160,0.505454,0.003125,0.064269
50.191871,0.503933,0.002906,0.065975
50.811232,0.502567,0.003021,0.066515
51.439023,0.503158,0.003059,0.067133
52.074167,0.502404,0.003022,0.067358
52.717125,0.501971,0.002867,0.068381
53.368305,0.502538,0.002956,0.068786
54.027272,0.500767,0.003012,0.067263
54.694664,0.499587,0.002977,0.067201
55.370205,0.499633,0.003149,0.068023
56.053605,0.498421,0.003097,0.070279
56.746124,0.497104,0.003133,0.067253
57.446876,0.498167,0.003103,0.069490
58.156446,0.498192,0.003052,0.069374
58.874531,0.496654,0.003030,0.069141
59.601386,0.496546,0.003167,0.067983
60.337888,0.495267,0.003115,0.068033
61.082711,0.496167,0.002998,0.068100
61.837251,0.495192,0.003197,0.069403
62.600921,0.492579,0.003141,0.069940
63.373774,0.493729,0.003011,0.072085
64.156488,0.496042,0.003145,0.070744
64.949105,0.493425,0.003274,0.070350
65.751266,0.493138,0.003044,0.067809
66.563059,0.491108,0.003114,0.070611
67.385376,0.490387,0.003318,0.071837
68.217521,0.490800,0.003087,0.070931
69.059903,0.489771,0.003324,0.069722
69.912753,0.489979,0.003092,0.069337
70.775960,0.491300,0.003069,0.070262
71.650203,0.489621,0.003206,0.071266
72.535163,0.492350,0.003155,0.069880
73.430858,0.494358,0.003182,0.070189
74.337742,0.493963,0.003073,0.070509
75.255977,0.491629,0.003181,0.069811
76.185219,0.491000,0.003170,0.070169
77.125704,0.490483,0.003161,0.071983
78.078448,0.489692,0.003146,0.070681
79.043085,0.490512,0.003257,0.073032
80.019073,0.489775,0.003176,0.073310
81.007269,0.489850,0.003431,0.072191
82.007596,0.489117,0.003128,0.068421
83.020522,0.487017,0.003084,0.070335
84.045668,0.487779,0.003059,0.072182
85.083467,0.485692,0.003417,0.071505
86.134323,0.483708,0.003295,0.071889
87.198025,0.482879,0.003330,0.071880
88.274903,0.481542,0.003059,0.070150
89.365319,0.481192,0.003179,0.071249
90.468958,0.481271,0.003386,0.071599
91.586308,0.480917,0.003199,0.071180
92.717439,0.480871,0.003114,0.071078
93.862553,0.480246,0.003071,0.071993
95.021701,0.481650,0.003314,0.072484
96.195302,0.478146,0.003187,0.073904
97.383005,0.479162,0.003359,0.074052
98.586156,0.478821,0.003267,0.073086
99.803534,0.478204,0.003313,0.074683
101.036294,0.478567,0.003343,0.074959
102.283519,0.477192,0.003095,0.073071
103.547248,0.475437,0.003360,0.071925
104.825875,0.475700,0.003330,0.071160
106.120302,0.475725,0.003221,0.070682
107.431302,0.474350,0.003301,0.069968
108.758018,0.475138,0.003367,0.071667
110.101312,0.474071,0.003271,0.071804
111.460983,0.473929,0.003336,0.073937
112.837569,0.471563,0.003335,0.075682
114.231076,0.471258,0.003300,0.075463
115.641483,0.471125,0.003386,0.074135
117.069698,0.471217,0.003237,0.073618
118.515767,0.472358,0.003333,0.073910
119.979406,0.472008,0.003347,0.077329
121.461178,0.470658,0.003364,0.079127
122.961540,0.467421,0.003427,0.078502
124.479878,0.467833,0.003490,0.078382
126.017096,0.467237,0.003404,0.078336
127.573595,0.464046,0.003473,0.076906
129.149388,0.463462,0.003678,0.077727
130.744583,0.463804,0.003422,0.079266
132.358830,0.463675,0.003566,0.078160
133.993634,0.463717,0.003408,0.076561
135.648477,0.462704,0.003609,0.077342
137.323921,0.462025,0.003510,0.078749
139.019636,0.463950,0.003580,0.079226
140.736678,0.462800,0.003504,0.077677
142.474729,0.463350,0.003360,0.078320
144.234481,0.464117,0.003427,0.078531
146.015776,0.462121,0.003395,0.076242
147.819059,0.464033,0.003347,0.077289
149.644659,0.464321,0.003462,0.077738
151.492693,0.461296,0.003435,0.076598
153.363909,0.460933,0.003296,0.077542
155.258084,0.459708,0.003494,0.078639
157.175369,0.460913,0.003511,0.076271
159.116646,0.461029,0.003561,0.077365
161.081724,0.460900,0.003435,0.078619
163.071093,0.458900,0.003498,0.078548
165.085541,0.456862,0.003548,0.082384
167.123750,0.461596,0.003414,0.080227
169.188149,0.456167,0.003411,0.076992
171.277827,0.456558,0.003465,0.080611
173.393151,0.453642,0.003581,0.080204
175.534429,0.454629,0.003522,0.078457
177.702403,0.454958,0.003499,0.077406
179.896785,0.452321,0.003671,0.076068
182.118620,0.452633,0.003342,0.074490
184.367962,0.455525,0.003405,0.076970
186.644832,0.455208,0.003486,0.076397
188.950237,0.456329,0.003499,0.077724
191.283690,0.453992,0.003644,0.078186
193.646450,0.453000,0.003406,0.077751
196.037788,0.453221,0.003680,0.076712
198.458794,0.453571,0.003315,0.075831
200.909894,0.455208,0.003461,0.074952
203.391228,0.457267,0.003385,0.078467
205.903367,0.453971,0.003522,0.075092
208.446259,0.454408,0.003534,0.076490
211.020367,0.456196,0.003401,0.077164
213.626764,0.454983,0.003411,0.076630
216.264686,0.455383,0.003562,0.078492
218.936313,0.451800,0.003608,0.076075
221.640193,0.454458,0.003583,0.077551
224.377297,0.452617,0.003377,0.075082
227.148585,0.449375,0.003689,0.078404
229.954026,0.445679,0.003620,0.077006
232.793786,0.448504,0.003722,0.082523
235.668978,0.447538,0.003755,0.080609
238.580014,0.447750,0.003628,0.076741
241.526206,0.445042,0.003910,0.078375
244.509324,0.447546,0.003527,0.079460
247.529155,0.446079,0.003622,0.079431
250.586271,0.443717,0.003479,0.076127
253.680717,0.446846,0.003544,0.080917
256.814378,0.445913,0.003567,0.084986
259.985886,0.448283,0.003665,0.083757
263.196675,0.445558,0.003847,0.084000
266.447263,0.448829,0.003645,0.083675
269.737974,0.450542,0.003563,0.081988
273.069385,0.448421,0.003811,0.085563
276.441736,0.449304,0.003573,0.083519
279.856075,0.447708,0.003617,0.084131
283.312394,0.449179,0.003762,0.084975
286.811906,0.447888,0.003642,0.082353
290.354065,0.445137,0.003577,0.079469
293.939818,0.446067,0.003873,0.080735
297.570298,0.443458,0.003855,0.080922
301.245264,0.443146,0.003461,0.082612
304.965887,0.442258,0.003666,0.079617
308.732630,0.440792,0.003685,0.083377
312.545356,0.442446,0.003722,0.084921
316.405159,0.441571,0.003650,0.085862
320.313212,0.442079,0.003890,0.085900
324.269057,0.441792,0.003952,0.085127
328.274180,0.439229,0.003864,0.083865
332.328615,0.436683,0.003842,0.085058
336.432668,0.439446,0.003775,0.083232
340.588043,0.433879,0.003994,0.081204
344.794540,0.438262,0.003587,0.080740
349.052575,0.441208,0.003635,0.080971
353.364015,0.439992,0.003802,0.083235
357.728118,0.439600,0.003870,0.083468
362.146204,0.440600,0.003682,0.085302
366.618888,0.437225,0.003596,0.082753
371.146910,0.436137,0.003942,0.081425
375.730900,0.437696,0.003779,0.080210
380.371113,0.436575,0.003857,0.085347
385.068932,0.436942,0.003773,0.084988
389.824733,0.435917,0.003785,0.084430
394.639173,0.437096,0.003979,0.083684
399.513148,0.435583,0.004099,0.084702
404.447181,0.433742,0.003648,0.081434
409.442643,0.439079,0.003669,0.081036
414.499687,0.435133,0.003846,0.082805
419.618889,0.435737,0.003724,0.076593
424.801331,0.436225,0.003752,0.080315
430.048043,0.438575,0.003600,0.083027
435.358849,0.440821,0.003885,0.082290
440.736138,0.436929,0.003600,0.080304
446.179382,0.437638,0.003857,0.080644
451.690064,0.436171,0.003652,0.082739
457.268556,0.439021,0.003712,0.079443
462.915749,0.435396,0.003646,0.080625
468.633338,0.436258,0.003735,0.082584
474.421443,0.433542,0.003901,0.080773
480.280334,0.435871,0.003527,0.083867
486.212412,0.431846,0.003641,0.082471
492.216960,0.437608,0.003659,0.084146
498.296551,0.436396,0.003801,0.081355
504.450590,0.435617,0.003850,0.082615
510.681017,0.433863,0.003786,0.083896
516.988114,0.435442,0.003987,0.085758
523.373294,0.433883,0.003808,0.082582
529.837167,0.434425,0.003786,0.082743
536.381115,0.430954,0.003873,0.081831
543.005608,0.433708,0.003592,0.083140
549.711973,0.431733,0.003575,0.080280
556.500866,0.434233,0.003655,0.077513
563.374425,0.433879,0.003684,0.079943
570.332382,0.433496,0.003559,0.081138
577.376555,0.430833,0.003758,0.080586
584.507301,0.430092,0.003853,0.082052
591.726497,0.433571,0.003802,0.081769
599.034583,0.434046,0.003859,0.084833
606.432906,0.437196,0.003574,0.085701
613.922464,0.433875,0.003723,0.084361
621.504500,0.435342,0.003879,0.085164
629.181110,0.434246,0.003898,0.083367
636.952070,0.435525,0.004329,0.083623
644.818777,0.433908,0.003671,0.083962
652.782646,0.432171,0.004014,0.084245
660.844651,0.431350,0.004001,0.090232
669.006646,0.433713,0.004238,0.090415
677.269360,0.434242,0.003967,0.087911
685.633507,0.431667,0.004295,0.086555
694.101660,0.435254,0.003698,0.091085
702.674328,0.435758,0.003955,0.091351
711.353137,0.433188,0.004180,0.087195
720.138793,0.433463,0.003956,0.085203
729.032659,0.427987,0.004086,0.089083
738.036557,0.431521,0.003880,0.088698
747.152097,0.428671,0.004162,0.090340
756.379617,0.425646,0.003944,0.088069
765.721721,0.429763,0.004070,0.085922
775.178366,0.426721,0.003806,0.082188
784.752397,0.429288,0.004024,0.083883
794.444691,0.429508,0.004137,0.091177
804.256750,0.429721,0.004249,0.089755
814.189501,0.430304,0.004809,0.086994
824.245639,0.427904,0.004638,0.088103
834.425613,0.429767,0.003975,0.088747
844.730869,0.429208,0.004270,0.086985
855.164027,0.429429,0.004109,0.091183
865.726036,0.424913,0.003744,0.090770
876.418033,0.428183,0.004097,0.086395
887.242185,0.428183,0.003911,0.088394
898.200214,0.426212,0.003938,0.087788
909.293735,0.426725,0.004769,0.089456
920.524186,0.422533,0.003763,0.090200
931.893322,0.422063,0.004217,0.088864
943.402552,0.426925,0.004184,0.092319
955.054550,0.424533,0.004432,0.092308
966.849879,0.426696,0.004475,0.095157
978.790914,0.424888,0.004038,0.093543
990.879835,0.419708,0.004432,0.090338
1003.117641,0.424483,0.004607,0.090857
1015.506977,0.419592,0.004497,0.086832
1028.049102,0.420200,0.004135,0.087307
1040.746143,0.421638,0.004314,0.090125
1053.599814,0.422758,0.004276,0.092565
1066.612712,0.415979,0.004328,0.089638
1079.786113,0.419171,0.004266,0.093429
1093.122018,0.422925,0.004201,0.093470
1106.623018,0.418162,0.004252,0.092940
1120.290522,0.423783,0.004264,0.090544
1134.126217,0.421917,0.004221,0.093098
1148.133701,0.419842,0.004376,0.093996
1162.314051,0.420913,0.003724,0.090827
1176.668866,0.418338,0.004231,0.087785
1191.201937,0.416429,0.003997,0.085356
1205.914075,0.414646,0.004187,0.084106
1220.808367,0.416554,0.004305,0.090949
1235.885903,0.414754,0.003977,0.087358
1251.150023,0.415400,0.004232,0.086448
1266.601948,0.418012,0.003855,0.085448
1282.245622,0.416767,0.004094,0.087749
1298.082124,0.414358,0.004102,0.088861
1314.114570,0.413871,0.004090,0.088569
1330.344533,0.414383,0.004112,0.085515
1346.775016,0.417921,0.004181,0.087038
1363.408667,0.417296,0.004303,0.086348
1380.247424,0.418704,0.004493,0.088985
1397.294978,0.418958,0.004398,0.089214
1414.552144,0.418583,0.004389,0.085199
1432.022590,0.425158,0.003888,0.089931
1449.709057,0.426162,0.004290,0.088885
1467.614182,0.428308,0.004266,0.089307
1485.739876,0.426063,0.004335,0.085864
1504.089610,0.426117,0.003860,0.083256
1522.666146,0.425233,0.004248,0.085813
1541.472002,0.427988,0.003737,0.086191
1560.510390,0.427021,0.004116,0.085905
1579.783883,0.427833,0.004130,0.083503
1599.295170,0.424796,0.004266,0.085774
1619.047323,0.425267,0.004084,0.086468
1639.043970,0.429854,0.003824,0.084677
1659.286987,0.428000,0.004139,0.085809
1679.780423,0.424104,0.004131,0.086553
1700.527274,0.424958,0.004338,0.088318
1721.529607,0.426575,0.003711,0.085661
1742.791111,0.431600,0.004052,0.088250
1764.316224,0.424421,0.004329,0.085809
1786.106419,0.423629,0.004034,0.091375
1808.166238,0.432258,0.004239,0.095335
1830.498352,0.427262,0.003824,0.088335
1853.106078,0.432483,0.004094,0.087388
1875.993153,0.429246,0.003964,0.085390
1899.163091,0.426500,0.003865,0.084808
1922.618970,0.427342,0.004482,0.087108
1946.364601,0.421683,0.004146,0.091688
1970.403766,0.424554,0.004306,0.091662
1994.739515,0.418975,0.004001,0.091023
2019.375980,0.421729,0.004266,0.086282
2044.316462,0.416442,0.004256,0.087148
2069.565370,0.419808,0.004087,0.089857
2095.125635,0.420725,0.004358,0.086220
2121.001986,0.424621,0.004065,0.089498
2147.197736,0.425250,0.004140,0.090343
2173.716910,0.422546,0.004353,0.091753
2200.564148,0.421929,0.004334,0.092345
2227.742438,0.423296,0.004212,0.089196
2255.256531,0.427879,0.003972,0.084500
2283.110440,0.426700,0.004097,0.086757
2311.308520,0.425083,0.004461,0.082399
2339.854786,0.430258,0.004043,0.089655
2368.753587,0.428912,0.003939,0.083381
2398.009023,0.426146,0.004319,0.087991
-nan,-nan,-nan,-nan
2457.608971,0.424254,0.003992,0.086417
2487.962390,0.422925,0.004462,0.087993
2518.690152,0.427458,0.004915,0.087930
2549.797238,0.434521,0.004992,0.087159
-nan,-nan,-nan,-nan
2613.170315,0.424067,0.003868,0.086526
2645.444011,0.431708,0.003625,0.088547
2678.117553,0.425371,0.003803,0.087039
2711.193856,0.431025,0.003945,0.082455
2744.679227,0.433646,0.004171,0.088676
2778.577650,0.434358,0.003685,0.086688
2812.895447,0.428862,0.003982,0.088812
2847.636630,0.427121,0.004151,0.084191
2882.806702,0.429325,0.004042,0.088880
2918.411417,0.433346,0.003854,0.085914
2954.455671,0.431025,0.003838,0.087444
2990.945234,0.431842,0.003842,0.085557
3027.885635,0.428533,0.003807,0.084704
3065.282083,0.429783,0.003917,0.089564
3103.140371,0.425908,0.004075,0.090899
3141.466249,0.429725,0.004340,0.089216
3180.265743,0.430533,0.004155,0.087735
3219.544214,0.423012,0.004243,0.087152
3259.307585,0.422263,0.004017,0.084784
3299.562330,0.426217,0.004236,0.087062
3340.314473,0.422371,0.003998,0.088088
3381.569573,0.425604,0.004120,0.087061
3423.334463,0.421833,0.004443,0.089791
3465.614905,0.420917,0.004326,0.086894
3508.417443,0.426338,0.003845,0.089064
3551.748553,0.428588,0.003715,0.087334
3595.615328,0.427850,0.003781,0.088080
3640.023554,0.427238,0.004080,0.088054
3684.980469,0.426046,0.004424,0.084553
3730.492419,0.425821,0.003948,0.090355
3776.566595,0.432046,0.004157,0.086507
3823.209649,0.434354,0.003564,0.085953
3870.429213,0.424471,0.003962,0.087548
3918.231865,0.430108,0.004124,0.088225
3966.624790,0.422837,0.004535,0.084295
4015.615250,0.424013,0.003932,0.086016
4065.210929,0.422679,0.003854,0.087117
4115.419037,0.422300,0.004084,0.088634
4166.247300,0.425275,0.004481,0.089657
4217.703434,0.427175,0.004495,0.090528
4269.794800,0.424462,0.004305,0.091155
4322.529692,0.423871,0.003712,0.082790
4375.916121,0.426942,0.004075,0.087156
4429.961731,0.427533,0.003946,0.083156
4484.674991,0.423092,0.004234,0.087454
4540.063498,0.426096,0.003896,0.082060
4596.136780,0.422550,0.003973,0.082674
4652.902589,0.426933,0.004096,0.084997
4710.368612,0.427417,0.003902,0.089056
4768.544799,0.428608,0.004077,0.089653
4827.439758,0.431350,0.004129,0.086199
4887.062102,0.427708,0.004080,0.090572
4947.420728,0.430821,0.003890,0.087029
5008.524629,0.429425,0.003947,0.086539
5070.383294,0.433713,0.003770,0.084554
5133.006088,0.435696,0.003715,0.085770
5196.402294,0.428729,0.003942,0.083847
5260.581327,0.430383,0.003757,0.080943
5325.553381,0.430379,0.003951,0.076632
5391.327558,0.428025,0.003878,0.079469
5457.914400,0.427600,0.003763,0.079945
5525.323716,0.429346,0.004041,0.082611
5593.565522,0.425208,0.004150,0.085239
5662.649653,0.423750,0.003999,0.084049
5732.587379,0.430579,0.003809,0.085229
5803.389011,0.425838,0.003772,0.089562
5875.064833,0.429275,0.003972,0.088352
5947.626117,0.430513,0.003974,0.082536
6021.083197,0.431783,0.003927,0.083756
6095.447975,0.431933,0.003837,0.086552
6170.731074,0.431667,0.004117,0.086502
6246.943648,0.431483,0.004008,0.086130
6324.097896,0.430162,0.004127,0.085963
6402.204946,0.427383,0.004517,0.090018
6481.276591,0.431921,0.004083,0.092633
6561.325327,0.428713,0.004058,0.086789
6642.362045,0.428162,0.003902,0.085782
6724.399730,0.423946,0.004023,0.086715
6807.451019,0.425775,0.003801,0.083191
6891.527715,0.432517,0.003974,0.088571
6976.642643,0.422937,0.003951,0.088393
7062.809562,0.426771,0.004438,0.091458
7150.040018,0.425713,0.004072,0.087982
7238.348052,0.428933,0.004044,0.088767
7327.746857,0.424171,0.004244,0.088382
7418.249617,0.431537,0.003969,0.089705
7509.870212,0.426112,0.004029,0.084624
7602.622647,0.423758,0.004063,0.090549
7696.519801,0.426512,0.004026,0.087526
7791.577494,0.424717,0.003907,0.088212
7887.808709,0.433696,0.003838,0.089081
7985.228758,0.428979,0.003907,0.085476
8083.851951,0.431629,0.003681,0.084817
8183.693505,0.427750,0.004134,0.088773
8284.767784,0.428383,0.003987,0.083734
8387.090730,0.425583,0.004147,0.092266
8490.677380,0.425454,0.004041,0.089520
8595.542728,0.427733,0.004129,0.088337
8701.704054,0.421283,0.004069,0.085400
8809.176071,0.431471,0.004082,0.088961
8917.975152,0.424150,0.003927,0.080960
9028.118457,0.432492,0.003802,0.089072
9139.622234,0.427363,0.004202,0.087175
9252.503465,0.422792,0.004787,0.083758
9366.778388,0.427071,0.005311,0.083718
9482.464879,0.424579,0.006132,0.090104
9599.579508,0.424800,0.003989,0.088054
9718.141140,0.426250,0.004747,0.090972
9838.166787,0.422942,0.003904,0.087131
9959.675366,0.430958,0.004083,0.089256
10082.684363,0.426025,0.004526,0.086598
10207.212457,0.433729,0.004554,0.089838
10333.278957,0.427504,0.004337,0.088477
10460.902369,0.423133,0.003889,0.085575
10590.101742,0.427683,0.003969,0.087865
10720.896846,0.429200,0.003883,0.084982
10853.307429,0.427058,0.003662,0.084024
10987.353624,0.429383,0.004067,0.089305
11123.055249,0.429583,0.004147,0.089705
11260.432773,0.429879,0.003845,0.087119
11399.506766,0.430579,0.003768,0.085907
11540.299400,0.425587,0.004597,0.088642
11682.829893,0.418696,0.004236,0.091433
11827.120986,0.420162,0.003963,0.091121
11973.194437,0.427471,0.004253,0.089764
12121.071602,0.430242,0.003948,0.090604
12270.775819,0.429338,0.004111,0.085902
12422.328255,0.421954,0.003686,0.085169
12575.753130,0.430567,0.004302,0.090312
12731.072451,0.429154,0.003860,0.083541
12888.310156,0.432846,0.003956,0.082881
13047.490047,0.428771,0.003891,0.086600
13208.635620,0.426721,0.003790,0.086506
13371.771699,0.423871,0.004060,0.078169
13536.922320,0.429471,0.004071,0.089511
13704.112813,0.433846,0.003937,0.089690
13873.368635,0.427304,0.004271,0.088191
14044.714175,0.422667,0.003921,0.087058
14218.176935,0.427283,0.005655,0.094905
14393.781234,0.429563,0.004074,0.088941
14571.554528,0.430496,0.004060,0.086458
14751.523499,0.437279,0.004243,0.089024
14933.715424,0.428129,0.004292,0.090350
15118.157561,0.428708,0.004023,0.083671
15304.877507,0.422283,0.004488,0.093586
15493.903111,0.422213,0.003845,0.092356
15685.263995,0.429525,0.004004,0.085629
15878.988380,0.426767,0.003852,0.092539
16075.105112,0.428183,0.003963,0.079861
16273.644049,0.427837,0.004264,0.088133
16474.634929,0.426196,0.003596,0.093264
16678.108370,0.419658,0.004172,0.087478
16884.094972,0.432713,0.004193,0.088055
17092.625172,0.423283,0.004401,0.090010
17303.731038,0.431879,0.003906,0.086474
17517.444783,0.427771,0.004193,0.087982
17733.797473,0.422062,0.004347,0.088356
17952.745384,0.422483,2.673194,0.091147
18174.552832,0.413803,0.004515,0.092528
18399.021508,0.422298,0.003845,0.089671
18626.262428,0.426389,0.004367,0.086059
18856.309957,0.427327,0.004034,0.088281
19089.198629,0.426960,0.004071,0.086531
19324.963711,0.428082,0.003906,0.085036
19563.640755,0.425776,0.004333,0.090627
19805.265635,0.422794,0.003695,0.084070
20049.874982,0.417010,0.004333,0.088385
20297.504665,0.422961,0.004257,0.091078
20548.193732,0.418632,0.004319,0.092717
20801.978579,0.416739,0.004158,0.088874
21058.897403,0.424992,0.004803,0.090194
21318.989750,0.431334,0.004158,0.091769
21582.294174,0.425663,0.003944,0.086168
21848.851345,0.417369,0.004587,0.091243
22118.700350,0.417193,0.004790,0.092693
22391.881427,0.425192,0.003613,0.083916
22668.437371,0.426314,0.004347,0.088707
22948.408367,0.426001,0.003899,0.090510
23231.837248,0.422811,0.003967,0.087613
23518.767071,0.428524,0.004422,0.088788
23809.240707,0.427948,0.003937,0.089217
24103.301632,0.432519,0.004026,0.086106
24400.994514,0.430809,0.003571,0.088937
24702.364251,0.427744,0.003982,0.084555
25007.456215,0.426580,0.004200,0.087682
25316.316054,0.425521,0.004100,0.090837
25628.990879,0.429983,0.004200,0.088080
25945.526348,0.432202,0.004143,0.081485
26265.972018,0.422356,0.003937,0.089424
26590.375575,0.427731,0.004143,0.084561
26918.785426,0.425167,0.003571,0.085061
27251.252169,0.423561,0.004991,0.090419
27587.824439,0.415801,0.004243,0.091870
27928.553475,0.428661,0.004721,0.089473
28273.490991,0.431435,0.003798,0.091185
28622.688204,0.429691,0.003829,0.085789
28976.199199,0.423649,0.004100,0.088935
29334.075954,0.425863,0.004243,0.084779
29696.372272,0.430163,0.004158,0.084542
30063.143636,0.425992,0.004026,0.087108
30434.445235,0.422523,0.004158,0.090921
30810.331782,0.424425,0.004515,0.087319
31190.861348,0.426764,0.003719,0.092090
31576.090976,0.425363,0.004143,0.090509
31966.077964,0.424983,0.004257,0.090134
32360.881958,0.423403,0.004580,0.087206
32760.561902,0.427185,0.004354,0.086629
33165.178053,0.425517,0.003997,0.084945
33574.791057,0.429083,0.004395,0.092394
33989.463961,0.431718,0.004658,0.086801
34409.258372,0.429070,0.003383,0.086347
34834.237043,0.430417,0.004580,0.086114
35264.464724,0.422143,0.004683,0.088931
35700.005479,0.426710,0.004980,0.090246
36140.925697,0.424062,0.004200,0.087569
36587.291907,0.433449,0.003621,0.089098
37039.171475,0.422465,0.002290,0.088412
37496.631347,0.433399,0.002847,0.085262
37959.741385,0.428707,0.004980,0.084357
38428.571298,0.427198,0.004172,0.083987
38903.191430,0.430709,0.003654,0.082081
39383.673527,0.427652,0.004580,0.087539
39870.089726,0.422994,0.004285,0.095452
40362.514377,0.421714,0.011049,0.094432
40860.679014,0.415767,8.333396,0.090093
41365.682623,0.426529,0.004114,0.089824
41876.578394,0.426395,0.004114,0.088839
42393.783391,0.434716,0.004395,0.087473
42917.376678,0.428584,0.004931,0.087193
43447.437092,0.428279,0.003521,0.089588
43984.043339,0.431767,0.004475,0.081857
44527.278234,0.418647,0.002930,0.083402
45077.221422,0.427778,0.004340,0.091703
45633.957683,0.425894,0.003275,0.085096
46197.569352,0.427034,0.004632,0.088343
46768.141750,0.426341,0.004367,0.081570
47345.761995,0.434992,0.004475,0.085840
47930.515811,0.424386,0.005393,0.085308
48521.225353,0.423734,25.530447,0.090000
49121.779099,0.425871,0.004931,0.095515
49728.468015,0.425913,0.003782,0.085256
50342.649780,0.425653,0.001691,0.090617
50964.417476,0.429091,0.003312,0.090653
51593.864243,0.425791,0.004580,0.090269
52231.085022,0.432789,0.003906,0.085980
52876.176419,0.430017,0.005121,0.086296
53529.234853,0.426432,0.004683,0.086286
54190.359343,0.422898,0.002184,0.091224
54859.648522,0.424351,0.002584,0.093721
55537.204497,0.419158,0.004931,0.089141
56223.128226,0.426147,0.005567,0.086714
56917.524134,0.426667,0.004475,0.087863
57620.495758,0.420293,0.003967,0.088622
58331.659088,0.427119,11.981300,0.089096
59052.593727,0.422357,0.003967,0.089981
59781.935195,0.423012,0.005349,0.084323
60520.284755,0.428981,0.004683,0.086361
61267.753246,0.426875,0.004784,0.088412
62024.453778,0.427370,0.004475,0.087620
62790.499704,0.422093,-nan,0.084724
63566.007146,0.423888,0.003845,0.089648
64351.092821,0.427634,0.004367,0.091627
65145.874469,0.423767,0.005610,0.083864
65950.472216,0.425298,0.003521,0.087400
66765.007913,0.424237,-nan,0.090853
67589.603271,0.422815,0.004026,0.083596
68424.382591,0.433519,0.002762,0.085848
69269.177878,0.430176,7.189928,0.090770
70124.665130,0.428584,8.166454,0.084516
70991.093861,0.426145,0.001381,0.087877
71867.884060,0.425606,0.003654,0.086158
72755.504164,0.426187,0.000977,0.084766
73654.086310,0.416120,0.002930,0.089012
74563.766384,0.427715,-nan,0.083626
75484.682296,0.423396,0.005859,0.085617
76416.972365,0.426995,0.007564,0.090436
77360.775818,0.429495,0.002930,0.093058
78316.236465,0.421991,0.004883,0.085088
79283.497769,0.426730,0.003239,0.088598
80262.705520,0.427273,0.004143,0.089482
81254.007266,0.430290,0.001953,0.090551
82257.552214,0.422168,0.006020,0.089939
83273.491758,0.427357,-nan,0.087321
84301.978103,0.428325,-nan,0.082354
85343.168202,0.424390,0.006099,0.091916
86393.980985,0.426772,49.767755,0.090402
87464.284255,0.429260,0.009367,0.093370
88539.525901,0.417730,70.349512,0.092780
89638.118275,0.424588,0.002184,0.089551
90745.212473,0.429397,0.008625,0.091204
91865.980832,0.425365,0.003521,0.091083
93000.591071,0.426602,0.001953,0.086949
94149.214806,0.418025,-nan,0.085355
95312.024854,0.415255,-nan,0.087474
96489.196023,0.432319,0.003383,0.084435
97680.906353,0.427838,-nan,0.093279
98887.334651,0.428908,0.002762,0.091418
100106.504048,0.429125,30.937471,0.092905
101345.077322,0.426879,0.005349,0.084973
102596.761762,0.417015,0.007812,0.089909
103863.371203,0.422810,12.891864,0.089720
105146.697944,0.434303,0.006905,0.092224
106445.334254,0.428148,-nan,0.092453
107760.010015,0.431249,-nan,0.089311
109090.923076,0.426386,0.006176,0.094835
110438.274090,0.420582,0.006623,0.090584
111802.264703,0.429645,0.004980,0.082749
113183.102893,0.422318,0.007689,0.091767
114580.995105,0.422361,0.008401,0.093276
115996.151258,0.432023,0.006020,0.082524
117428.787254,0.419423,0.004367,0.090588
118879.116126,0.422305,0.007437,0.093240
120347.357592,0.422682,0.005349,0.088595
121833.733612,0.418405,0.006623,0.087666
123338.466888,0.423157,0.004784,0.084663
124861.785519,0.413862,0.007689,0.092413
126403.916879,0.426394,0.000000,0.084282
127962.361103,0.431660,46.660455,0.092431
129545.555135,0.431279,0.004580,0.085709
131145.535114,0.426090,0.010698,0.086467
132765.276458,0.425090,0.006176,0.087613
134404.793780,0.424906,7.796399,0.088766
136065.019795,0.428883,-nan,0.092357
137745.520110,0.430455,0.008286,0.084843
139443.514351,0.432771,64.186953,0.087266
141168.544447,0.429001,16.964220,0.093222
142912.580377,0.424345,0.006176,0.090184
144672.286984,0.419440,91.215933,0.091277
146464.524926,0.431540,-nan,0.089312
148272.263891,0.425636,28.889371,0.088960
150104.749430,0.418570,-nan,0.086997
151956.664012,0.418899,47.661033,0.092539
153831.108994,0.429484,82.819869,0.094561
155735.424982,0.430322,0.011220,0.084630
157658.868652,0.427726,-nan,0.089826
159606.067948,0.423554,0.011389,0.088927
161577.316923,0.427073,0.007564,0.089617
163561.822066,0.421603,132.958840,0.093647
165593.154046,0.425610,-nan,0.089695
167638.347469,0.419000,-nan,0.094548
169708.800399,0.425728,-nan,0.083977
171804.825176,0.430496,0.003383,0.091898
173926.737112,0.426491,-nan,0.093243
176067.564629,0.420215,122.885306,0.097627
178247.227895,0.425268,58.044668,0.098725
180451.014577,0.432992,-nan,0.080195
182679.713466,0.429356,-nan,0.088065
184935.938563,0.424938,-nan,0.091554
187220.029060,0.424060,-nan,0.089438
189532.329597,0.426990,0.002762,0.087688
191873.188914,0.426765,0.008735,0.083726
194241.721999,0.423910,41.653282,0.090673
196641.999258,0.431307,0.007812,0.088584
199070.667600,0.419320,0.009161,0.089711
201523.432833,0.423626,99.071184,0.092498
204010.023136,0.425434,139.805856,0.086996
206535.840905,0.418403,54.356582,0.093420
209089.029325,0.428454,0.015129,0.091591
