0.000000,0.995000,0.000000,0.000000
1.002977,0.850725,0.001660,0.027301
1.016362,0.849167,0.001698,0.027292
1.030065,0.848000,0.001725,0.027202
1.043924,0.846708,0.001719,0.027237
1.057914,0.845544,0.001721,0.026972
1.072091,0.844458,0.001729,0.027042
1.086494,0.842822,0.001724,0.027310
1.101097,0.841311,0.001737,0.027610
1.115939,0.840219,0.001758,0.027423
1.130864,0.838931,0.001730,0.027692
1.146195,0.837428,0.001713,0.027669
1.161484,0.836317,0.001744,0.027656
1.177016,0.834833,0.001717,0.027940
1.192802,0.833703,0.001694,0.028140
1.208958,0.832206,0.001745,0.028034
1.225156,0.830994,0.001769,0.027975
1.241536,0.829886,0.001808,0.028005
1.258114,0.828456,0.001701,0.027958
1.275260,0.827000,0.001710,0.028065
1.292404,0.825897,0.001748,0.028629
1.309768,0.824864,0.001774,0.028617
1.327263,0.823336,0.001815,0.028769
1.345098,0.821772,0.001821,0.028580
1.363177,0.820803,0.001794,0.028816
1.381423,0.819514,0.001774,0.028805
1.400038,0.818108,0.001751,0.028639
1.418856,0.816864,0.001751,0.028657
1.437980,0.815469,0.001776,0.028890
1.457351,0.814328,0.001741,0.029214
1.476876,0.812956,0.001746,0.029226
1.496607,0.811644,0.001806,0.029188
1.516858,0.810558,0.001792,0.029619
1.537317,0.808953,0.001779,0.029988
1.557893,0.807211,0.001747,0.030091
1.578817,0.805892,0.001821,0.029881
1.600085,0.804708,0.001792,0.029811
1.621544,0.803236,0.001792,0.029838
1.643434,0.801936,0.001885,0.029972
1.665371,0.800606,0.001756,0.029974
1.687648,0.798725,0.001818,0.029664
1.710596,0.796978,0.001805,0.029579
1.733546,0.795731,0.001826,0.029923
1.756850,0.794544,0.001802,0.029883
1.780379,0.792911,0.001908,0.029915
1.804340,0.791339,0.001803,0.029815
1.828589,0.789975,0.001845,0.029747
1.853214,0.788694,0.001856,0.029776
1.878084,0.787317,0.001853,0.029967
1.903286,0.785911,0.001832,0.030395
1.928931,0.784558,0.001782,0.030173
1.954875,0.783017,0.001773,0.030502
1.981094,0.781617,0.001837,0.030893
2.007852,0.780467,0.001900,0.030743
2.034762,0.778994,0.001905,0.030513
2.062099,0.777600,0.001832,0.030569
2.089786,0.776183,0.001912,0.030899
2.118064,0.774511,0.001936,0.030978
2.146360,0.773050,0.001775,0.030856
2.175426,0.771928,0.001927,0.030961
2.204492,0.770447,0.001842,0.031067
2.234262,0.768833,0.001926,0.031327
2.264216,0.767650,0.001960,0.031278
2.294634,0.766353,0.001920,0.031083
2.325381,0.764878,0.001905,0.030927
2.356778,0.763439,0.001837,0.031088
2.388608,0.762047,0.001885,0.031587
2.420676,0.760558,0.001941,0.031340
2.453188,0.759844,0.001931,0.031633
2.486093,0.758036,0.001965,0.031994
2.519511,0.756525,0.002003,0.032437
2.553523,0.754989,0.001909,0.032633
2.587835,0.753681,0.001925,0.032931
2.622660,0.752517,0.001930,0.033355
2.657794,0.750897,0.001839,0.033697
2.693520,0.748931,0.001997,0.033660
2.729826,0.747050,0.001964,0.033906
2.766626,0.745403,0.001939,0.034225
2.803860,0.744281,0.001999,0.034748
2.841497,0.742758,0.001922,0.034965
2.879756,0.740975,0.001996,0.034976
2.918633,0.739522,0.001949,0.035290
2.957732,0.738017,0.001927,0.035170
2.997384,0.736775,0.001945,0.034938
3.037792,0.735483,0.001947,0.035372
3.078576,0.733989,0.001995,0.035135
3.120082,0.732511,0.001966,0.034535
3.161829,0.731414,0.001996,0.034420
3.204661,0.730600,0.002042,0.034770
3.247602,0.729564,0.001998,0.034668
3.291404,0.727625,0.002002,0.034174
3.335649,0.725961,0.001979,0.034553
3.380437,0.724344,0.002012,0.034870
3.425890,0.723203,0.001999,0.034747
3.472100,0.722208,0.002094,0.034434
3.518747,0.721219,0.001989,0.035237
3.566205,0.719653,0.002055,0.035403
3.614104,0.718214,0.001993,0.035897
3.662768,0.716389,0.001987,0.036160
3.712063,0.713844,0.001967,0.036129
3.761979,0.712158,0.002096,0.036520
3.812436,0.710700,0.002083,0.036293
3.863844,0.709183,0.002047,0.036609
3.915812,0.708164,0.002069,0.036900
3.968487,0.706808,0.002050,0.037544
4.021894,0.705636,0.002033,0.037680
4.076052,0.703825,0.002048,0.037840
4.130906,0.702117,0.002062,0.037966
4.186517,0.699947,0.002089,0.038391
4.242668,0.698942,0.002098,0.038934
4.299904,0.697197,0.002083,0.039288
4.357590,0.696100,0.002076,0.039187
4.416339,0.694883,0.002140,0.039267
4.475670,0.693772,0.002150,0.038936
4.535852,0.692517,0.002095,0.038838
4.596768,0.691650,0.002121,0.038815
4.658879,0.690292,0.002154,0.038972
4.721496,0.688969,0.002059,0.038973
4.784927,0.687406,0.002153,0.039195
4.849350,0.686669,0.002183,0.039900
4.914637,0.685464,0.002107,0.040128
4.980678,0.683667,0.002177,0.040878
5.047746,0.681867,0.002154,0.041152
5.115685,0.680867,0.002091,0.041501
5.184572,0.679519,0.002104,0.041241
5.254279,0.677964,0.002221,0.041077
5.324991,0.676736,0.002156,0.041306
5.396579,0.675269,0.002175,0.041762
5.469197,0.674189,0.002138,0.041046
5.542773,0.673164,0.002176,0.041413
5.617334,0.672192,0.002136,0.041616
5.693122,0.671431,0.002147,0.041692
5.769614,0.670319,0.002177,0.042231
5.847331,0.668936,0.002207,0.042946
5.925888,0.667439,0.002259,0.043902
6.005793,0.666311,0.002236,0.044182
6.086372,0.665444,0.002100,0.044276
6.168325,0.663850,0.002292,0.043805
6.251366,0.662939,0.002289,0.043872
6.335474,0.661264,0.002246,0.043678
6.420868,0.660697,0.002177,0.043566
6.507093,0.659667,0.002163,0.043373
6.594676,0.658236,0.002227,0.042968
6.683613,0.657733,0.002274,0.043197
6.773297,0.656606,0.002242,0.043907
6.864508,0.654778,0.002235,0.043644
6.956887,0.652092,0.002265,0.044219
7.050489,0.650453,0.002230,0.045091
7.145550,0.649847,0.002329,0.044392
7.241586,0.648556,0.002302,0.043670
7.339019,0.647975,0.002258,0.043418
7.437689,0.646947,0.002314,0.043561
7.538020,0.645497,0.002182,0.043684
7.639438,0.644292,0.002301,0.044232
7.742092,0.643917,0.002303,0.044501
7.846168,0.643261,0.002234,0.044929
7.951953,0.642525,0.002227,0.045418
8.059027,0.640819,0.002281,0.044714
8.167455,0.638953,0.002335,0.045429
8.277400,0.637769,0.002230,0.045460
8.388868,0.635692,0.002344,0.045984
8.501668,0.635019,0.002260,0.046013
8.616035,0.633469,0.002330,0.046124
8.732017,0.632619,0.002238,0.045862
8.849456,0.630931,0.002357,0.045939
8.968560,0.630403,0.002291,0.045912
9.089467,0.628367,0.002334,0.046498
9.211538,0.626983,0.002376,0.046211
9.335592,0.625806,0.002344,0.046417
9.461184,0.625322,0.002410,0.046988
9.588635,0.623469,0.002308,0.047473
9.717656,0.622128,0.002351,0.046833
9.848323,0.620736,0.002287,0.047178
9.981018,0.619942,0.002363,0.047105
10.115320,0.618697,0.002462,0.047441
10.251422,0.617836,0.002371,0.047336
10.389232,0.617392,0.002403,0.047408
10.529329,0.617083,0.002479,0.047804
10.670954,0.617225,0.002388,0.048495
10.814577,0.616244,0.002344,0.048272
10.960160,0.615075,0.002430,0.047971
11.107827,0.613397,0.002391,0.047467
11.257026,0.612006,0.002369,0.048110
11.408600,0.611300,0.002358,0.047300
11.562202,0.609608,0.002427,0.047219
11.717601,0.608736,0.002449,0.047475
11.875364,0.608250,0.002418,0.048009
12.035393,0.607850,0.002395,0.049323
12.197463,0.607411,0.002413,0.048479
12.361569,0.607072,0.002433,0.048437
12.527919,0.605383,0.002385,0.049137
12.696428,0.604731,0.002402,0.050083
12.867428,0.603561,0.002428,0.049705
13.040431,0.602525,0.002375,0.050246
13.216071,0.601122,0.002418,0.050445
13.393954,0.599722,0.002348,0.050365
13.574325,0.597875,0.002500,0.050019
13.756956,0.596883,0.002473,0.050376
13.942186,0.596083,0.002488,0.050878
14.130076,0.594931,0.002546,0.052005
14.320076,0.594064,0.002465,0.051383
14.512871,0.593706,0.002432,0.051384
14.708329,0.592611,0.002410,0.051200
14.906112,0.590942,0.002479,0.050413
15.106971,0.590531,0.002532,0.050644
15.310007,0.589489,0.002487,0.049811
15.516004,0.589922,0.002519,0.049408
15.724783,0.588878,0.002490,0.050064
15.936640,0.588089,0.002475,0.050790
16.151121,0.587744,0.002571,0.049744
16.368440,0.585681,0.002573,0.050533
16.588795,0.585003,0.002507,0.051567
16.812439,0.584100,0.002517,0.051922
17.038412,0.581917,0.002586,0.053530
17.267706,0.579917,0.002485,0.053226
17.500170,0.579231,0.002469,0.052439
17.735738,0.577803,0.002543,0.052301
17.974569,0.576456,0.002533,0.052347
18.216458,0.574533,0.002673,0.052463
18.461639,0.574478,0.002562,0.053205
18.710256,0.573811,0.002619,0.053548
18.962176,0.571969,0.002585,0.052718
19.217223,0.570831,0.002613,0.053114
19.476064,0.569489,0.002606,0.053948
19.738140,0.568994,0.002647,0.053513
20.003837,0.569725,0.002572,0.053904
20.273101,0.568478,0.002621,0.053743
20.546009,0.567717,0.002609,0.054162
20.822742,0.567136,0.002660,0.054477
21.102903,0.565136,0.002665,0.054388
21.386917,0.565806,0.002611,0.053609
21.674998,0.564708,0.002585,0.054001
21.966654,0.564067,0.002527,0.053805
22.262271,0.563022,0.002578,0.053668
22.562061,0.561689,0.002628,0.054623
22.865730,0.559975,0.002632,0.054868
23.173525,0.557658,0.002797,0.056056
23.485431,0.556206,0.002602,0.055867
23.801685,0.555628,0.002709,0.055755
24.122165,0.554903,0.002720,0.056003
24.446912,0.554403,0.002691,0.055696
24.775764,0.552547,0.002704,0.055387
25.109166,0.551019,0.002742,0.054551
25.447127,0.549867,0.002704,0.055212
25.789831,0.549381,0.002720,0.055015
26.137061,0.548667,0.002742,0.054740
26.489005,0.547169,0.002764,0.055681
26.845355,0.545917,0.002663,0.054856
27.207000,0.545289,0.002767,0.055106
27.573172,0.543733,0.002698,0.055722
27.944333,0.544242,0.002670,0.056448
28.320387,0.542703,0.002669,0.055318
28.701503,0.542342,0.002827,0.055822
29.088093,0.541178,0.002803,0.056244
29.479676,0.538367,0.002752,0.056661
29.876520,0.538292,0.002742,0.057451
30.278369,0.538453,0.002755,0.057249
30.686191,0.537003,0.002789,0.058064
31.099456,0.536981,0.002799,0.057659
31.517850,0.536453,0.002734,0.057855
31.942233,0.536211,0.002791,0.057208
32.372293,0.535569,0.002744,0.058186
32.808065,0.533853,0.002757,0.060580
33.249753,0.531936,0.002871,0.060111
33.697452,0.531339,0.002921,0.060249
34.150844,0.529900,0.002872,0.060488
34.610557,0.528697,0.002849,0.059230
35.076450,0.527625,0.002850,0.058609
35.549017,0.526736,0.002809,0.059814
36.027268,0.526258,0.002783,0.059902
36.512373,0.526261,0.002835,0.059624
37.003961,0.524861,0.002850,0.061321
37.502137,0.525314,0.002866,0.062861
38.006950,0.524594,0.002928,0.062700
38.518473,0.525083,0.002849,0.061293
39.036819,0.522847,0.002860,0.061996
39.562499,0.521233,0.002911,0.061805
40.094930,0.520222,0.002937,0.063091
40.634964,0.519389,0.002918,0.062611
41.182017,0.520014,0.002944,0.061391
41.736450,0.518508,0.002858,0.062160
42.298230,0.516903,0.002907,0.061625
42.867654,0.517464,0.002912,0.061573
43.444703,0.517072,0.002917,0.061657
44.029593,0.515858,0.002901,0.061239
44.622497,0.514822,0.002941,0.060013
45.223053,0.515825,0.002916,0.062328
45.831651,0.514703,0.002904,0.061088
46.448971,0.514322,0.002944,0.059630
47.074015,0.516586,0.002940,0.059135
47.707818,0.515183,0.002995,0.061004
48.349954,0.514547,0.002833,0.060160
49.001035,0.510478,0.002940,0.060819
49.660580,0.510056,0.002949,0.060690
50.329161,0.510792,0.002942,0.061091
51.006779,0.510550,0.003063,0.061338
51.693381,0.509311,0.003014,0.062287
52.389442,0.509292,0.003023,0.061849
53.094656,0.507908,0.002902,0.060525
53.809441,0.507717,0.002984,0.060821
54.533835,0.507981,0.002973,0.062115
55.267995,0.507278,0.003148,0.062344
56.012004,0.504594,0.002961,0.063643
56.765930,0.503203,0.002932,0.065020
57.530254,0.502164,0.003114,0.065088
58.304737,0.502733,0.002928,0.064386
59.089921,0.500322,0.003002,0.065550
59.885370,0.500656,0.003019,0.063912
60.691308,0.501806,0.003021,0.064666
61.508655,0.500694,0.003066,0.065455
62.336694,0.502278,0.003075,0.065630
63.175647,0.501667,0.003092,0.066270
64.026287,0.498858,0.002996,0.066378
64.888207,0.498603,0.003106,0.066936
65.761652,0.500144,0.003040,0.069186
66.647138,0.495781,0.003137,0.066863
67.544271,0.495919,0.003140,0.067081
68.453659,0.494800,0.003117,0.066920
69.375129,0.495228,0.003057,0.068912
70.309238,0.495717,0.003176,0.069358
71.255864,0.496311,0.003103,0.069263
72.214893,0.495539,0.003162,0.068086
73.187170,0.495256,0.003050,0.068496
74.172556,0.494903,0.003114,0.069404
75.171111,0.494639,0.003085,0.069377
76.183100,0.492272,0.003051,0.070822
77.208818,0.491839,0.003125,0.070249
78.248088,0.491025,0.003176,0.069194
79.301682,0.489142,0.003164,0.069730
80.369358,0.488683,0.003231,0.070733
81.451321,0.490128,0.003267,0.070173
82.547691,0.486839,0.003178,0.069224
83.659066,0.486078,0.003205,0.068341
84.785351,0.485403,0.003172,0.068392
85.926825,0.485767,0.003065,0.069367
87.083645,0.483808,0.003129,0.070651
88.255957,0.481633,0.002993,0.068458
89.444231,0.482492,0.003160,0.069056
90.648206,0.482339,0.003192,0.068365
91.868467,0.480250,0.003204,0.070042
93.105305,0.480047,0.003153,0.070752
94.359112,0.477956,0.003274,0.070335
95.629370,0.477186,0.003266,0.069518
96.916796,0.477000,0.003164,0.067825
98.221204,0.477794,0.003170,0.067466
99.543994,0.478217,0.003219,0.070456
100.884130,0.477300,0.003263,0.069856
102.242264,0.476883,0.003188,0.068274
103.618788,0.475900,0.003202,0.068294
105.013657,0.474636,0.003259,0.071129
106.427554,0.473489,0.003316,0.070654
107.860236,0.473108,0.003339,0.070645
109.312468,0.472081,0.003248,0.070448
110.784145,0.471986,0.003358,0.070897
112.275452,0.472397,0.003262,0.071390
113.787062,0.472428,0.003296,0.070621
115.318938,0.472156,0.003182,0.071631
116.871449,0.470358,0.003391,0.073016
118.444979,0.470022,0.003420,0.072135
120.039721,0.468328,0.003306,0.071380
121.655861,0.468811,0.003255,0.071828
123.293586,0.467550,0.003410,0.070157
124.953579,0.466753,0.003393,0.068745
126.635757,0.467400,0.003321,0.069781
128.340293,0.467564,0.003367,0.069445
130.068515,0.468747,0.003297,0.070578
131.819581,0.467594,0.003361,0.071889
133.593986,0.466753,0.003381,0.070660
135.392571,0.465039,0.003266,0.069534
137.215539,0.465653,0.003220,0.070418
139.063328,0.467747,0.003385,0.070309
140.935285,0.466783,0.003279,0.069793
142.832572,0.464936,0.003513,0.070849
144.755456,0.463986,0.003440,0.072330
146.704310,0.464117,0.003562,0.074036
148.679447,0.463397,0.003174,0.072160
150.681233,0.463964,0.003473,0.073136
152.709751,0.464717,0.003342,0.073729
154.765621,0.462572,0.003378,0.074226
156.849099,0.461025,0.003374,0.074968
158.961183,0.463547,0.003494,0.076854
161.101361,0.462881,0.003322,0.076341
163.269856,0.461922,0.003414,0.076825
165.467945,0.462136,0.003430,0.076908
167.695848,0.461147,0.003553,0.076868
169.953554,0.460297,0.003431,0.076584
172.241614,0.460244,0.003503,0.077866
174.560727,0.459064,0.003469,0.074725
176.910566,0.456772,0.003461,0.073714
179.292093,0.458264,0.003429,0.074310
181.706381,0.457806,0.003552,0.075181
184.152533,0.457133,0.003572,0.073243
186.631924,0.456117,0.003502,0.072228
189.144487,0.457636,0.003514,0.074562
191.691033,0.456867,0.003493,0.075749
194.271720,0.455600,0.003358,0.073264
196.887431,0.458369,0.003478,0.076070
199.538269,0.456625,0.003497,0.076462
202.224520,0.456228,0.003630,0.076576
204.946913,0.454025,0.003601,0.076804
207.706043,0.452844,0.003567,0.076605
210.502514,0.455489,0.003419,0.078742
213.336800,0.453539,0.003552,0.078841
216.208938,0.451111,0.003533,0.079368
219.119783,0.452061,0.003676,0.077515
222.069810,0.451300,0.003779,0.077378
225.059567,0.452667,0.003556,0.076407
228.089363,0.453131,0.003505,0.075029
231.160263,0.454703,0.003637,0.075747
234.272320,0.452628,0.003440,0.075574
237.426868,0.451947,0.003582,0.077321
240.622944,0.450425,0.003407,0.077948
243.862900,0.449725,0.003462,0.078069
247.145784,0.452517,0.003513,0.076476
250.473244,0.451636,0.003528,0.076725
253.845337,0.451942,0.003475,0.076614
257.262700,0.452847,0.003439,0.079785
260.726350,0.452061,0.003593,0.081096
264.236557,0.449889,0.003626,0.079486
267.794195,0.451231,0.003586,0.079458
271.399704,0.450003,0.003533,0.079170
275.053508,0.448944,0.003742,0.079202
278.756783,0.449164,0.003634,0.081543
282.509271,0.447719,0.003571,0.080646
286.312942,0.443894,0.003629,0.080241
290.167760,0.445956,0.003584,0.081630
294.074672,0.445375,0.003676,0.081524
298.033603,0.443125,0.003623,0.082310
302.046155,0.442933,0.003723,0.082938
306.112523,0.440294,0.003831,0.081342
310.234162,0.441411,0.003815,0.080998
314.410929,0.438144,0.003845,0.080407
318.643625,0.439017,0.003573,0.080896
322.933654,0.436803,0.003662,0.079963
327.281502,0.438317,0.003821,0.081354
331.687796,0.438147,0.003767,0.080131
336.153444,0.437331,0.003859,0.078679
340.679009,0.435900,0.004122,0.079064
345.265600,0.438339,0.003985,0.081047
349.914307,0.440642,0.003803,0.082650
354.625298,0.438003,0.003905,0.079094
359.399478,0.440100,0.003935,0.080836
364.238333,0.439481,0.004280,0.085040
369.142270,0.441025,0.003895,0.086191
374.112144,0.437203,0.004461,0.085603
379.148816,0.439011,0.003637,0.084040
384.253388,0.439692,0.003756,0.083092
389.426630,0.439992,0.003734,0.082897
394.669579,0.440833,0.003819,0.083193
399.983170,0.439328,0.003831,0.085866
405.368531,0.438483,0.003869,0.084339
410.825810,0.440428,0.003735,0.087433
416.356825,0.438672,0.003854,0.085850
421.962409,0.435850,0.003930,0.086722
427.643751,0.436172,0.003785,0.084767
433.401180,0.433311,0.003947,0.081822
439.236299,0.435264,0.003735,0.081592
445.149547,0.435117,0.003904,0.081230
451.142725,0.438878,0.003915,0.083829
457.216612,0.437339,0.003885,0.083220
463.372228,0.436258,0.003727,0.082840
469.610743,0.438853,0.003656,0.082233
475.933277,0.438367,0.003843,0.084864
482.341178,0.436892,0.003909,0.084162
488.834968,0.434450,0.004019,0.084981
495.416456,0.437950,0.004070,0.082737
502.086508,0.440006,0.004308,0.085526
508.846118,0.437192,0.003556,0.082489
515.697050,0.434506,0.004095,0.082024
522.639760,0.435736,0.003884,0.084415
529.676195,0.433003,0.003665,0.085301
536.807700,0.435231,0.004124,0.087453
544.035127,0.436319,0.004190,0.087046
551.359584,0.436553,0.003909,0.085795
558.782569,0.437367,0.003837,0.088914
566.305750,0.435656,0.004589,0.087528
573.930221,0.435489,0.004575,0.086800
581.656889,0.437772,0.003920,0.087375
589.488272,0.433806,0.004136,0.086941
597.424644,0.437058,0.004001,0.086328
605.468043,0.434189,0.003925,0.086825
613.619654,0.434889,0.003747,0.085231
621.881027,0.432444,0.003685,0.087737
630.253817,0.433464,0.004035,0.087440
638.739089,0.434842,0.003903,0.086536
647.338544,0.434236,0.004280,0.082535
656.053632,0.436853,0.003664,0.083248
664.886670,0.434836,0.003904,0.084145
673.838220,0.433411,0.004112,0.081969
682.910336,0.437969,0.003782,0.084857
692.104458,0.436856,0.003976,0.086308
701.422721,0.437131,0.003767,0.086274
710.866424,0.436594,0.003864,0.086200
720.436949,0.435128,0.003936,0.083799
730.136362,0.433653,0.003786,0.082468
739.966519,0.437347,0.003803,0.084401
749.929065,0.434431,0.003810,0.081228
760.025554,0.432431,0.003754,0.081198
770.258138,0.433394,0.003975,0.084303
780.628532,0.434775,0.003915,0.086245
791.138277,0.435381,0.003948,0.089016
801.789736,0.433189,0.003756,0.084491
812.584510,0.436211,0.003746,0.086991
823.524945,0.434261,0.003881,0.087631
834.611976,0.435686,0.003767,0.085349
845.848783,0.436644,0.003821,0.085072
857.236952,0.436506,0.003979,0.085628
868.778407,0.432333,0.003747,0.085520
880.474898,0.431033,0.004030,0.085387
892.329310,0.430403,0.003882,0.085286
904.343008,0.433261,0.003903,0.083653
916.518537,0.433528,0.003834,0.084432
928.857730,0.433522,0.003848,0.083091
941.363968,0.429558,0.003823,0.081711
954.037401,0.430892,0.003733,0.084411
966.882064,0.432492,0.003776,0.084563
979.899756,0.433950,0.004034,0.086238
993.092287,0.437469,0.003747,0.088749
1006.463039,0.433589,0.004097,0.088217
1020.013410,0.432050,0.004067,0.091009
1033.746208,0.433194,0.003829,0.086839
1047.663958,0.428633,0.003780,0.086137
1061.769180,0.430297,0.003939,0.084943
1076.064425,0.428500,0.004273,0.085835
1090.552036,0.433828,0.004066,0.084330
1105.234180,0.435350,0.003950,0.087510
1120.114418,0.432900,0.004066,0.088409
1135.195120,0.429661,0.003958,0.090660
1150.478846,0.430897,0.004195,0.088563
1165.968499,0.432086,0.004234,0.089127
1181.666316,0.428822,0.004371,0.084870
1197.575528,0.428964,0.003973,0.086006
1213.698940,0.432861,0.004186,0.086621
1230.039378,0.429006,0.004021,0.085964
1246.599925,0.432244,0.003868,0.086173
1263.383562,0.433469,0.004145,0.087220
1280.393089,0.431844,0.003919,0.088530
1297.631825,0.431150,0.004611,0.088646
1315.101937,0.431736,0.003867,0.089035
1332.807645,0.431039,0.004025,0.086815
1350.751822,0.429908,0.003960,0.084864
1368.937767,0.432039,0.004055,0.086302
1387.368525,0.428542,0.003888,0.083468
1406.047084,0.423972,0.003736,0.085409
1424.977649,0.427844,0.004201,0.091859
1444.162765,0.429792,0.004207,0.091769
1463.606141,0.429900,0.004559,0.093948
1483.311306,0.423431,0.004320,0.093236
1503.281876,0.425644,0.004290,0.090641
1523.521295,0.430439,0.004435,0.089964
1544.032822,0.435892,0.004038,0.088221
1564.821073,0.429392,0.003857,0.087050
1585.889204,0.427403,0.004176,0.088962
1607.240503,0.430869,0.004030,0.086802
1628.879332,0.434889,0.003848,0.085774
1650.809907,0.433536,0.004219,0.087813
1673.035435,0.430183,0.003794,0.084827
1695.560435,0.431600,0.004094,0.085334
1718.388306,0.432147,0.003787,0.081294
1741.523822,0.438225,0.004231,0.086829
1764.970550,0.435553,0.003915,0.085445
1788.733250,0.434553,0.003705,0.088091
1812.815761,0.434175,0.003991,0.085908
1837.222808,0.433564,0.004689,0.090115
1861.957917,0.433400,0.004226,0.088159
1887.026547,0.430611,0.004424,0.091323
1912.432530,0.432789,0.004422,0.088982
1938.180312,0.430406,0.004141,0.089105
1964.274898,0.431811,0.004121,0.087975
1990.720780,0.430050,0.004201,0.086901
2017.522845,0.431531,0.003982,0.085012
2044.685746,0.431219,0.005941,0.086316
2072.214402,0.428389,0.006453,0.088981
2100.113349,0.431939,0.005488,0.087367
2128.388294,0.428978,0.003925,0.089576
2157.043655,0.431786,0.004203,0.091725
2186.084782,0.430892,0.004372,0.091839
2215.517308,0.430658,0.004173,0.090097
2245.345683,0.432581,0.004080,0.089972
2275.575992,0.427814,0.004085,0.090465
2306.212919,0.428825,0.004034,0.091286
2337.262845,0.428308,0.004125,0.093154
2368.730380,0.427944,0.004420,0.091858
2400.621676,0.431253,0.004002,0.087923
2432.942644,0.431194,0.003972,0.086396
2465.698335,0.434033,0.004079,0.087211
2498.894965,0.436911,0.003867,0.087163
2532.538786,0.435444,0.004077,0.083222
2566.635550,0.435450,0.004104,0.086029
2601.191686,0.431789,0.004437,0.092520
2636.212717,0.427858,0.004001,0.086555
2671.705308,0.429847,0.004066,0.089759
2707.675551,0.428467,0.004078,0.088911
2744.130522,0.429642,0.004004,0.087270
2781.075957,0.428358,0.004528,0.089426
2818.518621,0.434317,0.003957,0.085887
2856.465839,0.432453,0.004086,0.085782
2894.923812,0.434989,0.004393,0.087187
2933.899652,0.436272,0.003914,0.084612
2973.400313,0.436094,0.004273,0.088639
3013.432576,0.433175,0.004395,0.088053
3054.003503,0.436633,0.004076,0.085094
3095.121160,0.438869,0.003861,0.085376
3136.792036,0.440242,0.003703,0.085948
3179.024367,0.436192,0.003809,0.086373
3221.825117,0.438358,0.004004,0.083561
3265.201991,0.433553,0.003762,0.082757
3309.163065,0.436567,0.003800,0.085525
3353.715907,0.433358,0.003913,0.084865
3398.868777,0.432575,0.004449,0.084041
3444.629344,0.433942,0.003881,0.089872
3491.005956,0.430211,0.004119,0.089401
3538.006704,0.436100,0.004089,0.085537
3585.640592,0.432147,0.003831,0.085425
3633.916187,0.429225,0.004016,0.090295
3682.841264,0.426811,0.004092,0.083424
3732.425195,0.429119,0.003821,0.083953
3782.676733,0.428672,0.004090,0.083435
3833.604736,0.432092,0.004032,0.087360
3885.218158,0.433106,0.003763,0.083302
3937.527021,0.434403,0.004074,0.084796
3990.539572,0.434519,0.003869,0.084131
4044.266359,0.433314,0.003802,0.085636
4098.716062,0.432364,0.003869,0.086925
4153.899310,0.434828,0.003757,0.082189
4209.825179,0.426811,0.004060,0.087067
4266.504334,0.424117,0.004026,0.090671
4323.946116,0.427331,0.004404,0.087280
4382.161441,0.427750,0.003830,0.085545
4441.160480,0.426589,0.003805,0.088083
4500.954067,0.430806,0.003797,0.089638
4561.552410,0.433867,0.003839,0.081288
4622.967346,0.437011,0.004055,0.087065
4685.208383,0.431122,0.003909,0.088304
4748.287486,0.430686,0.003724,0.084664
4812.215983,0.430308,0.003969,0.088105
-nan,0.435550,-nan,0.085634
4942.667101,0.430625,0.003801,0.084552
5009.212430,0.430078,0.003977,0.086714
5076.653790,0.435375,0.003964,0.080685
5145.003347,0.432725,0.003916,0.085709
-nan,0.429061,-nan,0.084140
5284.475534,0.429456,0.004128,0.086049
5355.622699,0.431142,0.003983,0.083263
5427.728338,0.429983,0.003992,0.086056
5500.804422,0.431244,0.004237,0.084740
5574.863907,0.434825,0.003848,0.084871
5649.921400,0.431611,0.003884,0.086755
5725.989119,0.432292,0.004076,0.086622
5803.080861,0.430456,0.003795,0.086094
5881.210858,0.432236,0.004131,0.088631
5960.392256,0.434206,0.003755,0.087657
6040.640136,0.431039,0.003975,0.083804
6121.968160,0.433628,0.003972,0.089565
6204.391039,0.427467,0.004222,0.085822
6287.924322,0.431778,0.004598,0.085777
6372.581572,0.434739,0.004701,0.087284
6458.378653,0.429897,0.004351,0.090646
6545.330998,0.427406,0.004053,0.092050
6633.454293,0.427853,0.004022,0.088480
6722.763442,0.431067,0.004361,0.085958
6813.275351,0.430244,0.003871,0.086089
6905.005722,0.434308,0.003772,0.088040
6997.971392,0.434983,0.003864,0.082843
7092.188334,0.435306,0.003650,0.085435
7187.674073,0.435131,0.003771,0.086913
7284.445312,0.441983,0.003823,0.085233
7382.519231,0.432431,0.004159,0.089252
7481.914108,0.430981,0.004271,0.082207
7582.646619,0.432703,0.003922,0.084848
7684.735597,0.425278,0.004060,0.086948
7788.198970,0.428681,0.003879,0.085907
7893.055508,0.428453,0.003924,0.086944
7999.323816,0.429944,0.004169,0.087241
8107.022403,0.429542,0.003939,0.086587
8216.171024,0.431592,0.004595,0.088818
8326.789783,0.435719,0.003956,0.083947
8438.897324,0.433047,0.004015,0.087016
8552.514193,0.436275,0.003699,0.083399
8667.660993,0.435256,0.003866,0.085495
8784.357145,0.437508,0.031166,0.084424
8902.626086,0.437017,-nan,0.083411
9022.486442,0.434217,-nan,0.083714
9143.960950,0.434319,-nan,0.086197
9267.070413,0.432542,-nan,0.087263
9391.838084,0.423575,-nan,0.088492
9518.284999,0.431761,-nan,0.088206
9646.434203,0.427203,-nan,0.089634
9776.309000,0.429883,-nan,0.084899
9907.932095,0.433297,-nan,0.084158
10041.327753,0.433294,-nan,0.084436
10176.519193,0.430944,-nan,0.086779
10313.530424,0.432264,-nan,0.087737
10452.386586,0.432542,-nan,0.085407
10593.112341,0.429894,-nan,0.084748
10735.732640,0.435572,-nan,0.086647
10880.273353,0.430542,-nan,0.085388
11026.759784,0.430975,-nan,0.086238
11175.218474,0.430042,-nan,0.090530
11325.676176,0.427681,-nan,0.086617
11478.159148,0.427703,-nan,0.088119
11632.695446,0.424542,-nan,0.089735
11789.312511,0.425839,-nan,0.088169
11948.037726,0.420561,-nan,0.093013
12108.900352,0.426917,-nan,0.091415
12271.928425,0.426939,-nan,0.090563
12437.151436,0.429917,-nan,0.093608
12604.598944,0.432172,-nan,0.091927
12774.300843,0.428619,-nan,0.089007
12946.287531,0.431186,-nan,0.092014
13120.590047,0.434400,-nan,0.087406
13297.239082,0.432133,-nan,0.087383
13476.266394,0.430478,-nan,0.092610
13657.704283,0.424003,-nan,0.093372
13841.584501,0.433961,-nan,0.088584
14027.940893,0.427825,-nan,0.091905
14216.806162,0.428161,-nan,0.086356
14408.214116,0.431789,-nan,0.085374
14602.198636,0.429528,-nan,0.089207
14798.795705,0.430919,-nan,0.088111
14998.039192,0.430750,-nan,0.090061
15199.965331,0.428906,-nan,0.088923
15404.609870,0.434661,-nan,0.088513
15612.009935,0.434286,-nan,0.089857
15822.202077,0.436181,-nan,0.088457
16035.224438,0.429161,-nan,0.082585
16251.114474,0.431828,-nan,0.085674
16469.911608,0.431461,-nan,0.088056
16691.654282,0.430381,-nan,0.082022
16916.382275,0.431428,-nan,0.084942
17144.136243,0.426317,-nan,0.091367
17374.956435,0.428178,-nan,0.087329
17608.883796,0.428761,-nan,0.089006
17845.961173,0.426794,-nan,0.085923
18086.230066,0.437817,-nan,0.085901
18329.734047,0.436828,-nan,0.086546
18576.516998,0.426072,-nan,0.088934
18826.621484,0.431967,-nan,0.088828
19080.093783,0.427858,-nan,0.086516
19336.978629,0.433897,-nan,0.083900
19597.322348,0.431386,-nan,0.084559
19861.170821,0.425681,-nan,0.087991
20128.571447,0.435547,-nan,0.083132
20399.522538,0.427222,-nan,0.085780
20674.222393,0.434247,-nan,0.091852
20952.569836,0.432531,-nan,0.086894
21234.408941,0.425608,-nan,0.087857
21520.557623,0.429367,-nan,0.092433
21810.299560,0.435269,-nan,0.087430
22103.942831,0.430283,-nan,0.089278
22401.539172,0.431950,-nan,0.087605
22703.142300,0.434186,-nan,0.090799
23008.806377,0.427058,-nan,0.088743
23318.585135,0.425244,-nan,0.087000
23632.534989,0.430597,-nan,0.095990
23950.711592,0.428769,-nan,0.087510
24273.172268,0.421178,-nan,0.092662
24599.974299,0.425869,-nan,0.095354
24931.176092,0.426181,-nan,0.087108
25266.836645,0.428572,-nan,0.092390
25606.730257,0.425850,-nan,0.087384
25951.777015,0.430233,-nan,0.091514
26301.178846,0.430492,-nan,0.092518
26655.284998,0.429467,-nan,0.093306
27014.158443,0.430233,-nan,0.094243
27377.863570,0.428481,-nan,0.095510
27746.465340,0.433494,-nan,0.088789
28120.029952,0.431744,-nan,0.091865
28498.624085,0.429967,-nan,0.090991
28882.315431,0.429200,-nan,0.092243
29271.172446,0.435917,-nan,0.089417
29665.265066,0.432581,-nan,0.082701
30064.663310,0.434508,-nan,0.087927
30469.439390,0.427478,-nan,0.089280
30879.664315,0.429200,-nan,0.092157
31295.413113,0.428403,-nan,0.089957
31716.759205,0.426994,-nan,0.096491
32143.113886,0.424531,-nan,0.093219
32576.545401,0.432383,-nan,0.095376
33015.139774,0.428444,-nan,0.093788
33459.639469,0.431086,-nan,0.096152
33910.123807,0.428958,-nan,0.098984
34366.173683,0.427869,-nan,0.094787
34829.367976,0.428686,-nan,0.095600
35298.293386,0.427586,-nan,0.094543
35773.531912,0.426461,-nan,0.096720
36255.169266,0.427761,-nan,0.093618
36743.290423,0.428936,-nan,0.095424
37237.984193,0.427006,-nan,0.093429
37739.337813,0.426019,-nan,0.096458
38247.441546,0.423142,-nan,0.093454
38762.385892,0.427794,-nan,0.094189
39284.263765,0.422908,-nan,0.092538
39813.167686,0.424647,-nan,0.094447
40349.192040,0.429092,-nan,0.097643
40892.433540,0.424025,-nan,0.088929
41442.988932,0.422881,-nan,0.094206
42000.956548,0.431197,-nan,0.091169
42566.436891,0.425675,-nan,0.093507
43139.530210,0.427475,-nan,0.095728
43720.339266,0.430567,-nan,0.093755
44308.968152,0.430344,-nan,0.091078
44905.522231,0.426406,-nan,0.095462
45510.107919,0.435733,-nan,0.093135
46122.833126,0.429989,-nan,0.095875
46743.808472,0.425767,-nan,0.095390
47373.144056,0.427281,-nan,0.090781
48010.952361,0.429797,-nan,0.093622
48657.347977,0.430011,-nan,0.093949
49312.446639,0.426389,-nan,0.093737
49976.364924,0.423733,-nan,0.099924
50649.221825,0.426567,-nan,0.094757
51331.137339,0.435392,-nan,0.091614
52022.234464,0.431764,-nan,0.096217
52722.636133,0.426047,-nan,0.092440
53432.467403,0.426100,-nan,0.095971
54151.855924,0.424019,-nan,0.096532
54880.929628,0.431478,-nan,0.098168
55619.819278,0.426297,-nan,0.093164
56368.656843,0.432364,-nan,0.091226
57127.576505,0.426722,-nan,0.093995
57896.603519,0.430014,-nan,0.096181
58676.206185,0.431067,-nan,0.093475
59466.193740,0.430617,-nan,0.098261
60266.817261,0.423800,-nan,0.097325
61078.219787,0.427667,-nan,0.093926
61900.008007,0.424450,-nan,0.099943
62733.944610,0.429033,-nan,0.096526
63578.563286,0.426694,-nan,0.102664
64434.553800,0.424758,-nan,0.094332
65302.069001,0.423989,-nan,0.100140
66181.263105,0.428728,-nan,0.101355
67072.295128,0.427544,-nan,0.095521
67974.312449,0.429133,-nan,0.098091
68890.509145,0.425519,-nan,0.095879
69818.016781,0.431967,-nan,0.099053
70758.011984,0.426653,-nan,0.095405
71710.662907,0.435472,-nan,0.099994
72676.140086,0.420461,-nan,0.100896
73654.615508,0.422561,-nan,0.096710
74646.264314,0.431811,-nan,0.098908
75651.264846,0.428569,-nan,0.099459
76669.796050,0.430217,-nan,0.101353
77702.039632,0.421511,-nan,0.104444
78748.181449,0.428492,-nan,0.100966
79807.540653,0.422542,-nan,0.101423
80881.977014,0.417292,-nan,0.101564
81971.876501,0.424486,-nan,0.101876
83075.504995,0.426744,-nan,0.102153
84193.992582,0.428631,-nan,0.100019
85327.538821,0.429481,-nan,0.101727
86476.346438,0.423508,-nan,0.100252
87639.152349,0.425386,-nan,0.105601
88820.571084,0.422442,-nan,0.103111
90016.407385,0.419944,-nan,0.107958
91228.343467,0.425469,-nan,0.103957
92456.596803,0.419342,-nan,0.103308
93701.279165,0.426858,-nan,0.100592
94962.935743,0.420861,-nan,0.106890
96240.884589,0.419672,-nan,0.108476
97537.216951,0.426861,-nan,0.106859
98850.409744,0.416450,-nan,0.104936
100180.323620,0.419858,-nan,0.107470
101530.073952,0.423306,-nan,0.106845
102897.024444,0.426769,-nan,0.106377
104281.422182,0.417697,-nan,0.107613
105686.385333,0.420758,-nan,0.105378
107109.294366,0.424461,-nan,0.109506
108551.360700,0.423231,-nan,0.112103
110012.842556,0.422639,-nan,0.107922
111494.001066,0.422311,-nan,0.108039
112995.100960,0.421528,-nan,0.108152
114516.013212,0.419461,-nan,0.109057
116058.203793,0.420600,-nan,0.109769
117620.753658,0.424844,-nan,0.109011
119204.341235,0.426292,-nan,0.111416
120809.249534,0.423922,-nan,0.107832
122435.765273,0.425658,-nan,0.107706
124084.180141,0.414347,-nan,0.106533
125754.697521,0.419339,-nan,0.108010
127447.888104,0.425075,-nan,0.109265
129163.764768,0.422783,-nan,0.109339
130902.780354,0.425703,-nan,0.110688
132665.190675,0.417253,-nan,0.110253
134451.329196,0.426058,-nan,0.114986
136259.098807,0.424644,-nan,0.112000
138096.072760,0.424000,-nan,0.110351
139955.330089,0.416011,-nan,0.113199
141839.619146,0.420000,-nan,0.111659
143749.277839,0.414536,-nan,0.110491
145684.646827,0.414836,-nan,0.111081
147646.072616,0.416514,-nan,0.108878
149633.490662,0.416803,-nan,0.113033
151647.198373,0.414172,-nan,0.115078
153686.752314,0.420361,-nan,0.116696
155756.677631,0.413667,-nan,0.117736
157856.500676,0.411919,-nan,0.117345
159981.802413,0.416467,-nan,0.114566
162135.718130,0.414500,-nan,0.119413
164318.632894,0.415394,-nan,0.117709
166530.937906,0.416208,-nan,0.118848
168773.027909,0.417131,-nan,0.117549
171045.304369,0.413561,-nan,0.118384
173343.195247,0.416767,-nan,0.119710
175680.239055,0.411683,-nan,0.121637
178045.367019,0.408894,-nan,0.118157
180444.485220,0.411722,-nan,0.120482
182873.900530,0.412694,-nan,0.121295
185333.737850,0.406525,-nan,0.122705
187831.296619,0.409392,-nan,0.119605
190360.164411,0.411303,-nan,0.122816
192921.487125,0.419806,-nan,0.121150
195520.190027,0.408639,-nan,0.121071
198151.774360,0.410108,-nan,0.125406
200820.723661,0.412472,-nan,0.122280
203518.011577,0.404567,-nan,0.125864
206264.627164,0.415461,-nan,0.126239
209040.284144,0.412797,-nan,0.127226
211853.065653,0.412831,-nan,0.132816
214707.200160,0.410636,-nan,0.130646
217597.157535,0.408367,-nan,0.127718
220528.806972,0.407978,-nan,0.127663
223497.897398,0.413831,-nan,0.131603
226506.962831,0.408653,-nan,0.130514
229556.540466,0.407175,-nan,0.129924
232647.175773,0.407317,-nan,0.126776
235779.422549,0.407286,-nan,0.130477
238953.840082,0.412653,-nan,0.131943
242170.759849,0.410814,-nan,0.131183
245431.466533,0.410367,-nan,0.130177
248735.834277,0.405997,-nan,0.129739
252073.991495,0.404350,-nan,0.132356
255471.260372,0.407272,-nan,0.134694
258918.271942,0.406342,-nan,0.133687
262404.219187,0.404822,-nan,0.130841
265937.099759,0.404144,-nan,0.130501
269517.545494,0.405456,-nan,0.132077
273143.248862,0.404528,-nan,0.133011
276821.303683,0.405594,-nan,0.137637
280541.924603,0.399692,-nan,0.137871
284327.605353,0.406286,-nan,0.138102
288155.965531,0.400700,-nan,0.135198
292035.164787,0.406711,-nan,0.133326
295967.376678,0.401686,-nan,0.134724
299952.134998,0.404797,-nan,0.137125
303989.746055,0.409000,-nan,0.139727
308082.747838,0.406717,-nan,0.135600
312231.201652,0.400756,-nan,0.136846
316434.927961,0.401500,-nan,0.136642
320695.251361,0.403247,-nan,0.136266
325010.843574,0.402725,-nan,0.136856
329387.316930,0.400175,-nan,0.137577
333823.099633,0.403172,-nan,0.138849
338317.908107,0.403061,-nan,0.136383
342872.239251,0.396633,-nan,0.138386
347489.123633,0.396322,-nan,0.138662
352161.324099,0.396575,-nan,0.139395
356908.954941,0.400425,-nan,0.138448
361714.200314,0.403164,-nan,0.140386
366578.073628,0.395264,-nan,0.141933
371513.907168,0.395911,-nan,0.140583
376521.605292,0.397950,-nan,0.140102
381590.906124,0.399036,-nan,0.143752
386719.775659,0.393767,-nan,0.141700
391929.291794,0.399736,-nan,0.146634
397211.209236,0.397722,-nan,0.144346
402559.865368,0.396981,-nan,0.147538
407972.645476,0.390608,-nan,0.145997
413472.569273,0.393653,-nan,0.147829
419039.359274,0.398144,-nan,0.145876
424678.652764,0.394231,-nan,0.144827
430398.794037,0.394697,-nan,0.147734
436193.470360,0.396064,-nan,0.145125
442060.519268,0.392281,-nan,0.146758
448017.130177,0.397122,-nan,0.147950
454049.815293,0.392975,-nan,0.147975
460158.372502,0.389308,-nan,0.147678
466343.975176,0.391414,-nan,0.149315
472628.831930,0.389242,-nan,0.148211
479000.493407,0.388572,-nan,0.148861
485449.519122,0.388400,-nan,0.148517
491966.039594,0.391228,-nan,0.152083
498609.218976,0.392192,-nan,0.152046
505322.246683,0.392194,-nan,0.151307
512118.501790,0.391817,-nan,0.153254
519015.029838,0.392217,-nan,0.153988
526008.499553,0.391000,-nan,0.153066
533072.259885,0.387281,-nan,0.152696
540252.970924,0.386586,-nan,0.153485
547533.403375,0.389014,-nan,0.156317
554913.408959,0.388169,-nan,0.157923
562372.045108,0.382967,-nan,0.156783
569956.155224,0.388378,-nan,0.156504
577629.763090,0.386467,-nan,0.155285
585406.357446,0.386050,-nan,0.156752
593282.020557,0.384500,-nan,0.158566
601266.460058,0.381258,-nan,0.158456
609371.333712,0.381192,-nan,0.158310
617547.758362,0.382161,-nan,0.161710
625879.136013,0.381983,-nan,0.162377
