0.000000,0.995000,0.000000,0.000000
1.002937,0.849381,0.001711,0.025920
1.015545,0.848150,0.001696,0.025653
1.028365,0.847042,0.001678,0.026101
1.041269,0.845692,0.001679,0.025952
1.054520,0.844292,0.001725,0.025955
1.067852,0.842942,0.001698,0.026146
1.081226,0.841619,0.001739,0.025840
1.094970,0.840250,0.001753,0.025852
1.108799,0.838969,0.001709,0.025722
1.122715,0.837108,0.001723,0.025779
1.136785,0.836188,0.001728,0.025856
1.151311,0.834965,0.001772,0.025780
1.165667,0.833750,0.001696,0.025696
1.180309,0.832704,0.001765,0.025672
1.195268,0.831427,0.001739,0.025840
1.210243,0.830162,0.001763,0.026279
1.225633,0.828831,0.001757,0.026014
1.241077,0.827731,0.001744,0.026302
1.256847,0.826296,0.001762,0.026650
1.272585,0.825008,0.001770,0.026700
1.288634,0.823473,0.001702,0.026563
1.305071,0.822523,0.001805,0.026465
1.321258,0.821627,0.001766,0.026304
1.338034,0.820535,0.001743,0.026072
1.354968,0.819308,0.001774,0.026098
1.372038,0.817488,0.001733,0.026083
1.389448,0.816573,0.001725,0.026025
1.407051,0.815277,0.001819,0.026374
1.424764,0.814354,0.001858,0.026426
1.442567,0.813223,0.001798,0.026796
1.460752,0.812362,0.001748,0.027042
1.479242,0.810454,0.001760,0.026937
1.497847,0.808919,0.001779,0.026953
1.516815,0.807562,0.001778,0.027029
1.535892,0.805862,0.001773,0.026990
1.555193,0.804758,0.001825,0.027486
1.574893,0.803142,0.001823,0.027539
1.594835,0.801665,0.001852,0.027845
1.615007,0.800173,0.001828,0.028094
1.635276,0.798769,0.001791,0.027783
1.656056,0.797373,0.001853,0.028201
1.676875,0.795900,0.001759,0.028481
1.698053,0.794208,0.001888,0.028942
1.719565,0.793373,0.001822,0.029459
1.741207,0.792123,0.001815,0.029595
1.763235,0.790796,0.001828,0.029667
1.785362,0.789746,0.001812,0.030191
1.808006,0.788258,0.001837,0.030545
1.830847,0.787169,0.001792,0.030725
1.853909,0.786012,0.001935,0.030690
1.877279,0.784942,0.001795,0.031625
1.901082,0.783627,0.001878,0.031724
1.924971,0.782031,0.001890,0.031622
1.949298,0.780915,0.001872,0.031562
1.973925,0.779469,0.001837,0.031935
1.998827,0.778181,0.001889,0.032189
2.024034,0.776719,0.001842,0.032047
2.049613,0.776008,0.001818,0.032032
2.075371,0.774569,0.001854,0.031944
2.101623,0.773242,0.001869,0.031902
2.128136,0.772146,0.001891,0.031653
2.155072,0.770554,0.001863,0.031682
2.182168,0.768912,0.001826,0.032009
2.209850,0.767750,0.001885,0.032170
2.237758,0.766423,0.001893,0.032584
2.266021,0.765854,0.001922,0.032430
2.294693,0.764169,0.001877,0.033122
2.323466,0.763135,0.001911,0.033042
2.353004,0.762204,0.001972,0.033137
2.382498,0.761035,0.001818,0.033464
2.412683,0.760077,0.001931,0.033914
2.443216,0.758592,0.001921,0.033978
2.473980,0.756912,0.001872,0.034058
2.505290,0.755681,0.001948,0.033781
2.536898,0.754915,0.001864,0.033149
2.568976,0.753615,0.001902,0.032316
2.601242,0.751969,0.001918,0.032713
2.634343,0.750423,0.001914,0.033354
2.667708,0.748946,0.001979,0.033004
2.701200,0.747258,0.001958,0.033385
2.735452,0.746000,0.001932,0.033751
2.769979,0.744362,0.001988,0.034058
2.804921,0.742988,0.001899,0.033904
2.840250,0.741485,0.002005,0.033668
2.876176,0.740065,0.001973,0.033561
2.912488,0.738523,0.001987,0.033896
2.949370,0.736523,0.001899,0.034255
2.986467,0.735042,0.002019,0.034412
3.024351,0.733823,0.001955,0.034704
3.062162,0.732588,0.001987,0.034788
3.101080,0.730635,0.001941,0.034922
3.140298,0.729550,0.001966,0.034684
3.179747,0.728150,0.001983,0.035235
3.220016,0.727246,0.002020,0.035205
3.260714,0.725900,0.001966,0.034969
3.301913,0.725092,0.001972,0.034701
3.343549,0.724335,0.002051,0.034818
3.385872,0.722777,0.002044,0.035465
3.428691,0.721458,0.001996,0.035602
3.471943,0.719977,0.002044,0.035383
3.515846,0.718192,0.001970,0.036046
3.560037,0.717458,0.001956,0.035949
3.605035,0.715758,0.002000,0.036044
3.650818,0.714465,0.002040,0.036877
3.696913,0.713662,0.002061,0.036839
3.743388,0.712662,0.002113,0.036868
3.790612,0.711600,0.001995,0.037240
3.838769,0.710631,0.002055,0.037455
3.887234,0.709050,0.002019,0.037529
3.936449,0.708223,0.001981,0.037738
3.986014,0.706508,0.002113,0.037979
4.036229,0.705162,0.002088,0.037538
4.087368,0.703619,0.002098,0.038305
4.139021,0.702735,0.002170,0.038104
4.191198,0.701619,0.002145,0.038326
4.244164,0.700062,0.002133,0.038953
4.297880,0.698988,0.002203,0.039092
4.351974,0.697327,0.002060,0.038944
4.407252,0.696246,0.002030,0.038609
4.462789,0.695304,0.002179,0.038485
4.519290,0.694262,0.002037,0.039136
4.576463,0.692142,0.002068,0.039631
4.634245,0.690696,0.002086,0.039922
4.692666,0.688981,0.002074,0.039557
4.752142,0.688462,0.002033,0.039869
4.812011,0.686892,0.002101,0.040241
4.872553,0.685685,0.002218,0.040855
4.934264,0.684504,0.002157,0.040816
4.996475,0.682738,0.002084,0.041085
5.059730,0.681015,0.002173,0.040943
5.123709,0.680519,0.002149,0.041256
5.188498,0.679300,0.002173,0.041314
5.254048,0.678042,0.002147,0.041256
5.320324,0.677473,0.002310,0.041005
5.387742,0.676127,0.002200,0.041115
5.455891,0.674669,0.002136,0.041455
5.524660,0.674085,0.002197,0.041841
5.594455,0.672573,0.002116,0.041814
5.665052,0.671473,0.002190,0.042514
5.736463,0.670062,0.002061,0.042366
5.809303,0.669573,0.002217,0.041831
5.882499,0.667627,0.002281,0.041595
5.956849,0.667381,0.002270,0.041045
6.032119,0.666042,0.002308,0.040947
6.108354,0.664492,0.002247,0.040686
6.185532,0.663935,0.002156,0.041170
6.263580,0.662527,0.002287,0.040699
6.342782,0.660515,0.002224,0.041524
6.423045,0.659838,0.002212,0.042634
6.504147,0.659365,0.002223,0.042724
6.586336,0.658127,0.002214,0.043000
6.669421,0.656665,0.002192,0.043158
6.753897,0.655104,0.002187,0.043201
6.839284,0.654881,0.002215,0.043528
6.925565,0.653265,0.002291,0.043490
7.012908,0.652469,0.002199,0.043013
7.101695,0.651215,0.002308,0.042964
7.191276,0.649658,0.002254,0.043157
7.282167,0.648954,0.002183,0.042827
7.374576,0.647223,0.002351,0.042810
7.467552,0.646504,0.002248,0.043053
7.561718,0.645923,0.002317,0.042449
7.657415,0.645685,0.002264,0.042759
7.754161,0.645200,0.002257,0.042843
7.852101,0.643988,0.002278,0.043113
7.951382,0.642938,0.002239,0.043570
8.051866,0.640977,0.002274,0.044172
8.153367,0.640592,0.002328,0.043966
8.256450,0.639527,0.002287,0.044118
8.361047,0.638023,0.002345,0.044593
8.466457,0.636927,0.002228,0.044767
8.573576,0.636223,0.002251,0.044647
8.681953,0.635081,0.002279,0.044056
8.791335,0.634165,0.002324,0.045342
8.902890,0.633604,0.002332,0.045663
9.015397,0.631888,0.002307,0.045961
9.129051,0.629977,0.002274,0.045141
9.244591,0.629262,0.002397,0.045049
9.361339,0.627788,0.002317,0.044819
9.479715,0.625773,0.002357,0.045573
9.599614,0.624631,0.002334,0.045815
9.720778,0.623158,0.002355,0.045965
9.843855,0.621738,0.002474,0.045735
9.968009,0.620962,0.002310,0.045234
10.094014,0.619542,0.002431,0.044644
10.221514,0.618181,0.002472,0.045049
10.350914,0.617846,0.002408,0.045523
10.481622,0.617012,0.002358,0.045793
10.614185,0.616035,0.002479,0.046067
10.748067,0.613535,0.002378,0.045585
10.884051,0.612562,0.002397,0.046176
11.021595,0.613015,0.002466,0.046329
11.160773,0.612827,0.002428,0.046567
11.302023,0.611350,0.002349,0.046507
11.444830,0.610719,0.002413,0.046494
11.589432,0.608942,0.002473,0.046483
11.735784,0.606892,0.002497,0.045819
11.884240,0.605858,0.002379,0.046655
12.034358,0.605565,0.002494,0.046951
12.186491,0.604323,0.002356,0.046119
12.340453,0.603365,0.002402,0.046028
12.496461,0.600519,0.002385,0.047230
12.654474,0.598908,0.002458,0.046861
12.814558,0.597350,0.002519,0.047255
12.976296,0.596404,0.002457,0.047459
13.140130,0.595262,0.002489,0.047288
13.306467,0.594588,0.002551,0.047562
13.474484,0.594250,0.002548,0.047776
13.644852,0.593112,0.002493,0.048077
13.817422,0.592292,0.002369,0.049468
13.992004,0.590719,0.002591,0.049001
14.168706,0.589577,0.002483,0.049531
14.347624,0.588904,0.002499,0.051206
14.529350,0.586462,0.002503,0.051103
14.712725,0.585758,0.002536,0.050884
14.898668,0.584185,0.002417,0.050841
15.086739,0.584085,0.002397,0.051735
15.277908,0.582731,0.002493,0.050955
15.470834,0.582458,0.002626,0.051769
15.666346,0.581704,0.002566,0.052346
15.864363,0.581508,0.002650,0.052873
16.064935,0.581358,0.002629,0.053598
16.267916,0.579877,0.002641,0.052992
16.473781,0.579273,0.002522,0.052685
16.681720,0.578877,0.002480,0.052721
16.892547,0.578662,0.002465,0.052946
17.106157,0.577073,0.002415,0.051488
17.322622,0.574458,0.002482,0.052414
17.541202,0.574246,0.002482,0.053028
17.763104,0.573996,0.002601,0.052422
17.987319,0.573223,0.002492,0.052711
18.214923,0.572523,0.002528,0.051848
18.444839,0.572250,0.002627,0.052638
18.678169,0.570996,0.002595,0.052157
18.914360,0.570469,0.002580,0.052238
19.153369,0.570777,0.002622,0.051889
19.395623,0.570112,0.002595,0.050946
19.640629,0.569373,0.002574,0.050973
19.889171,0.568523,0.002634,0.050397
20.139970,0.567338,0.002604,0.051692
20.394665,0.565188,0.002592,0.051383
20.652689,0.562969,0.002634,0.051512
20.913676,0.562173,0.002665,0.052534
21.177821,0.561108,0.002727,0.051758
21.445618,0.559381,0.002701,0.052267
21.716691,0.558081,0.002627,0.051995
21.991193,0.557281,0.002621,0.052766
22.268922,0.557131,0.002689,0.052551
22.550786,0.555627,0.002692,0.053078
22.835891,0.555269,0.002636,0.053242
23.124472,0.555850,0.002648,0.053565
23.416538,0.556969,0.002675,0.052391
23.712425,0.556273,0.002606,0.052866
24.012188,0.555115,0.002656,0.053044
24.315545,0.556054,0.002629,0.054176
24.622991,0.555446,0.002580,0.054119
24.934247,0.552835,0.002664,0.053417
25.249501,0.551012,0.002792,0.054278
25.568811,0.551246,0.002691,0.053607
25.891702,0.549935,0.002727,0.053151
26.219095,0.549177,0.002658,0.053856
26.550321,0.547777,0.002620,0.055075
26.885942,0.546831,0.002598,0.054340
27.226256,0.546338,0.002715,0.054443
27.570215,0.545485,0.002756,0.055977
27.918427,0.544085,0.002821,0.055117
28.271556,0.542869,0.002714,0.056094
28.628800,0.544042,0.002615,0.055412
28.990777,0.543962,0.002814,0.056205
29.357389,0.542604,0.002839,0.055079
29.728300,0.541973,0.002803,0.053804
30.103901,0.541550,0.002782,0.053389
30.484627,0.541069,0.002774,0.052875
30.869889,0.539342,0.002855,0.054461
31.260428,0.538646,0.002799,0.054468
31.655088,0.537273,0.002769,0.054677
32.055471,0.536831,0.002829,0.056458
32.460613,0.534765,0.002753,0.055295
32.871018,0.532838,0.002951,0.055078
33.286469,0.532046,0.002716,0.055021
33.707085,0.530300,0.002796,0.055564
34.133313,0.528908,0.002800,0.055754
34.564781,0.528123,0.002802,0.057056
35.001479,0.525465,0.002898,0.057911
35.444044,0.526750,0.002845,0.058390
35.892140,0.526465,0.002875,0.057602
36.345671,0.525119,0.002906,0.058074
36.805267,0.522569,0.002784,0.058266
37.270562,0.521619,0.002840,0.056991
37.741385,0.522165,0.002940,0.057836
38.218738,0.521523,0.002957,0.057290
38.701810,0.522150,0.002878,0.057275
39.190856,0.519977,0.002817,0.056793
39.686432,0.519546,0.002980,0.056856
40.188201,0.519396,0.002877,0.057392
40.695893,0.518273,0.002908,0.059691
41.210371,0.517281,0.002980,0.058251
41.731283,0.518996,0.002797,0.059722
42.258830,0.519588,0.002919,0.060531
42.793023,0.517885,0.002977,0.061491
43.334031,0.515365,0.002820,0.062656
43.881615,0.513212,0.002947,0.062881
44.436518,0.510981,0.003002,0.063976
44.998163,0.511392,0.003052,0.064457
45.567317,0.511400,0.002991,0.065794
46.143263,0.510600,0.002812,0.064436
46.726215,0.509462,0.002960,0.063297
47.317131,0.508031,0.002887,0.062911
47.915301,0.508200,0.003125,0.064184
48.520609,0.507846,0.002971,0.064448
49.134058,0.507081,0.003052,0.064848
49.755363,0.505692,0.003080,0.064245
50.384212,0.503812,0.003053,0.067990
51.021200,0.503662,0.003188,0.066075
51.665706,0.503819,0.002998,0.066058
52.319069,0.504392,0.003011,0.067087
52.980629,0.504381,0.003157,0.067778
53.650209,0.502023,0.003102,0.066629
54.328309,0.497919,0.003121,0.065962
55.015382,0.497281,0.003128,0.064936
55.710788,0.496738,0.003115,0.065334
56.414554,0.495327,0.003047,0.065583
57.128193,0.494150,0.003169,0.063916
57.850157,0.496092,0.003180,0.065100
58.581399,0.495262,0.003198,0.065895
59.322118,0.495465,0.003127,0.066001
60.071761,0.496073,0.003109,0.065655
60.831249,0.495073,0.003082,0.066728
61.600157,0.495042,0.003055,0.066767
62.378865,0.494746,0.003181,0.066356
63.167674,0.495185,0.003102,0.066645
63.965797,0.494027,0.002989,0.067284
64.774418,0.493954,0.003141,0.067840
65.593126,0.495038,0.003098,0.067999
66.422429,0.493669,0.003180,0.068323
67.262062,0.494077,0.003070,0.067436
68.112553,0.491665,0.003287,0.067233
68.973319,0.491415,0.002975,0.067774
69.845202,0.492435,0.003179,0.067945
70.728252,0.491623,0.003221,0.069045
71.622207,0.492115,0.003212,0.067305
72.527688,0.491385,0.003161,0.066300
73.444357,0.489281,0.003232,0.067240
74.372838,0.487688,0.003228,0.065942
75.312952,0.485458,0.003112,0.066210
76.265274,0.485423,0.003334,0.066056
77.229384,0.486077,0.003045,0.065921
78.205438,0.484719,0.003091,0.065035
79.194004,0.484777,0.003129,0.067228
80.195604,0.484419,0.003188,0.065375
81.209173,0.482377,0.003134,0.064568
82.235787,0.484265,0.003099,0.064792
83.275174,0.480381,0.003197,0.064658
84.327868,0.480792,0.003167,0.065694
85.393926,0.480077,0.003183,0.066946
86.473305,0.478531,0.003113,0.066182
87.566575,0.476854,0.003183,0.066335
88.673594,0.477065,0.003281,0.069064
89.794363,0.478546,0.003224,0.067183
90.929346,0.479027,0.003100,0.065357
92.078946,0.478815,0.003168,0.067447
93.243145,0.476642,0.003256,0.067945
94.421874,0.475892,0.003174,0.067508
95.615341,0.475731,0.003231,0.065591
96.824223,0.474665,0.003120,0.066579
98.048328,0.474515,0.003353,0.066932
99.287587,0.474535,0.003341,0.066179
100.542443,0.474400,0.003148,0.068699
101.813718,0.472592,0.003239,0.067191
103.100861,0.473527,0.003189,0.067717
104.404020,0.474131,0.003285,0.068127
105.723650,0.470646,0.003124,0.070018
107.060256,0.470654,0.003276,0.070574
108.413408,0.473942,0.003120,0.071279
109.784290,0.470269,0.003307,0.073629
111.171960,0.471385,0.003392,0.071712
112.577309,0.468465,0.003297,0.070521
114.000684,0.467319,0.003219,0.069259
115.442019,0.465638,0.003442,0.070684
116.901231,0.467300,0.003434,0.071176
118.378879,0.467596,0.003246,0.070393
119.875401,0.468173,0.003441,0.070182
121.390914,0.467481,0.003459,0.071701
122.925641,0.467746,0.003377,0.070267
124.479149,0.466608,0.003347,0.068208
126.052703,0.465277,0.003275,0.071071
127.646196,0.463685,0.003441,0.070354
129.260092,0.463908,0.003467,0.069011
130.894137,0.462500,0.003412,0.072109
132.548596,0.460581,0.003480,0.071701
134.224592,0.461615,0.003305,0.074606
135.921252,0.461604,0.003447,0.074492
137.639685,0.459258,0.003519,0.075583
139.379640,0.460935,0.003366,0.076101
141.141235,0.462054,0.003263,0.076240
142.925542,0.461573,0.003443,0.076565
144.732421,0.462396,0.003470,0.076280
146.562128,0.461712,0.003546,0.075476
148.414705,0.461458,0.003462,0.074814
150.291010,0.459831,0.003526,0.074794
152.191102,0.458196,0.003505,0.075671
154.114761,0.459831,0.003367,0.073732
156.063499,0.459181,0.003503,0.074667
158.035898,0.457342,0.003484,0.074218
160.034127,0.456862,0.003525,0.075305
162.057174,0.454542,0.003483,0.075383
164.105710,0.453604,0.003337,0.076217
166.180321,0.451454,0.003471,0.076402
168.281011,0.452750,0.003469,0.075052
170.408174,0.454188,0.003421,0.075340
172.562491,0.454935,0.003405,0.074486
174.743970,0.455962,0.003559,0.076483
176.952701,0.455988,0.003426,0.077283
179.190013,0.455765,0.003491,0.075758
181.455199,0.453746,0.003299,0.077353
183.749478,0.454912,0.003540,0.075419
186.072017,0.455442,0.003388,0.075911
188.424008,0.452158,0.003359,0.075046
190.806253,0.449923,0.003560,0.074716
193.218361,0.450577,0.003453,0.075838
195.661239,0.447496,0.003743,0.076811
198.134488,0.447254,0.003638,0.076965
200.639000,0.447212,0.003553,0.077538
203.175560,0.445985,0.003521,0.073846
205.743970,0.447965,0.003627,0.076484
208.345364,0.447808,0.003538,0.074118
210.978978,0.445527,0.003675,0.075701
213.646216,0.442946,0.003576,0.075576
216.346828,0.441150,0.003616,0.076683
219.081969,0.440919,0.003574,0.074749
221.851481,0.441331,0.003550,0.075162
224.656216,0.442746,0.003548,0.077005
227.496283,0.441431,0.003721,0.078269
230.371960,0.443219,0.003748,0.078854
233.283957,0.441165,0.003505,0.079083
236.233159,0.442435,0.003705,0.079630
239.219843,0.442519,0.003656,0.078832
242.244102,0.442619,0.003713,0.080005
245.305931,0.440112,0.003697,0.081870
248.407670,0.442238,0.003702,0.076662
251.547400,0.442365,0.003618,0.077869
254.727983,0.442188,0.003857,0.078746
257.948113,0.441169,0.003759,0.080825
261.208487,0.442408,0.003679,0.079069
264.510818,0.439496,0.003688,0.080860
267.854690,0.441223,0.003616,0.082820
271.240772,0.440188,0.003601,0.078957
274.669934,0.443681,0.003707,0.077873
278.142125,0.442742,0.003964,0.079474
281.658230,0.442242,0.003557,0.079992
285.219085,0.439542,0.003836,0.079977
288.824557,0.440154,0.003743,0.083870
292.475864,0.439750,0.003703,0.083076
296.173159,0.440296,0.003765,0.083467
299.917237,0.439073,0.003712,0.082682
303.709243,0.438562,0.003797,0.080258
307.548210,0.436988,0.003790,0.079416
311.436445,0.434435,0.003784,0.080713
315.373640,0.435173,0.003703,0.080770
319.360157,0.433185,0.003961,0.082319
323.397375,0.432800,0.003523,0.082281
327.485890,0.432535,0.003973,0.080526
331.625763,0.435912,0.003733,0.081620
335.818224,0.433908,0.003898,0.081797
340.063642,0.432615,0.003974,0.083629
344.362302,0.430727,0.003868,0.083842
348.715854,0.434104,0.003669,0.081975
353.124084,0.433669,0.003840,0.082933
357.588508,0.435815,0.003768,0.081923
362.108886,0.433881,0.004008,0.081908
366.686516,0.430388,0.003896,0.082169
371.322346,0.425654,0.003987,0.081041
376.016446,0.431031,0.003855,0.084347
380.769737,0.428904,0.003717,0.083567
385.583757,0.428727,0.003619,0.084096
390.458161,0.427535,0.003732,0.084829
395.394302,0.430496,0.003960,0.084759
400.392883,0.430565,0.004042,0.082369
405.453985,0.432004,0.003789,0.081287
410.580232,0.433269,0.003903,0.083678
415.770327,0.432054,0.003749,0.082499
421.026792,0.427873,0.004088,0.083287
426.348878,0.431369,0.003930,0.082470
431.738883,0.431112,0.003931,0.083180
437.196793,0.431654,0.003835,0.083754
442.724037,0.429588,0.003829,0.083582
448.320734,0.428477,0.003784,0.084143
453.988403,0.427977,0.004059,0.084687
459.727823,0.432177,0.003842,0.083251
465.539283,0.430088,0.004010,0.083695
471.424828,0.431042,0.003809,0.081537
477.384400,0.429177,0.004036,0.084255
483.419584,0.426312,0.003764,0.086551
489.530580,0.424096,0.004084,0.089523
495.719201,0.430181,0.003992,0.087765
501.986083,0.427365,0.003882,0.084764
508.331908,0.428273,0.003752,0.081714
514.758268,0.426496,0.003645,0.081424
521.265947,0.428488,0.003944,0.083600
527.855303,0.429715,0.003895,0.082597
534.528701,0.429169,0.003814,0.082518
541.286088,0.429496,0.004053,0.085519
548.128797,0.431158,0.003940,0.082794
555.057962,0.432127,0.003735,0.082958
562.075239,0.430258,0.003992,0.086152
569.180689,0.431150,0.003732,0.085085
576.376022,0.428804,0.003894,0.091572
583.663042,0.426358,0.003898,0.088554
591.041373,0.426181,0.003986,0.086668
598.513163,0.429477,0.003784,0.084040
606.079240,0.428923,0.003931,0.084677
613.741733,0.427677,0.003904,0.087256
621.500388,0.430469,0.004286,0.087684
629.357417,0.430731,0.004093,0.084278
637.313540,0.431142,0.003779,0.085831
645.370231,0.434662,0.004028,0.088382
653.529303,0.436019,0.003891,0.084945
661.790800,0.431315,0.003949,0.085036
670.157118,0.431835,0.003920,0.085732
678.629498,0.430350,0.003827,0.085227
687.208263,0.431227,0.003840,0.085901
695.896082,0.431769,0.003629,0.086091
704.693429,0.429169,0.004034,0.083732
713.602088,0.428969,0.004253,0.086408
722.623519,0.428123,0.004420,0.089340
731.758671,0.423904,0.004153,0.087099
741.009484,0.428535,0.003964,0.084580
750.377073,0.424504,0.003929,0.087478
759.863637,0.424300,0.003947,0.084419
769.469412,0.422735,0.003870,0.085573
779.197155,0.426496,0.004037,0.088550
789.047619,0.429754,0.004047,0.088403
799.022709,0.429246,0.004006,0.089106
809.123744,0.426600,0.004025,0.089204
819.352500,0.428788,0.004020,0.088220
829.711128,0.429050,0.003986,0.083877
840.200089,0.426688,0.004235,0.081355
850.821715,0.424254,0.003810,0.081436
861.578126,0.425446,0.003862,0.083293
872.469860,0.427488,0.004176,0.084367
883.499371,0.424588,0.004049,0.086374
894.668459,0.429212,0.004084,0.088732
905.978946,0.429727,0.004117,0.089948
917.431757,0.432600,0.003691,0.088619
929.029937,0.434765,0.004258,0.090134
940.775089,0.433258,0.004154,0.091639
952.667913,0.427154,0.003892,0.091279
964.711684,0.426377,0.004110,0.088250
976.907771,0.426842,0.004133,0.086819
989.257910,0.428823,0.004153,0.090176
1001.763437,0.428054,0.004001,0.087840
1014.427670,0.433665,0.004260,0.087883
1027.252107,0.430981,0.004653,0.094413
1040.238268,0.430538,0.003673,0.091031
1053.389257,0.436904,0.004638,0.090597
1066.705781,0.434842,0.004672,0.092123
1080.191290,0.432419,0.004112,0.090604
1093.846881,0.425765,0.004138,0.089390
1107.675145,0.425327,0.003906,0.088195
1121.678581,0.423396,0.004341,0.088337
1135.858416,0.426388,0.004074,0.089397
1150.218053,0.424231,0.004290,0.091380
1164.759239,0.424292,0.004199,0.092451
1179.483911,0.422231,0.004285,0.092493
1194.394899,0.423150,0.004090,0.089928
1209.494320,0.422573,0.004562,0.091225
1224.784214,0.420119,0.003947,0.090848
1240.268449,0.423192,0.004160,0.087815
1255.947768,0.422177,0.004063,0.090637
1271.824994,0.421327,0.004009,0.088709
1287.903397,0.422723,0.003964,0.088134
1304.185583,0.420246,0.004315,0.088365
1320.672407,0.418012,0.003981,0.090957
1337.368472,0.420827,0.004098,0.090799
1354.275275,0.417696,0.003997,0.087385
1371.395949,0.420788,0.003960,0.088350
1388.733219,0.417223,0.004219,0.087147
1406.289165,0.419488,0.004347,0.086879
1424.067825,0.420288,0.004361,0.091084
1442.070768,0.423500,0.004430,0.097525
1460.301179,0.422346,0.004515,0.092652
1478.762004,0.421608,0.004263,0.095326
1497.456601,0.425927,0.004479,0.095282
1516.387454,0.423742,0.004235,0.092343
1535.557254,0.423269,0.004232,0.091637
1554.969679,0.427127,0.004299,0.088721
1574.627678,0.422542,0.004158,0.091192
1594.533853,0.426054,0.004131,0.092102
1614.692035,0.421969,0.004530,0.088432
1635.104616,0.419704,0.004198,0.090249
1655.775547,0.427500,0.004327,0.093386
1676.707600,0.424565,0.004045,0.086941
1697.904556,0.425035,0.003977,0.087152
1719.369420,0.424373,0.004006,0.091987
1741.105716,0.423438,0.004103,0.089586
1763.116238,0.428112,0.004020,0.082553
1785.405827,0.429608,0.004029,0.085127
1807.976686,0.428327,0.003741,0.085547
1830.832938,0.429688,0.003920,0.086350
1853.978424,0.424796,0.004040,0.087638
1877.416485,0.420508,0.004611,0.090103
1901.150734,0.421946,0.004090,0.089996
1925.184686,0.418646,0.003845,0.089581
1949.523178,0.416092,0.004119,0.089283
1974.168683,0.426450,0.004073,0.091494
1999.126573,0.422219,0.004359,0.083297
2024.399034,0.420062,0.004422,0.091499
2049.991332,0.420450,0.004346,0.091954
2075.907207,0.422027,0.004552,0.092162
2102.150529,0.421985,0.003929,0.091141
2128.726617,0.417396,0.005362,0.090670
2155.637187,0.418935,0.004046,0.089727
2182.888775,0.424904,0.004296,0.091380
2210.484547,0.426612,0.004088,0.088120
2238.429584,0.432385,0.004080,0.089962
2266.727791,0.426215,0.004032,0.086901
2295.383664,0.430035,0.004249,0.092289
2324.401646,0.425931,0.004874,0.095919
2353.786510,0.426569,0.003932,0.093152
2383.543190,0.418619,0.004390,0.091295
2413.675700,0.426150,0.004416,0.091699
2444.189861,0.420138,0.007916,0.091684
2475.089247,0.421465,0.005815,0.093137
2506.378622,0.421981,0.004583,0.092733
2538.064540,0.415404,0.005355,0.092787
2570.150385,0.420315,0.004595,0.092297
2602.642385,0.418381,0.004223,0.089671
2635.544894,0.418642,0.004279,0.089200
2668.863171,0.417412,0.004011,0.088355
2702.602550,0.419404,0.003936,0.086127
2736.769048,0.418008,0.004354,0.087103
2771.366965,0.423942,0.004949,0.088763
2806.402687,0.421277,0.004225,0.089210
2841.881238,0.419169,0.004515,0.090313
2877.808107,0.420473,0.004211,0.089875
-nan,0.420238,-nan,0.088236
2951.030084,0.421327,0.004491,0.093420
2988.337141,0.422046,0.004161,0.090882
3026.115341,0.425062,0.003905,0.090924
3064.371591,0.426508,0.004189,0.089092
-nan,0.426650,-nan,0.090296
3142.340089,0.432388,0.004126,0.090380
3182.065535,0.429331,0.003834,0.086094
3222.293347,0.431581,0.004258,0.089065
3263.029360,0.427646,0.003903,0.088540
3304.280481,0.427185,0.004030,0.086888
3346.053063,0.426662,0.003896,0.085566
3388.353781,0.426396,0.004123,0.088776
3431.189285,0.428715,0.004145,0.088485
3474.566436,0.423381,0.004010,0.085880
3518.492000,0.427012,0.003987,0.086669
3562.972167,0.420885,0.003829,0.087872
3608.015336,0.418804,0.004103,0.086334
3653.627560,0.425785,0.003660,0.086701
3699.817169,0.421373,0.004095,0.090163
3746.589959,0.423046,0.003760,0.088215
3793.954049,0.427600,0.004058,0.089484
3841.917180,0.427158,0.004080,0.086500
3890.486349,0.427862,0.004297,0.091000
3939.670190,0.425727,0.006721,0.092226
3989.475320,0.424412,0.004962,0.089378
4039.910077,0.428854,0.004431,0.094294
4090.982532,0.427750,0.004468,0.089404
4142.700797,0.423377,0.003925,0.083779
4195.072532,0.425462,0.004305,0.089044
4248.106305,0.417838,0.004338,0.087097
4301.810808,0.420538,0.004160,0.090103
4356.194092,0.421196,0.004096,0.090833
4411.265415,0.421873,0.004392,0.090743
4467.032324,0.418835,0.004050,0.093380
4523.504566,0.418642,0.004224,0.083573
4580.690421,0.422012,0.004442,0.090063
4638.599392,0.423546,0.004560,0.090491
4697.240355,0.426619,0.004043,0.092860
4756.623007,0.416835,0.004985,0.089954
4816.755880,0.427562,0.004411,0.090759
4877.649293,0.420212,0.004279,0.087232
4939.312425,0.422854,0.004240,0.090543
5001.755139,0.418335,0.004351,0.089967
5064.986820,0.422669,0.004098,0.093016
5129.018166,0.430581,0.003883,0.092246
5193.859206,0.420012,0.003874,0.084822
5259.519944,0.422954,0.004218,0.090774
5326.010694,0.426177,0.003941,0.086184
5393.342071,0.425546,0.003965,0.088371
5461.524211,0.419396,0.003886,0.087899
5530.569015,0.422777,0.004113,0.088717
5600.486634,0.418862,0.004061,0.088928
5671.287543,0.421762,0.004169,0.097897
5742.960921,0.425450,0.822441,0.091852
5815.586249,0.425662,-nan,0.085151
5889.106894,0.422900,-nan,0.084561
5963.556734,0.420096,-nan,0.093404
6038.948266,0.416777,-nan,0.093976
6115.292539,0.421512,-nan,0.090456
6192.601830,0.420315,-nan,0.092694
6270.888716,0.420985,-nan,0.088354
6350.164780,0.428454,-nan,0.091993
6430.443192,0.426073,-nan,0.089989
6511.736958,0.420031,-nan,0.087100
6594.058478,0.417177,-nan,0.093982
6677.420579,0.416777,-nan,0.092573
6761.836128,0.418777,-nan,0.089310
6847.318827,0.420742,-nan,0.086038
6933.882777,0.420635,-nan,0.085613
7021.540425,0.421069,-nan,0.085397
7110.306696,0.418350,-nan,0.089405
7200.195199,0.420919,-nan,0.094197
7291.220561,0.418823,-nan,0.088996
7383.395365,0.424023,-nan,0.091546
7476.736008,0.425612,-nan,0.094164
7571.257003,0.417881,-nan,0.088398
7666.972744,0.419027,-nan,0.088374
7763.898485,0.414881,-nan,0.094120
7862.049414,0.417304,-nan,0.093768
7961.441063,0.420915,-nan,0.090524
8062.089317,0.420935,-nan,0.089890
8164.010412,0.418042,-nan,0.093334
8267.219683,0.420331,-nan,0.092386
8371.733778,0.421962,-nan,0.094363
8477.568890,0.419300,-nan,0.094456
8584.742202,0.419473,-nan,0.084926
8693.270125,0.425808,-nan,0.087734
8803.170623,0.420396,-nan,0.091014
8914.459767,0.425192,-nan,0.089244
9027.156429,0.419896,-nan,0.084486
9141.277461,0.421823,-nan,0.091139
9256.841665,0.420423,-nan,0.088438
9373.866350,0.425019,-nan,0.087265
9492.370411,0.427931,-nan,0.088718
9612.372992,0.421873,-nan,0.086830
9733.892062,0.420115,-nan,0.089483
9856.948110,0.425962,-nan,0.093099
9981.559223,0.421958,-nan,0.089054
10107.745719,0.419346,-nan,0.087759
10235.527861,0.422196,-nan,0.092139
10364.925411,0.423454,-nan,0.089825
10495.958718,0.422088,-nan,0.086783
10628.648380,0.428315,-nan,0.085569
10763.015640,0.423004,-nan,0.089024
10899.081399,0.428700,-nan,0.084483
11036.867113,0.428219,-nan,0.084856
11176.395679,0.421042,-nan,0.085120
11317.686729,0.424908,-nan,0.085212
11460.764922,0.426381,-nan,0.085297
11605.651957,0.422612,-nan,0.093139
11752.369990,0.431215,-nan,0.094978
11900.943918,0.423054,-nan,0.089536
12051.395316,0.423562,-nan,0.090703
12203.749305,0.414958,-nan,0.096789
12358.028217,0.418619,-nan,0.088741
12514.258266,0.432523,-nan,0.090333
12672.463708,0.422208,-nan,0.090304
12832.668558,0.419431,-nan,0.090866
12994.899144,0.421227,-nan,0.089090
13159.180295,0.426904,-nan,0.086186
13325.538228,0.430546,-nan,0.086655
13493.999828,0.421377,-nan,0.094772
13664.590358,0.425788,-nan,0.093616
13837.338126,0.422835,-nan,0.089052
14012.269297,0.429165,-nan,0.087153
14189.412380,0.423904,-nan,0.087970
14368.794593,0.427408,-nan,0.088258
14550.444509,0.420904,-nan,0.090743
14734.391671,0.422508,-nan,0.090455
14920.663253,0.425985,-nan,0.086892
15109.290093,0.418496,-nan,0.088304
15300.301756,0.428242,-nan,0.095833
15493.701441,0.428458,-nan,0.088616
15689.599054,0.422931,-nan,0.098721
15887.946672,0.421758,-nan,0.091643
16088.801979,0.416992,-nan,0.094784
16292.196314,0.419304,-nan,0.089195
16498.162009,0.422019,-nan,0.091301
16706.731724,0.425492,-nan,0.098105
16917.937791,0.422785,-nan,0.088903
17131.814161,0.423681,-nan,0.091484
17348.394340,0.423681,-nan,0.092646
17567.712490,0.427812,-nan,0.095486
17789.802795,0.430519,-nan,0.088039
18014.701731,0.422392,-nan,0.096360
18242.443672,0.419285,-nan,0.091573
18473.064269,0.420954,-nan,0.092816
18706.600379,0.418019,-nan,0.096923
18943.088720,0.425631,-nan,0.090366
19182.566907,0.421715,-nan,0.094641
19425.072527,0.423219,-nan,0.093225
19670.644588,0.422758,-nan,0.092908
19919.320764,0.424962,-nan,0.089488
20171.140303,0.416581,-nan,0.093436
20425.608078,0.417835,-nan,0.096382
20684.370718,0.414481,-nan,0.096073
20945.862201,0.422023,-nan,0.093166
21210.566743,0.424385,-nan,0.094528
21478.804258,0.425527,-nan,0.094446
21750.339003,0.417188,-nan,0.097120
22025.306691,0.422900,-nan,0.100715
22303.711229,0.419254,-nan,0.095660
22585.713594,0.418835,-nan,0.093899
22871.242231,0.416585,-nan,0.098785
23160.380236,0.418496,-nan,0.093773
23453.173162,0.417819,-nan,0.099721
23749.668248,0.414688,-nan,0.099846
24049.910775,0.412150,-nan,0.100315
24353.949707,0.418869,-nan,0.103190
24661.831980,0.413985,-nan,0.094992
24973.606586,0.420446,-nan,0.090920
25289.322899,0.415900,-nan,0.096320
25609.029524,0.425646,-nan,0.097608
25932.778882,0.423100,-nan,0.095474
26260.620694,0.420850,-nan,0.094216
26592.607261,0.421127,-nan,0.093257
26928.790338,0.427985,-nan,0.092251
27269.224192,0.412050,-nan,0.099112
27613.961366,0.415762,-nan,0.099959
27963.056269,0.418077,-nan,0.098228
28316.565081,0.415738,-nan,0.097351
28674.542900,0.417658,-nan,0.097808
29036.579057,0.420304,-nan,0.098443
29404.132230,0.417965,-nan,0.101791
29775.858833,0.417681,-nan,0.100981
30152.284896,0.414869,-nan,0.099171
30533.469491,0.413438,-nan,0.098033
30919.473335,0.416892,-nan,0.104911
31310.357189,0.411758,-nan,0.103869
31706.182442,0.419258,-nan,0.096967
32107.011170,0.417138,-nan,0.101818
32512.907333,0.413935,-nan,0.095688
32923.935084,0.425869,-nan,0.100363
33340.159424,0.426435,-nan,0.101110
33761.645425,0.418969,-nan,0.101016
34188.459733,0.423242,-nan,0.101955
34620.669543,0.416581,-nan,0.097574
35058.344054,0.418415,-nan,0.098556
35501.295714,0.419338,-nan,0.095633
35950.361385,0.411262,-nan,0.102462
36404.845238,0.422112,-nan,0.099091
36865.075005,0.419312,-nan,0.102646
37331.122928,0.411577,-nan,0.100955
37803.062577,0.418323,-nan,0.095586
38280.968050,0.420212,-nan,0.104173
38764.915719,0.416646,-nan,0.101208
39254.981170,0.419727,-nan,0.098822
39751.242209,0.420850,-nan,0.097152
40253.655265,0.420212,-nan,0.102898
40762.664845,0.419212,-nan,0.100448
41277.986197,0.411615,-nan,0.100125
41799.822138,0.415677,-nan,0.105291
42327.805878,0.417746,-nan,0.104314
42863.159371,0.413081,-nan,0.110975
43405.245996,0.412173,-nan,0.104912
43953.975417,0.414692,-nan,0.107876
44509.640493,0.415081,-nan,0.104442
45072.330829,0.416462,-nan,0.108293
45642.134828,0.413427,-nan,0.107177
46219.142594,0.413700,-nan,0.107278
46803.443820,0.419627,-nan,0.103953
47394.048656,0.415469,-nan,0.101842
47994.301430,0.420746,-nan,0.106866
48601.044838,0.419146,-nan,0.104718
49215.458804,0.418135,-nan,0.106655
49837.423617,0.414588,-nan,0.106330
50467.686694,0.408673,-nan,0.110588
51105.568168,0.411027,-nan,0.103232
51751.776478,0.412815,-nan,0.108446
52406.021599,0.419827,-nan,0.107075
53068.538470,0.408935,-nan,0.102867
53739.430083,0.415204,-nan,0.105550
54418.803155,0.413031,-nan,0.106141
55106.765349,0.412677,-nan,0.109738
55803.424393,0.415719,-nan,0.107559
56508.890900,0.416188,-nan,0.112839
57223.275482,0.412385,-nan,0.106244
57946.380471,0.415173,-nan,0.105220
58679.252801,0.410327,-nan,0.105475
59421.075378,0.414265,-nan,0.109391
60172.275837,0.413273,-nan,0.114498
60932.973270,0.410196,-nan,0.109584
61703.286794,0.412465,-nan,0.105721
62483.339458,0.409350,-nan,0.109494
63273.253142,0.414315,-nan,0.108580
64073.153304,0.412569,-nan,0.110447
64883.165573,0.409688,-nan,0.112085
65703.416960,0.413469,-nan,0.104318
66534.039053,0.416981,-nan,0.109497
67375.161928,0.411731,-nan,0.106111
68226.917555,0.409665,-nan,0.113524
69089.008326,0.413500,-nan,0.110972
69962.869903,0.416327,-nan,0.111185
70847.339738,0.408723,-nan,0.109404
71742.990757,0.411869,-nan,0.113613
72649.965213,0.405858,-nan,0.110022
73568.405521,0.413858,-nan,0.116759
74498.456141,0.412438,-nan,0.108810
75440.264645,0.415031,-nan,0.113049
76393.979855,0.412323,-nan,0.112852
77359.525429,0.408735,-nan,0.110784
78337.732739,0.406685,-nan,0.110125
79328.077834,0.413150,-nan,0.109239
80330.942772,0.406831,-nan,0.111181
81346.485663,0.409954,-nan,0.111682
82374.866988,0.412904,-nan,0.114080
83416.248797,0.407250,-nan,0.114672
84470.796400,0.418235,-nan,0.114006
85538.674771,0.415058,-nan,0.110021
86620.053781,0.416323,-nan,0.113626
87715.103946,0.406915,-nan,0.113710
88823.997860,0.409081,-nan,0.112764
89946.909648,0.409346,-nan,0.112026
91084.017686,0.413481,-nan,0.110440
92235.500502,0.417985,-nan,0.108265
93401.540527,0.410108,-nan,0.112557
94582.322181,0.417631,-nan,0.117181
95776.346497,0.403227,-nan,0.114454
96988.855747,0.403358,-nan,0.110210
98213.028926,0.409254,-nan,0.115449
99456.620759,0.410496,-nan,0.112922
100713.950140,0.410427,-nan,0.111565
101987.174774,0.408962,-nan,0.115555
103276.495983,0.406454,-nan,0.113613
104582.116366,0.408065,-nan,0.115585
105904.242210,0.409215,-nan,0.115073
107243.082347,0.408492,-nan,0.115782
108598.848598,0.400269,-nan,0.113477
109971.753489,0.420946,-nan,0.116975
111362.015812,0.416308,-nan,0.121185
112769.853458,0.407296,-nan,0.117365
114195.488823,0.406396,-nan,0.116789
115639.146917,0.404765,-nan,0.113791
117101.055980,0.406935,-nan,0.116133
118577.296501,0.409262,-nan,0.118464
120080.551617,0.402723,-nan,0.118521
121598.608650,0.409208,-nan,0.117974
123135.856975,0.412919,-nan,0.117955
124692.539359,0.409927,-nan,0.117478
126268.900805,0.411281,-nan,0.119594
127865.191477,0.400546,-nan,0.117767
129481.661462,0.407081,-nan,0.119563
131118.567322,0.406627,-nan,0.115093
132776.167224,0.408446,-nan,0.118424
134451.012613,0.404635,-nan,0.120388
136154.497512,0.405358,-nan,0.122290
137875.760726,0.408946,-nan,0.119985
139618.785029,0.401215,-nan,0.119643
141383.843846,0.409296,-nan,0.122019
143171.217543,0.402065,-nan,0.122062
144979.782423,0.411042,-nan,0.123441
146814.037163,0.408446,-nan,0.120754
148670.058147,0.414231,-nan,0.122087
150549.543850,0.408577,-nan,0.121784
152452.789386,0.406088,-nan,0.119466
154378.192968,0.402469,-nan,0.121515
156331.767756,0.405888,-nan,0.118817
158307.577576,0.401858,-nan,0.126163
160309.442985,0.406719,-nan,0.124008
162336.072516,0.399496,-nan,0.125040
164388.323503,0.398712,-nan,0.121985
166466.139903,0.406673,-nan,0.127556
168570.987083,0.403265,-nan,0.126790
170702.059721,0.400373,-nan,0.126054
172860.073393,0.397623,-nan,0.126616
175045.368976,0.399008,-nan,0.130039
177257.843226,0.394612,-nan,0.128844
179497.683159,0.403427,-nan,0.126681
181768.235517,0.400681,-nan,0.130261
184066.329328,0.398554,-nan,0.131604
186389.760918,0.395823,-nan,0.136770
188749.676486,0.395688,-nan,0.131744
191135.618165,0.402635,-nan,0.138299
193552.185267,0.401150,-nan,0.132656
195999.070000,0.390746,-nan,0.133094
198476.888247,0.397608,-nan,0.131847
200986.030909,0.393869,-nan,0.135112
203526.894561,0.398496,-nan,0.136401
206099.879514,0.405219,-nan,0.133277
208705.391910,0.401346,-nan,0.132694
211343.843941,0.394354,-nan,0.135475
214015.650404,0.400092,-nan,0.136125
216721.233930,0.395681,-nan,0.133203
219461.021792,0.400873,-nan,0.135228
222231.125445,0.401165,-nan,0.131623
225044.732733,0.398058,-nan,0.134322
227889.960045,0.394642,-nan,0.135333
230770.942952,0.393862,-nan,0.140762
233678.856185,0.396877,-nan,0.136480
236642.632270,0.393977,-nan,0.137600
239634.266161,0.393888,-nan,0.134926
242659.617154,0.397296,-nan,0.138876
245731.472473,0.404046,-nan,0.140643
248838.007462,0.395785,-nan,0.136407
251980.515611,0.391573,-nan,0.137178
255169.392024,0.395104,-nan,0.141926
258395.240694,0.394288,-nan,0.141480
261660.409089,0.390869,-nan,0.138258
264967.504852,0.396685,-nan,0.143233
268319.543735,0.385162,-nan,0.136667
271711.101049,0.393254,-nan,0.139151
275146.612112,0.386135,-nan,0.141770
278624.717596,0.394715,-nan,0.145918
