0.000000,0.995000,0.000000,0.000000
1.002935,0.850143,0.001715,0.027034
1.016747,0.848774,0.001706,0.027266
1.030616,0.847257,0.001677,0.027408
1.044781,0.845483,0.001763,0.027834
1.059274,0.844493,0.001702,0.027784
1.073564,0.843271,0.001692,0.027621
1.088440,0.841881,0.001754,0.027681
1.103335,0.840564,0.001687,0.028114
1.118479,0.839124,0.001743,0.028423
1.133721,0.837683,0.001705,0.028510
1.149484,0.836512,0.001744,0.028642
1.165122,0.835100,0.001736,0.028760
1.181102,0.833864,0.001693,0.028823
1.197462,0.832536,0.001750,0.028962
1.213740,0.831417,0.001791,0.028577
1.230430,0.829869,0.001715,0.028687
1.247315,0.828281,0.001727,0.029198
1.264466,0.826936,0.001743,0.029008
1.281849,0.825445,0.001682,0.029270
1.299482,0.823840,0.001705,0.028982
1.317329,0.822205,0.001705,0.028974
1.335298,0.821102,0.001715,0.029270
1.353627,0.819740,0.001755,0.029417
1.372164,0.818121,0.001781,0.029506
1.391015,0.816952,0.001818,0.029215
1.410271,0.815455,0.001862,0.029041
1.429651,0.813795,0.001818,0.029134
1.449207,0.812564,0.001796,0.029319
1.469175,0.811293,0.001771,0.029089
1.489197,0.809595,0.001692,0.029324
1.509602,0.808224,0.001820,0.029619
1.530506,0.806838,0.001798,0.029955
1.551396,0.805429,0.001786,0.030083
1.572740,0.804045,0.001833,0.029931
1.594238,0.803029,0.001797,0.030011
1.616334,0.801790,0.001780,0.030376
1.638288,0.800267,0.001864,0.030388
1.660867,0.799088,0.001786,0.030473
1.683814,0.797707,0.001752,0.030830
1.706860,0.796131,0.001845,0.031075
1.730275,0.794383,0.001819,0.031682
1.753999,0.792943,0.001833,0.031889
1.778116,0.791355,0.001842,0.032088
1.802569,0.790126,0.001839,0.032226
1.827426,0.788883,0.001858,0.032451
1.852356,0.787426,0.001868,0.032836
1.877705,0.786069,0.001875,0.033202
1.903533,0.784276,0.001878,0.033235
1.929796,0.782990,0.001906,0.033324
1.956274,0.781893,0.001817,0.033495
1.983126,0.780729,0.001857,0.033481
2.010410,0.779407,0.001846,0.033618
2.037985,0.777833,0.001826,0.033613
2.065860,0.776221,0.001858,0.033446
2.094377,0.774602,0.001855,0.033592
2.123174,0.773302,0.001915,0.034293
2.152307,0.772002,0.001920,0.034369
2.181938,0.770579,0.001851,0.034237
2.211884,0.768750,0.001906,0.033917
2.242226,0.767698,0.001831,0.034091
2.273070,0.766060,0.001973,0.034269
2.304219,0.764752,0.001846,0.034160
2.335913,0.763479,0.001874,0.034153
2.368023,0.761798,0.001958,0.034019
2.400561,0.759957,0.001917,0.033947
2.433465,0.758267,0.001907,0.033916
2.467145,0.756536,0.001925,0.033846
2.500920,0.755207,0.001977,0.034184
2.535349,0.753736,0.001919,0.034181
2.570147,0.752471,0.001870,0.034601
2.605360,0.751110,0.001941,0.034490
2.641245,0.749598,0.001929,0.033965
2.677585,0.748155,0.001968,0.033597
2.714190,0.746931,0.001970,0.034023
2.751535,0.745795,0.001958,0.033986
2.789412,0.744179,0.001946,0.034233
2.827609,0.743281,0.001960,0.034429
2.866617,0.742000,0.001887,0.035197
2.906049,0.740548,0.002003,0.035516
2.945948,0.739248,0.001942,0.035853
2.986258,0.737798,0.001920,0.035296
3.027304,0.736581,0.001981,0.035764
3.068912,0.735245,0.001996,0.035552
3.111143,0.734014,0.001991,0.035602
3.153931,0.732117,0.001978,0.035801
3.197160,0.730638,0.001943,0.035780
3.240981,0.729614,0.001980,0.035519
3.285562,0.728064,0.001950,0.036271
3.330872,0.726379,0.002011,0.036097
3.376611,0.724890,0.001962,0.035927
3.423092,0.723160,0.001959,0.036299
3.470063,0.722157,0.001974,0.036203
3.517865,0.720602,0.001952,0.036376
3.566096,0.719252,0.002060,0.036825
3.614993,0.718507,0.001966,0.037394
3.664768,0.717355,0.002035,0.036890
3.715148,0.716517,0.002018,0.037696
3.766297,0.715119,0.002046,0.038105
3.817977,0.713545,0.002038,0.037967
3.870609,0.712462,0.001982,0.038445
3.923722,0.710805,0.002062,0.038276
3.977690,0.708824,0.002035,0.038732
4.032372,0.707781,0.002044,0.038951
4.087657,0.706019,0.002039,0.038892
4.144074,0.704888,0.002109,0.038921
4.200949,0.704062,0.002105,0.039027
4.258717,0.702595,0.002086,0.038962
4.317111,0.701655,0.002059,0.039061
4.376561,0.700238,0.002045,0.039029
4.436608,0.698995,0.002137,0.039258
4.497495,0.697874,0.002084,0.039498
4.559576,0.696631,0.002055,0.039564
4.622185,0.695174,0.002132,0.040306
4.685575,0.693598,0.002158,0.040953
4.749999,0.691960,0.002149,0.041221
4.815339,0.690688,0.002109,0.041526
4.881510,0.689593,0.002104,0.041138
4.948559,0.688731,0.002124,0.041780
5.016760,0.687355,0.002085,0.041916
5.085753,0.685143,0.002074,0.041838
5.155576,0.683605,0.002149,0.041049
5.226463,0.682436,0.002168,0.041952
5.298270,0.680629,0.002176,0.041520
5.371107,0.679843,0.002163,0.041939
5.445023,0.678817,0.002168,0.041307
5.519676,0.677586,0.002194,0.040918
5.595695,0.676405,0.002204,0.041388
5.672647,0.675133,0.002205,0.042135
5.750537,0.673710,0.002138,0.042721
5.829517,0.672557,0.002143,0.042263
5.909782,0.671012,0.002171,0.043028
5.991119,0.669093,0.002268,0.043167
6.073500,0.668257,0.002240,0.043124
6.156804,0.666957,0.002200,0.043073
6.241634,0.665767,0.002216,0.043352
6.327340,0.664498,0.002183,0.043831
6.414247,0.662974,0.002236,0.043720
6.502446,0.662307,0.002198,0.043418
6.591867,0.660469,0.002216,0.043071
6.682429,0.659012,0.002189,0.043589
6.774501,0.657657,0.002206,0.043177
6.867529,0.656445,0.002138,0.043479
6.961948,0.655395,0.002180,0.043854
7.057650,0.653643,0.002222,0.043075
7.154756,0.652095,0.002318,0.043784
7.253022,0.650621,0.002162,0.044343
7.352833,0.649726,0.002346,0.043487
7.453828,0.648595,0.002265,0.043495
7.556387,0.647129,0.002289,0.043313
7.660412,0.645057,0.002299,0.044106
7.765583,0.643614,0.002304,0.044378
7.872278,0.642279,0.002265,0.044726
7.980612,0.641274,0.002290,0.046649
8.090424,0.639690,0.002272,0.047571
8.201535,0.638707,0.002321,0.047047
8.314323,0.638607,0.002210,0.046875
8.428842,0.637526,0.002282,0.047069
8.544436,0.635845,0.002358,0.046832
8.661990,0.634310,0.002312,0.046379
8.781317,0.633302,0.002325,0.046858
8.901961,0.631736,0.002293,0.046496
9.024232,0.631136,0.002301,0.046850
9.148332,0.630457,0.002386,0.047271
9.274014,0.629302,0.002322,0.047274
9.401700,0.628643,0.002302,0.047233
9.530969,0.627045,0.002342,0.048012
9.662024,0.626157,0.002370,0.048923
9.794934,0.624667,0.002311,0.048470
9.929604,0.624140,0.002338,0.048416
10.066149,0.623376,0.002280,0.047598
10.204431,0.622395,0.002433,0.048244
10.344834,0.622457,0.002342,0.048557
10.487086,0.620671,0.002396,0.048904
10.631290,0.618836,0.002425,0.049010
10.777176,0.617893,0.002287,0.049398
10.925569,0.616990,0.002413,0.050402
11.075830,0.615774,0.002409,0.050069
11.228200,0.614686,0.002341,0.049570
11.382614,0.613412,0.002304,0.050254
11.539172,0.612086,0.002431,0.050068
11.697701,0.610769,0.002417,0.050394
11.858624,0.610002,0.002428,0.049890
12.021771,0.609371,0.002457,0.050260
12.187085,0.607848,0.002400,0.050216
12.354458,0.606952,0.002412,0.050844
12.524228,0.605557,0.002377,0.051229
12.696820,0.606283,0.002361,0.050734
12.871109,0.605033,0.002422,0.050951
13.048166,0.603312,0.002398,0.051380
13.227780,0.602445,0.002450,0.051196
13.409594,0.600450,0.002484,0.051097
13.593881,0.599210,0.002438,0.051092
13.780876,0.598076,0.002428,0.051706
13.970424,0.597276,0.002488,0.052605
14.162619,0.595862,0.002487,0.051891
14.357212,0.595398,0.002461,0.052053
14.554825,0.594698,0.002411,0.052961
14.754766,0.592560,0.002551,0.054288
14.957789,0.591536,0.002500,0.054333
15.163445,0.590798,0.002491,0.054327
15.372122,0.589917,0.002518,0.053741
15.583422,0.588283,0.002493,0.054480
15.797652,0.588033,0.002525,0.053957
16.014906,0.587174,0.002514,0.053663
16.235252,0.585400,0.002494,0.054627
16.458554,0.584705,0.002571,0.054022
16.684882,0.582562,0.002512,0.053682
16.914258,0.581424,0.002571,0.054163
17.146925,0.581181,0.002571,0.053738
17.382683,0.580581,0.002599,0.053160
17.621874,0.579583,0.002602,0.053282
17.864221,0.579062,0.002621,0.054117
18.109765,0.578260,0.002573,0.053374
18.358755,0.576962,0.002552,0.053559
18.611332,0.575164,0.002548,0.054421
18.867128,0.574081,0.002553,0.054820
19.126592,0.574581,0.002620,0.055571
19.389737,0.573310,0.002560,0.055598
19.656341,0.571576,0.002579,0.056512
19.926684,0.571621,0.002694,0.056964
20.200705,0.571793,0.002631,0.056235
20.478539,0.570367,0.002619,0.056235
20.760156,0.569081,0.002665,0.056194
21.045514,0.567338,0.002668,0.057129
21.335147,0.566214,0.002662,0.057885
21.628503,0.565290,0.002694,0.058278
21.925996,0.563512,0.002607,0.058613
22.227569,0.563419,0.002695,0.057453
22.533203,0.562693,0.002598,0.057153
22.843197,0.561062,0.002658,0.057367
23.157302,0.559000,0.002647,0.056099
23.475884,0.558921,0.002681,0.055695
23.798553,0.557400,0.002689,0.057560
24.125944,0.557231,0.002756,0.057018
24.457655,0.557638,0.002690,0.057738
24.793981,0.556902,0.002697,0.058244
25.134943,0.555640,0.002782,0.058085
25.480719,0.554371,0.002711,0.057766
25.831115,0.553231,0.002711,0.058197
26.186439,0.551233,0.002677,0.057401
26.546515,0.550298,0.002709,0.058090
26.911576,0.549274,0.002677,0.057994
27.281735,0.549136,0.002716,0.057615
27.656967,0.549412,0.002797,0.058512
28.037201,0.548367,0.002664,0.057498
28.422877,0.546536,0.002746,0.057437
28.813730,0.546295,0.002804,0.056760
29.210050,0.545307,0.002766,0.057001
29.611827,0.544307,0.002732,0.057954
30.018915,0.543636,0.002788,0.058937
30.432116,0.543283,0.002823,0.059431
30.850578,0.540533,0.002796,0.059930
31.274918,0.540238,0.002745,0.059373
31.704914,0.538100,0.002820,0.058784
32.140995,0.536417,0.002783,0.059942
32.582965,0.537086,0.002822,0.060024
33.031204,0.535552,0.002788,0.059731
33.485467,0.535838,0.002834,0.059330
33.945991,0.535510,0.002762,0.060051
34.412864,0.533652,0.002852,0.061522
34.886122,0.532729,0.002866,0.062465
35.366042,0.531567,0.002864,0.061369
35.852307,0.531798,0.002838,0.061964
36.345482,0.530321,0.002910,0.063057
36.845453,0.529912,0.002884,0.062407
37.351973,0.529429,0.002936,0.062724
37.866061,0.527988,0.003010,0.063519
38.386474,0.527671,0.002900,0.062174
38.914650,0.527450,0.002898,0.061158
39.449767,0.527281,0.002834,0.061605
39.992272,0.526514,0.002898,0.062747
40.542585,0.525707,0.002947,0.062100
41.099936,0.526014,0.002909,0.062389
41.665327,0.525643,0.002935,0.062601
42.238512,0.525457,0.002851,0.063368
42.819140,0.523452,0.002816,0.063333
43.408197,0.522824,0.002986,0.063575
44.005142,0.521850,0.002865,0.063772
44.610672,0.517786,0.002948,0.063239
45.224038,0.517979,0.002986,0.062983
45.845988,0.518557,0.002865,0.062501
46.476540,0.518398,0.002957,0.064023
47.115820,0.518317,0.002947,0.064514
47.763827,0.516990,0.002887,0.064317
48.420835,0.516474,0.002963,0.065278
49.086816,0.515612,0.003004,0.066150
49.761799,0.514417,0.003065,0.065295
50.446313,0.514505,0.003017,0.065857
51.139909,0.513800,0.003071,0.065689
51.843500,0.512245,0.003017,0.064777
52.556693,0.511926,0.003023,0.065391
53.279300,0.512421,0.002843,0.065819
54.012052,0.511455,0.003021,0.066271
54.754943,0.508774,0.003017,0.064121
55.508150,0.507107,0.003024,0.064867
56.271542,0.506817,0.003057,0.064557
57.045592,0.509574,0.003053,0.064783
57.830124,0.508669,0.003066,0.065677
58.625444,0.508912,0.003036,0.064897
59.431882,0.509950,0.002975,0.065761
60.249551,0.508383,0.003146,0.065035
61.077793,0.506695,0.003044,0.066156
61.917908,0.505471,0.003067,0.067688
62.769787,0.505452,0.003063,0.067953
63.632970,0.503902,0.003016,0.065610
64.508023,0.502807,0.003072,0.065015
65.395366,0.502931,0.003059,0.066746
66.295071,0.502600,0.003006,0.066334
67.206788,0.501105,0.003049,0.065754
68.131184,0.499712,0.002881,0.066287
69.068464,0.499064,0.003047,0.067593
70.018130,0.499340,0.002989,0.068385
70.981295,0.499924,0.003001,0.069819
71.957561,0.500136,0.003186,0.070403
72.947266,0.498912,0.002981,0.071565
73.950585,0.496712,0.003135,0.071849
74.967637,0.497600,0.003062,0.070832
75.999181,0.498376,0.003141,0.069612
77.044305,0.495440,0.003137,0.068829
78.103760,0.494788,0.003074,0.069999
79.178180,0.495724,0.003085,0.068852
80.267077,0.495310,0.003103,0.068838
81.371463,0.494726,0.003171,0.070385
82.490486,0.494207,0.003080,0.071027
83.624864,0.494500,0.003097,0.072092
84.775289,0.492271,0.003239,0.072893
85.941427,0.491471,0.003219,0.072905
87.123276,0.488421,0.003275,0.072975
88.321821,0.487669,0.003141,0.072428
89.536339,0.487633,0.003146,0.071871
90.767918,0.489438,0.003327,0.073750
92.016334,0.488169,0.003236,0.076426
93.281998,0.484329,0.003308,0.075566
94.564902,0.484681,0.003242,0.075708
95.865653,0.484052,0.003265,0.074590
97.184280,0.483183,0.003316,0.074795
98.520816,0.482840,0.003113,0.074219
99.876087,0.482838,0.003233,0.075581
101.249930,0.482010,0.003226,0.075814
102.642638,0.481874,0.003295,0.074967
104.054310,0.481664,0.003339,0.074851
105.485564,0.481669,0.003298,0.074648
106.936878,0.480314,0.003205,0.073634
108.407294,0.481645,0.003187,0.074053
109.898331,0.480500,0.003205,0.071844
111.409863,0.480579,0.003238,0.072448
112.942366,0.479305,0.003183,0.071469
114.495805,0.478405,0.003229,0.071574
116.070759,0.478121,0.003270,0.072303
117.667054,0.479974,0.003307,0.073687
119.285686,0.477864,0.003211,0.074059
120.926243,0.478064,0.003238,0.073152
122.589653,0.476279,0.003409,0.072661
124.275928,0.474521,0.003301,0.072688
125.985130,0.474388,0.003383,0.072255
127.718093,0.473931,0.003366,0.071301
129.474745,0.473376,0.003364,0.070736
131.255386,0.473774,0.003300,0.070483
133.060953,0.473855,0.003253,0.070978
134.891196,0.472243,0.003297,0.072068
136.746836,0.471738,0.003365,0.070409
138.627382,0.471560,0.003367,0.071059
140.534409,0.471229,0.003244,0.069221
142.467193,0.470036,0.003330,0.071226
144.426922,0.467995,0.003404,0.072385
146.413242,0.467495,0.003313,0.072665
148.427369,0.467695,0.003467,0.072768
150.468606,0.468640,0.003473,0.072791
152.538491,0.467143,0.003243,0.072058
154.636655,0.467181,0.003248,0.073809
156.763765,0.466429,0.003436,0.074571
158.919735,0.468231,0.003403,0.074076
161.105715,0.468002,0.003224,0.073613
163.321562,0.466745,0.003294,0.075359
165.567807,0.465269,0.003349,0.076790
167.845381,0.464757,0.003342,0.075173
170.153888,0.464869,0.003250,0.072699
172.494375,0.461757,0.003517,0.073945
174.866978,0.460471,0.003395,0.073875
177.272371,0.460938,0.003548,0.074426
179.710618,0.458526,0.003549,0.074378
182.182645,0.458545,0.003515,0.075585
184.688326,0.461450,0.003537,0.076150
187.228729,0.459455,0.003290,0.074041
189.803807,0.460031,0.003384,0.075037
192.414428,0.459826,0.003458,0.074918
195.061392,0.459140,0.003508,0.073240
197.744254,0.459950,0.003543,0.074098
200.464211,0.456148,0.003300,0.075116
203.221412,0.457369,0.003472,0.074613
206.016898,0.456569,0.003575,0.077108
208.850356,0.457862,0.003406,0.077884
211.723251,0.458752,0.003475,0.076559
214.635379,0.458845,0.003564,0.078048
217.587614,0.458671,0.003359,0.077234
220.580422,0.458236,0.003413,0.076127
223.614655,0.456852,0.003509,0.074690
226.690410,0.459121,0.003347,0.075054
229.808398,0.456579,0.003574,0.075472
232.969381,0.457233,0.003594,0.074261
236.173739,0.458590,0.003373,0.075129
239.422407,0.457669,0.003475,0.076261
242.715620,0.455986,0.003585,0.078495
246.053868,0.459860,0.003602,0.077826
249.438328,0.457826,0.003589,0.077663
252.869280,0.457600,0.003397,0.076039
256.347751,0.460052,0.003454,0.076520
259.873445,0.456302,0.003519,0.075690
263.448107,0.454538,0.003429,0.076110
267.071608,0.456286,0.003399,0.076197
270.745265,0.455821,0.003244,0.074697
274.469348,0.457502,0.003487,0.075887
278.244508,0.455707,0.003450,0.077085
282.071707,0.455676,0.003490,0.076463
285.951795,0.455148,0.003448,0.076478
289.884674,0.457348,0.003453,0.077477
293.872319,0.451929,0.003523,0.078052
297.914540,0.454155,0.003461,0.077559
302.012139,0.453345,0.003593,0.077379
306.166254,0.455774,0.003551,0.078848
310.377517,0.453695,0.003464,0.076800
314.646712,0.453176,0.003489,0.075905
318.974736,0.455924,0.003515,0.074814
323.362018,0.455586,0.003486,0.075756
327.810009,0.456524,0.003456,0.076892
332.318942,0.457348,0.003560,0.076671
336.889848,0.459183,0.003563,0.077353
341.523969,0.457021,0.003558,0.078147
346.221323,0.461436,0.003327,0.077588
350.983654,0.457957,0.003664,0.083173
355.811372,0.457795,0.003582,0.081483
360.705367,0.456243,0.003719,0.083826
365.666678,0.456636,0.003601,0.081920
370.696572,0.455110,0.003642,0.082264
375.795633,0.453564,0.003696,0.080423
380.964743,0.452945,0.003497,0.080574
386.204634,0.453590,0.003623,0.077884
391.516916,0.453274,0.003370,0.079061
396.902122,0.452269,0.003449,0.079705
402.361430,0.453436,0.003399,0.081487
407.896082,0.452595,0.003529,0.079899
413.506969,0.453005,0.003665,0.078968
419.194334,0.452362,0.003467,0.077501
424.960498,0.450100,0.003556,0.080039
430.805853,0.449205,0.003627,0.080104
436.731239,0.450888,0.003652,0.080395
442.738799,0.447588,0.003653,0.080305
448.828381,0.447926,0.003551,0.078182
455.002156,0.447460,0.003719,0.078707
461.260357,0.446460,0.003582,0.079501
467.605091,0.447738,0.003541,0.077874
474.037204,0.447298,0.003744,0.082014
480.557154,0.447621,0.003605,0.079578
487.167641,0.446998,0.003696,0.080615
493.868345,0.446074,0.003517,0.081105
500.661602,0.445576,0.003695,0.080387
507.548007,0.446902,0.003636,0.080919
514.529478,0.446343,0.003775,0.080343
521.606977,0.445657,0.003528,0.081014
528.781488,0.446740,0.003670,0.079318
536.054908,0.446800,0.003696,0.081888
543.428249,0.450895,0.003748,0.080425
550.902964,0.447500,0.003615,0.080335
558.480562,0.447629,0.003472,0.081302
566.162366,0.446219,0.003779,0.082147
573.949910,0.446662,0.003716,0.080875
581.844477,0.447638,0.003495,0.083188
589.847876,0.448021,0.003546,0.084192
597.961226,0.447088,0.003603,0.083235
606.186275,0.445900,0.003681,0.084816
614.524205,0.444010,0.003628,0.081806
622.977271,0.443712,0.003887,0.080899
631.546046,0.447962,0.003707,0.082653
640.233107,0.450579,0.003781,0.084900
649.039389,0.448945,0.003644,0.081993
657.967105,0.448838,0.003794,0.083974
667.017159,0.444843,0.003604,0.081658
676.191935,0.449705,0.003684,0.083561
685.493153,0.445779,0.003765,0.083009
694.921982,0.442900,0.003630,0.083269
704.480538,0.444276,0.003716,0.085917
714.170823,0.444781,0.003679,0.084157
723.994134,0.444276,0.003767,0.083634
733.952982,0.441255,0.003782,0.084241
744.048552,0.443531,0.003667,0.082480
754.282626,0.440064,0.003550,0.082503
764.657896,0.441317,0.003641,0.084853
775.175835,0.446236,0.003844,0.086782
785.838512,0.440898,0.003790,0.084988
796.647845,0.440598,0.003902,0.085063
807.605485,0.439257,0.003760,0.081941
818.714131,0.437929,0.003763,0.081178
829.975569,0.438819,0.003840,0.082405
841.391849,0.439605,0.003788,0.084158
852.965074,0.442838,0.003741,0.084639
864.697602,0.444257,0.003636,0.085035
876.591537,0.443957,0.003915,0.087824
888.649135,0.443974,0.003769,0.087451
900.872315,0.444788,0.003621,0.085083
913.263947,0.445995,0.003747,0.083578
925.826002,0.447374,0.003608,0.081373
938.560739,0.449369,0.003639,0.082868
951.470521,0.448745,0.003610,0.081488
964.558166,0.447105,0.003727,0.083372
977.825565,0.444138,0.003935,0.084948
991.275563,0.446969,0.003614,0.082044
1004.910437,0.449038,0.003723,0.084489
1018.733461,0.441431,0.003956,0.083662
1032.746060,0.441052,0.003772,0.083702
1046.951419,0.439605,0.003825,0.081473
1061.351944,0.442055,0.003730,0.082781
1075.951065,0.441386,0.003775,0.083140
1090.750918,0.441550,0.003824,0.086023
1105.754208,0.441183,0.003643,0.086263
1120.963952,0.440383,0.003919,0.088702
1136.383005,0.438900,0.003875,0.087471
1152.013673,0.441788,0.003936,0.086918
1167.859672,0.439314,0.003674,0.086038
1183.923604,0.440876,0.003801,0.087850
1200.208590,0.447360,0.003866,0.085917
1216.717581,0.445471,0.003928,0.089054
1233.453652,0.444829,0.003688,0.084073
1250.419789,0.444267,0.003865,0.086530
1267.618977,0.442257,0.003630,0.082576
1285.055342,0.446279,0.003514,0.083635
1302.731434,0.448281,0.004245,0.086519
1320.650428,0.449433,0.003760,0.084648
1338.816158,0.448538,0.003691,0.085753
1357.231389,0.448000,0.003571,0.081916
1375.900539,0.448576,0.004109,0.082163
1394.826085,0.444338,0.003919,0.081210
1414.011824,0.447352,0.003652,0.079399
1433.461579,0.446740,0.003745,0.081919
1453.178836,0.447271,0.003791,0.083294
1473.167661,0.445069,0.003946,0.081512
1493.431032,0.447114,0.003645,0.080130
1513.973207,0.447579,0.003679,0.081182
1534.797938,0.444338,0.003664,0.082767
1555.909358,0.441536,0.003562,0.079466
1577.311145,0.437910,0.003783,0.083819
1599.006869,0.438521,0.003826,0.082795
1621.001485,0.440098,0.003685,0.082146
1643.298321,0.445224,0.003631,0.079900
1665.902045,0.441283,0.003811,0.085350
1688.816399,0.445071,0.003550,0.083422
1712.046138,0.444988,0.003806,0.080441
1735.595452,0.442217,0.003634,0.077020
1759.468536,0.439748,0.003760,0.077875
1783.670336,0.443617,0.003585,0.078569
1808.204807,0.443326,0.003706,0.083786
1833.076803,0.440036,0.003803,0.083578
1858.290871,0.441074,0.003736,0.084648
1883.851788,0.446769,0.003743,0.085937
1909.764178,0.444548,0.003800,0.083821
1936.032999,0.445038,0.003888,0.088190
1962.663338,0.442990,0.004016,0.086150
1989.660181,0.443529,0.003991,0.089920
2017.028007,0.438262,0.004165,0.086139
2044.772422,0.439243,0.003914,0.085233
2072.898344,0.443467,0.003729,0.084789
2101.411060,0.442005,0.003666,0.084356
2130.316262,0.443521,0.003950,0.085287
2159.618647,0.444083,0.003645,0.085705
2189.324542,0.445155,0.003826,0.082344
2219.438378,0.446057,0.003678,0.083583
2249.967417,0.444762,0.003854,0.083856
2280.915652,0.445645,0.003722,0.086533
2312.289970,0.445483,0.003654,0.083140
2344.095309,0.441710,0.003614,0.081333
2376.338444,0.440776,0.003644,0.080866
2409.025565,0.446083,0.004002,0.082145
2442.161937,0.443295,0.003802,0.081934
2475.753940,0.441993,0.003757,0.081177
2509.807891,0.444369,0.003968,0.089527
2544.330530,0.447633,0.003616,0.085430
2579.327938,0.448926,0.003683,0.083375
2614.806903,0.449321,0.003794,0.082765
2650.773991,0.442993,0.003786,0.084035
2687.235531,0.445779,0.003973,0.083750
2724.198791,0.440769,0.003763,0.083435
2761.670241,0.444540,0.003907,0.084209
2799.657177,0.444281,0.003876,0.085078
2838.166509,0.443762,0.003811,0.088652
2877.205675,0.442386,0.003694,0.083335
2916.782009,0.445088,0.003694,0.084925
2956.902355,0.446552,0.003731,0.084799
2997.574991,0.445812,0.003781,0.085484
3038.806444,0.448664,0.004392,0.083843
3080.605721,0.446852,0.003683,0.083756
3122.979691,0.447283,0.003748,0.086760
3165.936621,0.443126,0.003901,0.085322
3209.484209,0.447695,0.003806,0.084101
3253.630827,0.440055,0.003896,0.083482
3298.384842,0.445971,0.004110,0.084130
3343.754355,0.442138,0.003875,0.086708
3389.747882,0.443467,0.003614,0.086318
3436.374560,0.445874,0.004444,0.087279
3483.642047,0.445343,0.003922,0.084487
3531.559822,0.442305,0.003870,0.083730
3580.136366,0.438448,0.003798,0.083059
3629.381537,0.439640,0.003837,0.083044
3679.304071,0.436036,0.003920,0.086931
3729.913456,0.439207,0.004063,0.087674
3781.218381,0.442910,0.003802,0.083723
3833.229707,0.440752,0.003960,0.087855
3885.955791,0.439657,0.003814,0.083904
3939.407472,0.440126,0.003963,0.085846
3993.594405,0.437864,0.003964,0.087990
4048.526460,0.444240,0.003810,0.085860
4104.214077,0.440836,0.003904,0.085330
4160.668234,0.440176,0.003877,0.079668
4217.898423,0.443205,0.003707,0.085073
4275.916387,0.435440,0.004995,0.082071
4334.731607,0.439869,0.003977,0.085134
4394.355979,0.438726,0.003953,0.087311
4454.800933,0.436948,0.003813,0.085723
4516.076998,0.438771,0.003713,0.086343
4578.196090,0.439602,0.003844,0.086140
4641.169835,0.438774,0.004032,0.086370
4705.009494,0.438014,0.004116,0.087242
4769.727033,0.443314,0.003966,0.088105
4835.335122,0.443148,0.003785,0.086755
4901.845626,0.442843,0.003977,0.086000
4969.270473,0.443943,0.004098,0.090028
5037.623688,0.440886,0.004084,0.083332
5106.916633,0.436274,0.003920,0.086625
5177.162641,0.443840,0.003993,0.087293
5248.374953,0.441026,0.003577,0.084892
5320.566860,0.437948,0.004104,0.087723
5393.751596,0.439157,0.004194,0.085554
5467.943088,0.443652,0.004038,0.085544
5543.155185,0.441164,0.003728,0.081826
5619.401802,0.445671,0.003843,0.086140
5696.697285,0.440669,0.004297,0.086200
5775.055900,0.437976,0.003785,0.086415
-nan,0.439102,-nan,0.085523
5935.021204,0.439776,0.003664,0.086263
6016.658113,0.432788,0.003909,0.084826
6099.417635,0.439302,0.003699,0.081729
6183.315685,0.439133,0.003648,0.082084
-nan,0.440652,-nan,0.081280
6354.589736,0.440626,0.003840,0.085199
6441.998000,0.438210,0.004105,0.084592
6530.608130,0.439643,0.003784,0.083836
6620.436992,0.442307,0.003630,0.082048
6711.501717,0.438417,0.003801,0.083885
6803.818976,0.445800,0.003608,0.083248
6897.406046,0.447200,0.003754,0.083772
6992.280518,0.442476,0.003694,0.081007
7088.459693,0.444912,0.003755,0.081721
7185.962457,0.444312,0.003758,0.083328
7284.806069,0.448705,0.003643,0.082697
7385.009181,0.447038,0.003808,0.084455
7486.590633,0.445107,0.003723,0.083124
7589.569289,0.446167,0.003636,0.083760
7693.964718,0.444838,0.003758,0.085151
7799.795806,0.444129,0.003883,0.085130
7907.082948,0.443874,0.003977,0.082055
8015.845636,0.440521,0.003754,0.082121
8126.104121,0.443088,0.003808,0.085142
8237.879314,0.445188,0.003672,0.082724
8351.192207,0.442407,0.003741,0.083577
8466.063677,0.439236,0.003729,0.084006
8582.515281,0.432162,0.004041,0.086546
8700.568574,0.434986,0.005038,0.089930
8820.245668,0.442636,0.004505,0.084413
8941.569224,0.438152,0.003927,0.085856
9064.561137,0.439500,0.003961,0.088851
9189.244721,0.438064,0.003764,0.090065
9315.644082,0.435307,0.004138,0.086813
9443.781296,0.441248,0.004087,0.089370
9573.681573,0.438088,0.003816,0.088528
9705.368484,0.438471,0.003788,0.086778
9838.866714,0.438857,0.004443,0.087067
9974.201521,0.436298,0.003931,0.088209
10111.397062,0.437169,0.003986,0.088210
10250.480514,0.444260,0.004067,0.090601
10391.270619,0.441381,3.850380,0.089429
10534.412382,0.436574,-nan,0.086637
10679.314659,0.436648,-nan,0.087238
10826.209644,0.438067,-nan,0.091061
10975.124856,0.439236,-nan,0.089037
11126.062136,0.439043,-nan,0.088182
11279.128894,0.440400,-nan,0.087287
11434.274548,0.445131,-nan,0.086910
11591.554095,0.441131,-nan,0.084978
11750.997237,0.434493,-nan,0.089077
11912.633341,0.438105,-nan,0.087085
12076.492863,0.439207,-nan,0.091537
12242.606009,0.439007,-nan,0.087487
12411.004217,0.438714,-nan,0.088332
12581.718832,0.443405,-nan,0.088784
12754.781469,0.442764,-nan,0.086036
12930.224836,0.434281,-nan,0.086820
13108.081429,0.436993,-nan,0.086733
13288.384270,0.442760,-nan,0.087991
13471.167304,0.438414,-nan,0.086759
13656.464143,0.436271,-nan,0.090340
13844.310337,0.441814,-nan,0.086994
14034.740060,0.442590,-nan,0.083493
14227.789501,0.443371,-nan,0.087592
14423.493880,0.444112,-nan,0.091963
14621.890559,0.442293,-nan,0.086914
14823.016231,0.443210,-nan,0.089796
15026.908114,0.440486,-nan,0.087475
15233.604507,0.448148,-nan,0.090641
15443.144327,0.439712,-nan,0.088243
15655.566381,0.443567,-nan,0.086921
15870.910260,0.443800,-nan,0.087227
16089.216215,0.440321,-nan,0.084874
16310.524853,0.437433,-nan,0.084523
16534.877821,0.445648,-nan,0.089485
16762.316481,0.445769,-nan,0.088306
16992.884066,0.437657,-nan,0.089398
17226.622824,0.435531,-nan,0.088378
17463.576389,0.448224,-nan,0.084952
17703.789626,0.440031,-nan,0.089074
17947.307027,0.443795,-nan,0.083737
18194.173934,0.442186,-nan,0.086436
18444.436738,0.447017,-nan,0.087021
18698.141944,0.438814,-nan,0.088686
18955.336341,0.438431,-nan,0.088945
19216.068986,0.441790,-nan,0.086470
19480.388089,0.439993,-nan,0.086510
19748.342714,0.441017,-nan,0.087058
20019.983156,0.444329,-nan,0.087052
20295.359932,0.443769,-nan,0.085476
20574.524447,0.446050,-nan,0.088336
20857.529252,0.439764,-nan,0.086677
21144.426645,0.450838,-nan,0.086741
21435.270266,0.444733,-nan,0.090661
21730.114347,0.441602,-nan,0.086818
22029.014287,0.444355,-nan,0.087640
22332.025442,0.445024,-nan,0.082371
22639.205049,0.442652,-nan,0.086096
22950.609432,0.441660,-nan,0.086757
23266.297297,0.446636,-nan,0.085422
23586.327465,0.436514,-nan,0.086815
23910.759556,0.437224,-nan,0.088146
24239.654591,0.440614,-nan,0.091746
24573.073456,0.443826,-nan,0.087394
24911.078305,0.440726,-nan,0.087029
25253.732759,0.441267,-nan,0.088282
25601.100757,0.439814,-nan,0.090524
25953.246049,0.438795,-nan,0.086762
26310.235765,0.440074,-nan,0.090614
26672.135545,0.444860,-nan,0.089646
27039.013603,0.439331,-nan,0.087531
27410.937946,0.445195,-nan,0.084777
27787.978216,0.434071,-nan,0.085302
28170.204429,0.440560,-nan,0.087979
28557.688594,0.435964,-nan,0.087229
28950.502335,0.443290,-nan,0.089544
29348.719457,0.439498,-nan,0.089869
29752.414113,0.437038,-nan,0.086495
30161.661240,0.434962,-nan,0.088113
30576.538037,0.437960,-nan,0.091106
30997.121127,0.439069,-nan,0.086751
31423.489902,0.442024,-nan,0.087762
31855.722959,0.440205,-nan,0.086778
32293.901859,0.439310,-nan,0.090392
32738.107403,0.440398,-nan,0.088842
33188.423484,0.438267,-nan,0.083998
33644.933684,0.445312,-nan,0.086573
34107.723318,0.442612,-nan,0.086523
34576.878358,0.439417,-nan,0.089286
35052.486451,0.445012,-nan,0.086683
35534.637177,0.438426,-nan,0.088290
36023.419432,0.446433,-nan,0.088045
36518.925545,0.441907,-nan,0.085610
37021.246748,0.443629,-nan,0.089925
37530.477957,0.441624,-nan,0.090941
38046.713187,0.441614,-nan,0.087168
38570.049660,0.440883,-nan,0.082175
39100.584496,0.442888,-nan,0.086796
39638.416899,0.444083,-nan,0.085825
40183.647677,0.437288,-nan,0.089512
40736.377475,0.450676,-nan,0.086721
41296.710502,0.439643,-nan,0.088326
41864.750948,0.445957,-nan,0.089858
42440.604634,0.444460,-nan,0.083162
43024.379983,0.436674,-nan,0.090445
43616.184220,0.442460,-nan,0.090995
44216.129305,0.437593,-nan,0.090758
44824.326644,0.442583,-nan,0.086596
45440.889752,0.445431,-nan,0.088691
46065.933680,0.439952,-nan,0.084689
46699.575339,0.439240,-nan,0.084301
47341.933102,0.442379,-nan,0.091447
47992.914241,0.441600,-nan,0.089371
48653.275960,0.442571,-nan,0.091295
49322.506532,0.437452,-nan,0.090690
50000.942715,0.441326,-nan,0.087015
50688.711018,0.439171,-nan,0.087894
51385.939287,0.437552,-nan,0.089950
52092.758072,0.440890,-nan,0.093575
52809.299460,0.439905,-nan,0.090655
53535.696272,0.439793,-nan,0.091417
54272.085447,0.435210,-nan,0.090621
55018.603366,0.438700,-nan,0.092468
55775.390168,0.444081,-nan,0.089746
56542.585821,0.441588,-nan,0.094042
57320.334793,0.435555,-nan,0.087644
58108.781893,0.436360,-nan,0.088126
58908.074302,0.435350,-nan,0.088685
59718.360515,0.442412,-nan,0.086310
60539.792867,0.445752,-nan,0.093151
61372.048422,0.437657,-nan,0.087934
62216.708553,0.437462,-nan,0.090301
63072.506137,0.443900,-nan,0.091046
63940.075004,0.441826,-nan,0.096779
64819.577001,0.436352,-nan,0.095454
65711.176941,0.440090,-nan,0.088030
66615.041074,0.428721,-nan,0.092156
67531.337500,0.438198,-nan,0.089567
68460.237850,0.442483,-nan,0.093059
69401.915448,0.437455,-nan,0.090944
70356.545843,0.439610,-nan,0.096999
71324.307293,0.440112,-nan,0.092067
72305.380536,0.435017,-nan,0.090814
73299.947879,0.443548,-nan,0.093515
74308.196480,0.438360,-nan,0.093510
75330.313240,0.438943,-nan,0.089613
76366.489511,0.432910,-nan,0.092458
77416.541461,0.443610,-nan,0.091131
78481.795778,0.438736,-nan,0.095319
79561.320901,0.438729,-nan,0.095641
80655.694679,0.437417,-nan,0.093457
81765.121913,0.444910,-nan,0.092654
82889.809492,0.442907,-nan,0.093140
84029.898624,0.444250,-nan,0.095092
85183.644117,0.440293,-nan,0.093269
86357.547370,0.437621,-nan,0.092825
87545.404480,0.437357,-nan,0.096430
88749.056962,0.434695,-nan,0.098245
89970.359902,0.438745,-nan,0.098579
91207.911661,0.440662,-nan,0.099903
92462.485588,0.440160,-nan,0.098898
93734.078794,0.437171,-nan,0.096166
95021.692538,0.430081,-nan,0.100874
96330.701546,0.436169,-nan,0.102229
97655.740076,0.429429,-nan,0.101500
98998.605262,0.438276,-nan,0.101455
100360.746083,0.439964,-nan,0.100105
101741.218628,0.435617,-nan,0.098369
103140.090129,0.436331,-nan,0.097487
104559.390011,0.433519,-nan,0.103561
105997.614754,0.436162,-nan,0.100039
107455.622812,0.438312,-nan,0.100808
108933.686010,0.436452,-nan,0.101598
110432.080071,0.436590,-nan,0.103564
111951.084527,0.438576,-nan,0.102934
113490.982993,0.436852,-nan,0.105468
115052.063231,0.434690,-nan,0.103946
116634.616035,0.438988,-nan,0.101830
118238.937040,0.433157,-nan,0.101406
119865.325566,0.433338,-nan,0.099297
121514.085055,0.430462,-nan,0.102396
123185.524257,0.430586,-nan,0.103195
124879.953477,0.437140,-nan,0.099717
126597.690038,0.431079,-nan,0.102322
128339.054066,0.438936,-nan,0.099295
130103.390401,0.436383,-nan,0.102285
131893.969838,0.431098,-nan,0.100180
133708.184944,0.432967,-nan,0.097390
135547.354428,0.435764,-nan,0.104857
137411.822047,0.439821,-nan,0.104194
139301.935577,0.438357,-nan,0.101208
141218.048258,0.438762,-nan,0.102323
143160.516917,0.433410,-nan,0.105117
145129.704531,0.430848,-nan,0.103718
147125.978455,0.429307,-nan,0.104768
149149.710971,0.430793,-nan,0.099173
151201.280502,0.436505,-nan,0.101057
153281.069825,0.437052,-nan,0.106191
155389.466348,0.433650,-nan,0.100760
157526.864435,0.441762,-nan,0.102011
159693.662855,0.432502,-nan,0.103409
161890.265240,0.433450,-nan,0.102813
164117.082451,0.438019,-nan,0.104357
166374.529616,0.432100,-nan,0.103530
168663.027982,0.440533,-nan,0.098896
170983.005722,0.432067,-nan,0.103706
173334.894210,0.435133,-nan,0.098717
175719.133375,0.437590,-nan,0.104858
178135.196424,0.437164,-nan,0.102852
180586.449296,0.432495,-nan,0.105023
183069.928813,0.435464,-nan,0.103926
185587.538969,0.433800,-nan,0.106922
188141.376736,0.440767,-nan,0.103552
190729.280915,0.435883,-nan,0.105487
193352.781285,0.435283,-nan,0.102993
196012.368683,0.431305,-nan,0.102507
198708.538492,0.435114,-nan,0.100829
201441.795155,0.433481,-nan,0.104048
204212.647662,0.434629,-nan,0.101734
207021.613577,0.432426,-nan,0.101846
209869.216990,0.431790,-nan,0.110105
212755.989227,0.430919,-nan,0.102657
215682.469632,0.435124,-nan,0.103078
218649.167831,0.431657,-nan,0.106421
221656.746434,0.430712,-nan,0.100791
224705.657815,0.429238,-nan,0.108989
227796.506737,0.434812,-nan,0.104143
230929.871047,0.423286,-nan,0.103932
234106.335269,0.432807,-nan,0.106249
237326.491550,0.437069,-nan,0.103695
240586.888148,0.431690,-nan,0.106668
243900.294990,0.428969,-nan,0.108906
247255.168437,0.435619,-nan,0.108313
250656.188798,0.431726,-nan,0.108901
254101.794406,0.430114,-nan,0.105877
257599.216507,0.423171,-nan,0.106962
261132.646030,0.432148,-nan,0.108619
264733.944952,0.426483,-nan,0.110509
268376.013127,0.430164,-nan,0.111017
272067.552773,0.427324,-nan,0.109493
275809.869839,0.433752,-nan,0.111295
279603.377146,0.434086,-nan,0.112265
283449.639699,0.429560,-nan,0.110448
287348.033527,0.432940,-nan,0.111799
291299.355957,0.428645,-nan,0.112336
295302.458776,0.429300,-nan,0.113061
299367.951641,0.430431,-nan,0.115859
303487.756169,0.425231,-nan,0.113278
307662.261215,0.431279,-nan,0.113813
311894.187143,0.428193,-nan,0.116633
316184.323908,0.423483,-nan,0.111221
320533.471560,0.431131,-nan,0.117173
324942.442163,0.424793,-nan,0.116480
329412.058847,0.427017,-nan,0.117418
333939.595799,0.426448,-nan,0.119223
338533.246872,0.429150,-nan,0.120106
343191.407481,0.424236,-nan,0.117913
347913.840525,0.427767,-nan,0.119505
352697.541712,0.423048,-nan,0.119670
357546.056011,0.429524,-nan,0.123196
362463.412675,0.423986,-nan,0.121085
367454.794427,0.424745,-nan,0.123774
372509.173038,0.420367,-nan,0.121212
377632.371197,0.423060,-nan,0.121359
382827.456221,0.424198,-nan,0.121686
388093.287076,0.419829,-nan,0.121674
393424.912463,0.421224,-nan,0.120270
398834.547684,0.427305,-nan,0.123930
404316.063827,0.422333,-nan,0.127894
409890.962981,0.420879,-nan,0.125211
415516.685776,0.428362,-nan,0.130246
421243.426450,0.416105,-nan,0.129697
427038.963694,0.410748,-nan,0.128820
432912.928310,0.422557,-nan,0.129869
438867.690250,0.422605,-nan,0.131402
444903.523005,0.416248,-nan,0.132558
451023.735389,0.420702,-nan,0.130631
457223.591644,0.416107,-nan,0.129964
463517.164731,0.422033,-nan,0.129831
469892.890900,0.418583,-nan,0.130783
476356.316243,0.413731,-nan,0.130720
482908.645661,0.419988,-nan,0.129052
489545.384094,0.415319,-nan,0.134972
496284.929070,0.419605,-nan,0.129778
503104.427083,0.418131,-nan,0.133313
510029.404734,0.409429,-nan,0.131570
517047.266454,0.413781,-nan,0.135015
524153.494774,0.411214,-nan,0.134546
531369.169685,0.413690,-nan,0.134400
538678.206952,0.418817,-nan,0.137655
546086.557979,0.413126,-nan,0.136156
553579.752164,0.407433,-nan,0.140556
561213.822364,0.419500,-nan,0.139672
568928.486381,0.411048,-nan,0.137915
576754.774678,0.412726,-nan,0.140830
584688.714743,0.414088,-nan,0.141323
592732.175048,0.408331,-nan,0.140756
600876.643184,0.410614,-nan,0.142798
609137.244721,0.411617,-nan,0.143388
617530.984766,0.407181,-nan,0.141914
626026.893694,0.410469,-nan,0.142815
634636.327969,0.408588,-nan,0.144788
643364.672992,0.406552,-nan,0.145016
652205.769408,0.409088,-nan,0.146146
661172.266081,0.412029,-nan,0.148404
670283.079733,0.402629,-nan,0.150196
679498.735581,0.405348,-nan,0.147063
688849.524040,0.406383,-nan,0.149087
698308.548796,0.400488,-nan,0.149419
707930.247986,0.405514,-nan,0.147996
717654.339064,0.401874,-nan,0.151043
727511.186064,0.402800,-nan,0.152332
737534.609054,0.402636,-nan,0.152279
747685.572550,0.395805,-nan,0.152698
757976.488819,0.401131,-nan,0.154357
768402.533241,0.407207,-nan,0.155116
778969.477229,0.398395,-nan,0.153189
789682.512072,0.397576,-nan,0.153672
800547.414950,0.401057,-nan,0.156396
811556.617018,0.394707,-nan,0.155902
822693.563180,0.392883,-nan,0.156590
834040.436800,0.392895,-nan,0.159984
