0.000000,0.001000,0.000000,-nan
0.841707,0.001377,0.593856,0.001184
1.663554,0.001459,0.282204,0.001360
2.130679,0.001498,0.416712,0.001467
2.560573,0.001519,0.531918,0.001568
2.956456,0.001552,0.653738,0.001652
3.339473,0.001556,0.760924,0.001708
3.708936,0.001557,0.863526,0.001766
4.063739,0.001574,0.963216,0.001822
4.412140,0.001586,1.054234,0.001871
4.741657,0.001604,1.135124,0.001914
5.072197,0.001627,1.221535,0.001975
5.386049,0.001641,1.293898,0.002023
5.685558,0.001662,1.371327,0.002071
5.985570,0.001667,1.445301,0.002103
6.279608,0.001669,1.517916,0.002134
6.571706,0.001693,1.592792,0.002180
6.857373,0.001709,1.666046,0.002221
7.135381,0.001731,1.734792,0.002259
7.415532,0.001737,1.799860,0.002292
7.674091,0.001752,1.862381,0.002334
7.936010,0.001747,1.928742,0.002361
8.197102,0.001754,1.995178,0.002389
8.450504,0.001771,2.064529,0.002426
8.720412,0.001784,2.136323,0.002457
8.968442,0.001790,2.197744,0.002486
9.211145,0.001800,2.248357,0.002514
9.440487,0.001807,2.297456,0.002533
9.686486,0.001813,2.359669,0.002554
9.928912,0.001808,2.421004,0.002568
10.169321,0.001820,2.480303,0.002601
10.407782,0.001831,2.549267,0.002622
10.626746,0.001848,2.602212,0.002663
10.856629,0.001859,2.661481,0.002687
11.089161,0.001855,2.710504,0.002701
11.302534,0.001855,2.753679,0.002711
11.533804,0.001851,2.815357,0.002719
11.765252,0.001844,2.863815,0.002724
11.977615,0.001862,2.910561,0.002754
12.203189,0.001866,2.968500,0.002772
12.410373,0.001876,3.016219,0.002802
12.643131,0.001893,3.080145,0.002828
12.876779,0.001882,3.144696,0.002830
13.095972,0.001872,3.205525,0.002837
13.324371,0.001875,3.269435,0.002852
13.568214,0.001865,3.335467,0.002856
13.802215,0.001863,3.395258,0.002858
14.046332,0.001863,3.457888,0.002875
14.278816,0.001862,3.517763,0.002873
14.503240,0.001853,3.573055,0.002882
14.744785,0.001857,3.636197,0.002898
14.974690,0.001864,3.695321,0.002917
15.203419,0.001869,3.745414,0.002932
15.429704,0.001862,3.778994,0.002935
15.654260,0.001860,3.821819,0.002936
15.898950,0.001857,3.873601,0.002939
16.124491,0.001847,3.912343,0.002944
16.393821,0.001829,3.981916,0.002935
16.649773,0.001815,4.041512,0.002934
16.899341,0.001820,4.082820,0.002943
17.151219,0.001827,4.136097,0.002973
17.430828,0.001811,4.208265,0.002965
17.683410,0.001810,4.260831,0.002982
17.951484,0.001803,4.342602,0.002992
18.211821,0.001811,4.405573,0.003020
18.475753,0.001789,4.478318,0.003011
18.727123,0.001793,4.529575,0.003033
18.999169,0.001778,4.598128,0.003007
19.291881,0.001772,4.672926,0.003010
19.590275,0.001762,4.750498,0.003003
19.882528,0.001758,4.827554,0.003005
20.161016,0.001755,4.894300,0.003013
20.438422,0.001752,4.948825,0.003019
20.713255,0.001758,5.010404,0.003041
21.011541,0.001750,5.086104,0.003042
21.315385,0.001753,5.162951,0.003066
21.617687,0.001763,5.228030,0.003091
21.928579,0.001757,5.307120,0.003086
22.243323,0.001772,5.380463,0.003112
22.558370,0.001761,5.459453,0.003115
22.884910,0.001749,5.547715,0.003111
23.211152,0.001741,5.621481,0.003106
23.545763,0.001756,5.703918,0.003149
23.863296,0.001748,5.770319,0.003142
24.213040,0.001738,5.856054,0.003148
24.567516,0.001733,5.937339,0.003154
24.927013,0.001746,6.022244,0.003191
25.297216,0.001730,6.124528,0.003168
25.669142,0.001735,6.220063,0.003181
26.023996,0.001721,6.321810,0.003158
26.380941,0.001719,6.409261,0.003167
26.728477,0.001712,6.481980,0.003182
27.109172,0.001695,6.578681,0.003171
27.461637,0.001694,6.662158,0.003181
27.853432,0.001702,6.749243,0.003221
28.246675,0.001669,6.832151,0.003181
28.608582,0.001665,6.927618,0.003182
28.976409,0.001669,7.009321,0.003208
29.383138,0.001670,7.119007,0.003188
29.802589,0.001647,7.213372,0.003168
30.205812,0.001649,7.296369,0.003199
30.602111,0.001651,7.394700,0.003213
30.992110,0.001679,7.495617,0.003270
31.426401,0.001664,7.594328,0.003255
31.874772,0.001655,7.708714,0.003257
32.285520,0.001651,7.773380,0.003268
32.677824,0.001661,7.873905,0.003328
33.129341,0.001664,7.966469,0.003338
33.563941,0.001658,8.071561,0.003330
34.043495,0.001649,8.182407,0.003303
34.544440,0.001658,8.310857,0.003348
34.996427,0.001658,8.406256,0.003356
35.437284,0.001644,8.503510,0.003343
35.887579,0.001643,8.572644,0.003356
36.360308,0.001645,8.677620,0.003366
36.886708,0.001641,8.807153,0.003350
37.390361,0.001631,8.931703,0.003358
37.870757,0.001632,9.037416,0.003354
38.391873,0.001610,9.177516,0.003335
38.929757,0.001592,9.330319,0.003316
39.432423,0.001579,9.487694,0.003293
39.995050,0.001575,9.636158,0.003290
40.534718,0.001575,9.769932,0.003308
41.047333,0.001585,9.895486,0.003335
41.629179,0.001585,10.041036,0.003368
42.202615,0.001556,10.184768,0.003330
42.679538,0.001538,10.266192,0.003299
43.298450,0.001536,10.430984,0.003307
43.882675,0.001540,10.577312,0.003303
44.463883,0.001538,10.693201,0.003315
45.083837,0.001509,10.835222,0.003258
45.715150,0.001510,10.983334,0.003293
46.336355,0.001499,11.124629,0.003285
46.966785,0.001508,11.275165,0.003330
47.631382,0.001491,11.459618,0.003292
48.318096,0.001498,11.634219,0.003305
48.947935,0.001504,11.778801,0.003328
49.551823,0.001487,11.909967,0.003334
50.213624,0.001472,12.062136,0.003343
50.779920,0.001491,12.192531,0.003384
51.475086,0.001491,12.373188,0.003385
52.206410,0.001492,12.559741,0.003425
52.913564,0.001482,12.744783,0.003428
53.703837,0.001480,12.949903,0.003417
54.373791,0.001479,13.130000,0.003387
55.055277,0.001470,13.296606,0.003381
55.852275,0.001469,13.492314,0.003427
56.620435,0.001441,13.689999,0.003366
57.375851,0.001429,13.891299,0.003360
58.169602,0.001426,14.088560,0.003364
58.957121,0.001416,14.281821,0.003362
59.799997,0.001406,14.495809,0.003377
60.662980,0.001374,14.699161,0.003322
61.399340,0.001383,14.831220,0.003368
62.130457,0.001363,15.044731,0.003350
63.014639,0.001353,15.285324,0.003350
63.811985,0.001365,15.471136,0.003412
64.639015,0.001363,15.700345,0.003414
65.462166,0.001365,15.910575,0.003448
66.294085,0.001350,16.187796,0.003420
67.175902,0.001349,16.436028,0.003409
67.996116,0.001334,16.624096,0.003395
68.758854,0.001315,16.747841,0.003362
69.578015,0.001279,16.783764,0.003264
70.448184,0.001261,16.881514,0.003234
71.397580,0.001238,17.137053,0.003187
72.301102,0.001243,17.417683,0.003258
73.169093,0.001223,17.580631,0.003244
74.146460,0.001197,17.817139,0.003210
75.143401,0.001214,18.139254,0.003283
76.061593,0.001208,18.343757,0.003292
77.173971,0.001218,18.612903,0.003314
78.336743,0.001195,18.779595,0.003313
79.275067,0.001178,19.020193,0.003306
80.264688,0.001167,19.146176,0.003261
81.258558,0.001150,19.465572,0.003209
82.416223,0.001136,19.783536,0.003169
83.485044,0.001120,20.092645,0.003123
84.618628,0.001105,20.337364,0.003090
85.771097,0.001080,20.652112,0.003064
86.963623,0.001083,21.058391,0.003112
88.066537,0.001088,21.376251,0.003165
89.402945,0.001060,21.639339,0.003122
90.468318,0.001054,21.932210,0.003094
91.772371,0.001051,22.252096,0.003132
93.065913,0.001021,22.565017,0.003060
94.302698,0.001009,22.946046,0.003072
95.722993,0.000998,23.248269,0.003061
96.678377,0.001004,23.525402,0.003087
97.997526,0.001002,23.808417,0.003068
99.452783,0.000971,24.184153,0.003021
101.045131,0.000956,24.477727,0.003010
102.705070,0.000950,24.869146,0.002984
104.098925,0.000957,25.312117,0.003028
105.513965,0.000935,25.620708,0.002976
106.789804,0.000941,25.899509,0.003021
108.404548,0.000937,26.363281,0.003063
109.841746,0.000924,26.579200,0.003068
111.614022,0.000916,27.083480,0.003031
112.926443,0.000905,27.213340,0.003036
114.568038,0.000910,27.611836,0.003076
116.112794,0.000892,27.840373,0.003093
117.949149,0.000876,28.296148,0.003032
119.806761,0.000866,28.704423,0.002973
121.543294,0.000848,28.949847,0.002960
123.122534,0.000842,29.513401,0.002943
124.536542,0.000848,29.671770,0.002958
125.816299,0.000854,29.881746,0.003029
127.546232,0.000810,30.378635,0.002959
129.222410,0.000779,30.796344,0.002897
130.207150,0.000765,30.954860,0.002904
132.324377,0.000744,31.697283,0.002834
133.978768,0.000721,32.054734,0.002764
135.803935,0.000698,32.481430,0.002681
137.562521,0.000698,33.041532,0.002680
139.216275,0.000686,33.214579,0.002623
140.702133,0.000663,33.662672,0.002595
142.480326,0.000680,34.146636,0.002685
144.425212,0.000688,34.745741,0.002727
145.893099,0.000673,35.192245,0.002654
148.371870,0.000657,35.878283,0.002592
150.050653,0.000641,36.267559,0.002552
151.919573,0.000642,36.727809,0.002612
153.764625,0.000622,37.227680,0.002562
155.950670,0.000607,37.803252,0.002517
157.797385,0.000603,38.259449,0.002482
159.668451,0.000566,38.857116,0.002360
161.457122,0.000556,39.371023,0.002366
163.835950,0.000556,40.096038,0.002420
166.272977,0.000564,40.647958,0.002435
168.300142,0.000543,41.186149,0.002374
170.642777,0.000525,41.968926,0.002341
173.253245,0.000523,42.798108,0.002328
175.866402,0.000509,43.640457,0.002290
178.806074,0.000502,44.347498,0.002226
181.593239,0.000521,45.202184,0.002353
184.227675,0.000524,45.810258,0.002427
186.211110,0.000514,46.738868,0.002443
188.321280,0.000488,47.448520,0.002382
190.992680,0.000484,48.313064,0.002357
193.335943,0.000474,48.752326,0.002346
195.267176,0.000455,48.808972,0.002248
197.961571,0.000438,49.537823,0.002211
200.374836,0.000430,50.397457,0.002160
202.921724,0.000434,51.331084,0.002208
205.003797,0.000423,51.868909,0.002156
205.784943,0.000416,51.445574,0.002211
208.497536,0.000400,52.286362,0.002217
210.258719,0.000402,53.149398,0.002243
213.042658,0.000393,54.143526,0.002223
215.566988,0.000401,54.253135,0.002288
217.059369,0.000402,54.864582,0.002308
220.500702,0.000383,56.156632,0.002261
223.342871,0.000336,57.037459,0.002012
225.747721,0.000328,58.352494,0.001945
228.358372,0.000313,59.327734,0.001890
230.064250,0.000301,59.618442,0.001855
231.948027,0.000314,59.406352,0.001922
235.263291,0.000286,60.277141,0.001773
236.521297,0.000294,60.956299,0.001913
240.098391,0.000282,62.157517,0.001922
243.594257,0.000268,63.204539,0.001818
246.469439,0.000265,63.792370,0.001867
248.624204,0.000261,64.420490,0.001857
252.959354,0.000255,66.325873,0.001892
256.543664,0.000247,67.210808,0.001788
260.682076,0.000236,67.648928,0.001799
262.432660,0.000225,68.264581,0.001680
268.070259,0.000239,71.481389,0.001784
271.979702,0.000224,72.617945,0.001760
276.613822,0.000207,74.416716,0.001595
280.342982,0.000201,75.489182,0.001533
286.271894,0.000205,77.349426,0.001689
291.017581,0.000184,78.532482,0.001531
298.237646,0.000165,79.499070,0.001381
302.221245,0.000160,81.535784,0.001341
304.559062,0.000151,81.589959,0.001303
305.833082,0.000133,79.846542,0.001198
305.490118,0.000127,80.006896,0.001125
310.580853,0.000134,81.417860,0.001178
315.180756,0.000127,82.960159,0.001200
309.567904,0.000121,72.121071,0.001236
314.921931,0.000113,72.767370,0.001142
318.569352,0.000108,73.999831,0.001136
323.039641,0.000087,75.672919,0.000913
322.945892,0.000092,75.517557,0.000980
324.946823,0.000092,77.820967,0.001099
330.998921,0.000079,81.197723,0.000875
339.702972,0.000073,83.131306,0.000857
340.896306,0.000064,82.205511,0.000761
339.290358,0.000052,72.885824,0.000613
343.934298,0.000058,74.006322,0.000707
350.286155,0.000060,75.159009,0.000742
347.689095,0.000058,74.888782,0.000782
352.473930,0.000053,75.911061,0.000707
358.611777,0.000052,79.478939,0.000703
363.376064,0.000045,80.232002,0.000646
361.547906,0.000041,77.034657,0.000626
366.522073,0.000042,78.124274,0.000589
376.026446,0.000034,76.594149,0.000503
371.640722,0.000036,64.527623,0.000581
371.641006,0.000032,67.922463,0.000469
376.799556,0.000032,68.904314,0.000491
382.143849,0.000025,69.736344,0.000423
387.311963,0.000035,70.927269,0.000585
394.643085,0.000029,71.547970,0.000528
386.964634,0.000033,63.640961,0.000641
392.105437,0.000028,64.769431,0.000587
403.434562,0.000031,65.938400,0.000594
405.233660,0.000029,64.500333,0.000543
410.814326,0.000028,65.461321,0.000541
416.483421,0.000024,66.413088,0.000483
425.272778,0.000023,68.696498,0.000479
429.458099,0.000030,72.105864,0.000596
435.466746,0.000025,73.187619,0.000529
440.860237,0.000017,73.209538,0.000420
437.332486,0.000021,69.164183,0.000478
443.393418,0.000020,70.127344,0.000417
449.555429,0.000022,71.120694,0.000439
455.841057,0.000023,72.152641,0.000478
461.933310,0.000025,73.141918,0.000516
468.666292,0.000015,75.831277,0.000325
475.172819,0.000015,76.991010,0.000335
481.094331,0.000019,77.597759,0.000477
479.923380,0.000018,83.332670,0.000548
522.047532,0.000010,59.619466,0.000288
527.048626,0.000010,61.047313,0.000321
547.017645,0.000011,70.320314,0.000364
554.653150,0.000011,71.305798,0.000422
562.271714,0.000017,72.268697,0.000682
570.151742,0.000010,73.296177,0.000360
578.092168,0.000013,74.267752,0.000463
584.627800,0.000009,75.566428,0.000355
599.723534,0.000008,93.291235,0.000311
606.203326,0.000009,90.824332,0.000363
577.224531,0.000006,41.272512,0.000282
583.927506,0.000004,44.620780,0.000206
610.753804,0.000002,1.490398,0.000214
616.817712,0.000001,0.000000,0.000045
625.305013,0.000001,0.000000,0.000045
633.921680,0.000000,0.000000,0.000034
642.788347,0.000001,0.000000,0.000045
651.755013,0.000001,0.000000,0.000068
660.781204,0.000001,0.000000,0.000045
664.614537,0.000000,0.000000,0.000000
