0.000000,0.995000,0.000000,0.000000
1.002979,0.851691,0.001712,0.026614
1.016347,0.850356,0.001715,0.026634
1.029956,0.848988,0.001665,0.026748
1.043389,0.847571,0.001723,0.026497
1.057318,0.846362,0.001692,0.026514
1.071550,0.845285,0.001742,0.026418
1.085872,0.843879,0.001681,0.026357
1.100139,0.842597,0.001689,0.026701
1.114861,0.841300,0.001760,0.026421
1.129785,0.840191,0.001686,0.026676
1.144663,0.839015,0.001768,0.026694
1.160011,0.838124,0.001660,0.026889
1.175512,0.836712,0.001790,0.026754
1.190906,0.835332,0.001752,0.026768
1.206819,0.834097,0.001729,0.026956
1.223047,0.832753,0.001686,0.026627
1.239215,0.831147,0.001764,0.026765
1.255788,0.829997,0.001739,0.026653
1.272572,0.828421,0.001713,0.026813
1.289469,0.827138,0.001799,0.026667
1.306493,0.825759,0.001765,0.026393
1.323988,0.824347,0.001712,0.026816
1.341619,0.822715,0.001724,0.026803
1.359465,0.821500,0.001726,0.027201
1.377608,0.820015,0.001726,0.027581
1.395913,0.818441,0.001744,0.027712
1.414583,0.817215,0.001783,0.028107
1.433377,0.815971,0.001768,0.028215
1.452353,0.814353,0.001786,0.028011
1.471713,0.812809,0.001873,0.027949
1.491543,0.811282,0.001845,0.028266
1.511359,0.809926,0.001788,0.028617
1.531458,0.808491,0.001809,0.029044
1.551871,0.807188,0.001771,0.029675
1.572517,0.805603,0.001796,0.029821
1.593515,0.804162,0.001793,0.029969
1.614701,0.802712,0.001820,0.030194
1.636154,0.801324,0.001789,0.030073
1.658120,0.800141,0.001844,0.030372
1.680054,0.798371,0.001785,0.030557
1.702498,0.796765,0.001798,0.030985
1.725108,0.794906,0.001800,0.030808
1.748187,0.793759,0.001850,0.031421
1.771389,0.792338,0.001788,0.031531
1.795019,0.791006,0.001818,0.031876
1.818891,0.789356,0.001863,0.031773
1.843158,0.787856,0.001841,0.032104
1.867745,0.786568,0.001858,0.032286
1.892670,0.784865,0.001906,0.032955
1.917960,0.783585,0.001919,0.033357
1.943499,0.782088,0.001882,0.033612
1.969226,0.780656,0.001822,0.034008
1.995548,0.779094,0.001810,0.033990
2.022024,0.777918,0.001851,0.034389
2.049041,0.776418,0.001866,0.034044
2.076243,0.775141,0.001896,0.034062
2.104104,0.774029,0.001960,0.033893
2.132144,0.772506,0.001862,0.034025
2.160446,0.770894,0.001842,0.033785
2.189334,0.769365,0.001857,0.033764
2.218460,0.768221,0.001976,0.033571
2.247981,0.767141,0.001900,0.034242
2.278016,0.765882,0.001850,0.033927
2.308447,0.764779,0.001980,0.033929
2.339077,0.762529,0.001912,0.033738
2.370282,0.761150,0.001892,0.033532
2.401898,0.759468,0.002009,0.033796
2.433825,0.758282,0.001950,0.034017
2.466360,0.757303,0.001916,0.034096
2.499321,0.755838,0.001943,0.034357
2.532590,0.754103,0.001931,0.034894
2.566353,0.752809,0.001896,0.035061
2.600421,0.751379,0.001957,0.034934
2.635125,0.749821,0.001976,0.035166
2.670288,0.748471,0.001905,0.034947
2.705814,0.746724,0.001983,0.035038
2.741993,0.745094,0.001968,0.034945
2.778404,0.743441,0.001934,0.034956
2.815619,0.741626,0.001927,0.035159
2.853071,0.740056,0.001899,0.035966
2.890976,0.738385,0.002019,0.036185
2.929763,0.736997,0.002000,0.035716
2.968731,0.735341,0.001960,0.034923
3.008145,0.734126,0.001948,0.035138
3.048344,0.732785,0.001961,0.035505
3.089032,0.731403,0.001918,0.035126
3.130102,0.730356,0.001959,0.035346
3.171891,0.728747,0.001876,0.035356
3.214184,0.727806,0.001992,0.035584
3.257090,0.726909,0.002007,0.035533
3.300433,0.725471,0.002043,0.035967
3.344583,0.723685,0.001981,0.036286
3.389158,0.722494,0.002024,0.036568
3.434220,0.720829,0.002031,0.036632
3.479942,0.719674,0.002066,0.036963
3.526451,0.717994,0.002059,0.037102
3.573523,0.716438,0.002026,0.037205
3.621151,0.715371,0.002057,0.037646
3.669446,0.714162,0.002050,0.038143
3.718336,0.712968,0.002032,0.038333
3.767937,0.711738,0.002067,0.038527
3.818232,0.710406,0.002109,0.038253
3.869104,0.709253,0.002037,0.038814
3.920549,0.707982,0.002022,0.038550
3.972990,0.706359,0.002043,0.039130
4.026010,0.705479,0.002035,0.039201
4.079575,0.704162,0.002052,0.039080
4.133930,0.702891,0.002025,0.039647
4.189135,0.702029,0.002103,0.039791
4.245024,0.700615,0.002088,0.039600
4.301652,0.698991,0.002094,0.039809
4.359064,0.697679,0.002075,0.039675
4.416947,0.696706,0.002123,0.039573
4.475961,0.695021,0.002121,0.039568
4.535687,0.693368,0.002115,0.039550
4.596250,0.692112,0.002081,0.039069
4.657505,0.691415,0.002118,0.038829
4.719554,0.690209,0.002138,0.038770
4.782557,0.688988,0.002100,0.039223
4.846253,0.688515,0.002111,0.038472
4.910764,0.687497,0.002127,0.039298
4.976202,0.685900,0.002179,0.038984
5.042657,0.684459,0.002101,0.039202
5.109957,0.682841,0.002140,0.039691
5.178075,0.681353,0.002141,0.038765
5.247216,0.680200,0.002196,0.039410
5.317051,0.679094,0.002203,0.039710
5.387913,0.678559,0.002183,0.040361
5.460010,0.677059,0.002149,0.040139
5.532552,0.675862,0.002275,0.039838
5.606604,0.675050,0.002213,0.039544
5.681309,0.674300,0.002158,0.039382
5.757025,0.673518,0.002198,0.039979
5.833685,0.672829,0.002246,0.040558
5.911391,0.670903,0.002101,0.040964
5.990457,0.669559,0.002124,0.041566
6.070279,0.668638,0.002258,0.042245
6.151285,0.667241,0.002164,0.042388
6.233306,0.666394,0.002210,0.042640
6.316489,0.664409,0.002155,0.043107
6.400553,0.663144,0.002222,0.043642
6.486186,0.661374,0.002244,0.044234
6.572642,0.660406,0.002243,0.044424
6.660315,0.659082,0.002219,0.045251
6.749084,0.657753,0.002212,0.045192
6.839186,0.656685,0.002157,0.045551
6.930226,0.656006,0.002312,0.044803
7.022758,0.655382,0.002219,0.044983
7.116403,0.654112,0.002239,0.044669
7.211550,0.652576,0.002175,0.044416
7.307674,0.651168,0.002284,0.044619
7.404995,0.649968,0.002186,0.044573
7.503783,0.649206,0.002257,0.045025
7.603900,0.648091,0.002243,0.044769
7.705377,0.646856,0.002199,0.044826
7.808157,0.645632,0.002186,0.044138
7.912473,0.644647,0.002286,0.044667
8.017711,0.643400,0.002330,0.046226
8.124654,0.641626,0.002388,0.045994
8.233054,0.639529,0.002315,0.046323
8.343068,0.637741,0.002320,0.045954
8.454408,0.636562,0.002337,0.046678
8.566963,0.635094,0.002276,0.047906
8.681320,0.635471,0.002268,0.047183
8.797125,0.633226,0.002355,0.046949
8.914472,0.632165,0.002240,0.047698
9.033289,0.629712,0.002286,0.047782
9.153819,0.628444,0.002255,0.047957
9.275827,0.627506,0.002288,0.048110
9.399560,0.626562,0.002442,0.046801
9.524992,0.625253,0.002362,0.046729
9.652124,0.625035,0.002299,0.046610
9.780774,0.623991,0.002350,0.047661
9.911215,0.623438,0.002347,0.047739
10.043629,0.621809,0.002219,0.047983
10.177505,0.620953,0.002376,0.048059
10.313334,0.620465,0.002406,0.048090
10.450951,0.618715,0.002321,0.048155
10.590195,0.617897,0.002337,0.047770
10.731639,0.617709,0.002393,0.047124
10.874713,0.615991,0.002373,0.047483
11.019645,0.615509,0.002354,0.047455
11.166748,0.615294,0.002404,0.048319
11.315785,0.615285,0.002337,0.049459
11.466524,0.613459,0.002395,0.049212
11.619607,0.611024,0.002346,0.050026
11.774517,0.610465,0.002391,0.049946
11.931660,0.609341,0.002418,0.049424
12.090916,0.606806,0.002387,0.049864
12.252180,0.605894,0.002435,0.050333
12.415571,0.606112,0.002476,0.050573
12.581234,0.605176,0.002374,0.050887
12.749068,0.603465,0.002427,0.050481
12.919204,0.602056,0.002447,0.049840
13.091601,0.600576,0.002364,0.051102
13.266212,0.599391,0.002480,0.050559
13.443199,0.599594,0.002396,0.051919
13.622472,0.598094,0.002499,0.051553
13.804166,0.598850,0.002505,0.051295
13.988395,0.598829,0.002415,0.051351
14.174790,0.596732,0.002434,0.051102
14.363951,0.595044,0.002403,0.051468
14.555751,0.593153,0.002466,0.051453
14.749902,0.592268,0.002539,0.051262
14.946576,0.591459,0.002478,0.051417
15.146016,0.590344,0.002534,0.050996
15.348073,0.589794,0.002561,0.050602
15.552917,0.589888,0.002496,0.051085
15.760371,0.590121,0.002421,0.051026
15.970565,0.589794,0.002537,0.052749
16.183676,0.588050,0.002583,0.053310
16.399560,0.586715,0.002498,0.053325
16.618378,0.585182,0.002554,0.053458
16.840161,0.584441,0.002518,0.054716
17.064716,0.582876,0.002574,0.055232
17.292194,0.581885,0.002520,0.054849
17.523311,0.580600,0.002619,0.054353
17.756788,0.579426,0.002586,0.054939
17.993835,0.577965,0.002520,0.054960
18.233886,0.578847,0.002576,0.054804
18.477413,0.577559,0.002562,0.054349
18.723652,0.576568,0.002538,0.054662
18.973333,0.575712,0.002565,0.054954
19.226666,0.574647,0.002567,0.053926
19.483138,0.573244,0.002663,0.053588
19.742998,0.571812,0.002561,0.054421
20.006404,0.571259,0.002618,0.055269
20.273414,0.570315,0.002555,0.055393
20.543870,0.569432,0.002535,0.054150
20.817786,0.568924,0.002609,0.054786
21.095717,0.567962,0.002610,0.055091
21.376931,0.567985,0.002633,0.055222
21.662252,0.566259,0.002658,0.056967
21.951281,0.565253,0.002630,0.057954
22.244167,0.562865,0.002703,0.055930
22.540773,0.561609,0.002634,0.056541
22.841443,0.560688,0.002632,0.057545
23.146574,0.559718,0.002707,0.058271
23.455421,0.558835,0.002658,0.057660
23.768202,0.557950,0.002744,0.057454
24.085432,0.557991,0.002667,0.057921
24.406475,0.554882,0.002660,0.058361
24.732365,0.553953,0.002701,0.057999
25.062532,0.553806,0.002712,0.058108
25.396823,0.552500,0.002744,0.057044
25.735565,0.552844,0.002729,0.057239
26.078887,0.552512,0.002711,0.056135
26.426929,0.552174,0.002717,0.055954
26.779377,0.550903,0.002673,0.055835
27.136736,0.549768,0.002727,0.055708
27.498593,0.548494,0.002720,0.056523
27.865772,0.546476,0.002728,0.057387
28.237481,0.546135,0.002724,0.058765
28.614120,0.546476,0.002700,0.059624
28.996005,0.544218,0.002879,0.060124
29.382597,0.543418,0.002780,0.058777
29.774997,0.543744,0.002834,0.059861
30.172072,0.541732,0.002764,0.059551
30.574596,0.540268,0.002845,0.060197
30.982451,0.538262,0.002783,0.059655
31.396005,0.538326,0.002804,0.060265
31.814838,0.538647,0.002829,0.062078
32.239433,0.537871,0.002681,0.061956
32.669417,0.537403,0.002833,0.061457
33.105615,0.535565,0.002876,0.060709
33.547122,0.533424,0.002785,0.060932
33.994864,0.532703,0.002812,0.061712
34.448283,0.531082,0.002840,0.061957
34.907959,0.530576,0.002772,0.062955
35.373796,0.529597,0.002744,0.061456
35.845752,0.530256,0.002726,0.060068
36.324040,0.530312,0.002753,0.060127
36.808563,0.528300,0.002766,0.060729
37.299750,0.528359,0.002850,0.060647
37.797514,0.526906,0.002949,0.061763
38.301836,0.526185,0.002929,0.062067
38.813003,0.524468,0.002886,0.062197
39.330540,0.524068,0.002847,0.062955
39.855355,0.523324,0.002919,0.063013
40.387373,0.521835,0.002905,0.063271
40.926121,0.521671,0.002827,0.064480
41.472127,0.520868,0.002769,0.065131
42.025551,0.519656,0.002860,0.064523
42.586396,0.518503,0.002845,0.064211
43.154615,0.517432,0.002852,0.062731
43.730313,0.517082,0.002962,0.063320
44.313955,0.516338,0.002924,0.062964
44.905221,0.515897,0.002802,0.063632
45.504430,0.512959,0.002874,0.064834
46.111564,0.513394,0.002946,0.065132
46.726701,0.512276,0.002979,0.064350
47.349878,0.510171,0.003000,0.063086
47.982217,0.510941,0.003024,0.063460
48.622359,0.509326,0.002971,0.063629
49.271017,0.508912,0.003141,0.065490
49.928273,0.508341,0.002982,0.064658
50.594537,0.508553,0.002964,0.065080
51.269512,0.506829,0.003116,0.065304
51.953916,0.505282,0.003079,0.065491
52.646969,0.504179,0.002975,0.066651
53.349479,0.503924,0.002878,0.066562
54.061401,0.503153,0.002968,0.067078
54.782656,0.503912,0.003053,0.066558
55.513729,0.504156,0.003034,0.064692
56.254392,0.503253,0.003131,0.067121
57.004783,0.502935,0.002980,0.065431
57.765394,0.502462,0.002880,0.064157
58.536236,0.503224,0.003022,0.065228
59.317387,0.502715,0.003045,0.064758
60.108784,0.503897,0.002934,0.065665
60.910814,0.503065,0.003122,0.065657
61.723407,0.503838,0.003011,0.066653
62.546892,0.503271,0.003012,0.068681
63.381458,0.502129,0.003103,0.068573
64.227498,0.501200,0.002928,0.069881
65.084235,0.501624,0.003024,0.068455
65.952845,0.500668,0.003085,0.066780
66.832773,0.499838,0.003119,0.067791
67.724688,0.499379,0.003156,0.068514
68.628509,0.499365,0.003162,0.069841
69.543994,0.497747,0.003118,0.068236
70.471744,0.498035,0.003008,0.068535
71.412218,0.497338,0.003107,0.069051
72.365103,0.494253,0.003087,0.069127
73.330578,0.494568,0.003023,0.071560
74.309265,0.494753,0.003192,0.071782
75.300849,0.492738,0.003214,0.069307
76.305591,0.492909,0.003060,0.068765
77.323538,0.492612,0.003181,0.069752
78.355470,0.491726,0.003150,0.069249
79.401007,0.490565,0.003001,0.070526
80.460367,0.488809,0.003137,0.069255
81.534123,0.490626,0.003270,0.068696
82.622062,0.489785,0.003256,0.068616
83.724392,0.492568,0.003191,0.069300
84.841528,0.490112,0.003105,0.067350
85.973660,0.486794,0.003154,0.067396
87.120965,0.487715,0.003008,0.067029
88.283355,0.486291,0.003053,0.067429
89.461370,0.485647,0.003223,0.068020
90.655182,0.483729,0.003318,0.067671
91.864818,0.483868,0.003236,0.067246
93.090508,0.482512,0.003236,0.068051
94.332695,0.482218,0.003247,0.067307
95.591321,0.483579,0.002999,0.066702
96.866802,0.481968,0.003349,0.067651
98.159443,0.481985,0.003083,0.067396
99.469378,0.483803,0.003192,0.067178
100.796417,0.480706,0.003287,0.066798
102.141557,0.482021,0.003124,0.067429
103.504367,0.479971,0.003182,0.066589
104.885879,0.478241,0.003265,0.067333
106.284854,0.480626,0.003012,0.067808
107.703306,0.480235,0.003229,0.066240
109.140158,0.479191,0.003164,0.068365
110.596956,0.478562,0.003277,0.068093
112.072351,0.477500,0.003261,0.070720
113.568020,0.479274,0.003291,0.069184
115.083549,0.479453,0.003183,0.071192
116.618907,0.478850,0.003202,0.071764
118.175049,0.478047,0.003346,0.071304
119.752040,0.478065,0.003182,0.071382
121.349840,0.477447,0.003318,0.069905
122.969345,0.475735,0.003241,0.068825
124.609939,0.477947,0.003422,0.069822
126.272865,0.476376,0.003190,0.069937
127.957878,0.474144,0.003397,0.071373
129.665062,0.472197,0.003294,0.073114
131.395597,0.473065,0.003267,0.071979
133.148673,0.472588,0.003254,0.072473
134.925608,0.472285,0.003259,0.070972
136.725690,0.470229,0.003287,0.072360
138.550300,0.467765,0.003390,0.073217
140.399192,0.468924,0.003316,0.075605
142.271994,0.469365,0.003207,0.074594
144.170586,0.469262,0.003285,0.075155
146.094525,0.469559,0.003379,0.075813
148.043840,0.473729,0.003247,0.072991
150.019513,0.470959,0.003328,0.074065
152.021307,0.471185,0.003285,0.074309
154.049517,0.469624,0.003369,0.075192
156.105305,0.468385,0.003314,0.073558
158.188492,0.466691,0.003437,0.072568
160.299549,0.466041,0.003475,0.073278
162.438140,0.465035,0.003456,0.071745
164.605954,0.462653,0.003597,0.072999
166.801891,0.462241,0.003385,0.072029
169.027862,0.463638,0.003257,0.072345
171.283391,0.462885,0.003565,0.074524
173.568781,0.463450,0.003491,0.073682
175.884997,0.464865,0.003640,0.076275
178.231819,0.463612,0.003379,0.075853
180.610129,0.463821,0.003422,0.076588
183.020339,0.466688,0.003687,0.076035
185.462490,0.466341,0.003555,0.076497
187.937336,0.463588,0.003504,0.074272
190.445077,0.461226,0.003423,0.075571
192.986401,0.461582,0.003326,0.074824
195.561452,0.461756,0.003347,0.075220
198.170788,0.461441,0.003454,0.074675
200.815462,0.462650,0.003639,0.073829
203.494986,0.465626,0.003404,0.076895
206.210195,0.463535,0.003503,0.074254
208.962222,0.463512,0.003511,0.075113
211.750081,0.464124,0.003522,0.074109
214.575788,0.463635,0.003602,0.073400
217.439178,0.462226,0.003482,0.075785
220.340510,0.460882,0.003229,0.074077
223.280762,0.460347,0.003345,0.075880
226.259974,0.460391,0.003544,0.077016
229.279193,0.461715,0.003449,0.076722
232.338656,0.462159,0.003322,0.074537
235.439027,0.462697,0.003367,0.076558
238.580539,0.461206,0.003432,0.075291
241.764329,0.458718,0.003455,0.075869
244.990466,0.461797,0.003532,0.076808
248.259459,0.462076,0.003348,0.076697
251.572474,0.460753,0.003490,0.074997
254.929161,0.459226,0.003596,0.077903
258.330850,0.459150,0.003452,0.076216
261.778177,0.461874,0.003388,0.077263
265.271480,0.459726,0.003407,0.078920
268.810964,0.459700,0.003553,0.078597
272.397912,0.458962,0.003689,0.078183
276.032768,0.459832,0.003415,0.079056
279.716185,0.458032,0.003491,0.077711
283.448496,0.455676,0.003640,0.076634
287.230855,0.455876,0.003363,0.080454
291.063891,0.450674,0.003739,0.077647
294.947944,0.454244,0.003620,0.078933
298.883643,0.452641,0.003512,0.075389
302.871679,0.451268,0.003565,0.076647
306.913053,0.452126,0.003534,0.076065
311.008729,0.452785,0.003605,0.075051
315.158646,0.452847,0.003469,0.075187
319.364004,0.454891,0.003527,0.076614
323.625627,0.456865,0.003531,0.079475
327.944057,0.455062,0.003475,0.077436
332.319949,0.451926,0.003534,0.075519
336.754923,0.452559,0.003450,0.073874
341.248445,0.454300,0.003547,0.075965
345.802081,0.454321,0.003831,0.076182
350.416142,0.452297,0.003498,0.077743
355.092430,0.450100,0.003591,0.077091
359.830563,0.451418,0.003654,0.077472
364.632031,0.453335,0.003604,0.077481
369.497689,0.452982,0.003585,0.076646
374.428124,0.453441,0.003758,0.077309
379.424604,0.452526,0.003571,0.076849
384.487636,0.453879,0.003767,0.078968
389.617903,0.450465,0.003489,0.078692
394.817490,0.449709,0.003684,0.079133
400.085759,0.449306,0.003581,0.077996
405.424525,0.448376,0.003613,0.079449
410.834390,0.454021,0.003502,0.080140
416.316710,0.454324,0.003506,0.078309
421.871827,0.453585,0.003440,0.077135
427.501173,0.450474,0.003552,0.080682
433.205875,0.448556,0.003916,0.081890
438.986405,0.444950,0.003550,0.080026
444.844390,0.448206,0.003725,0.081922
450.780509,0.447991,0.003705,0.079838
456.795798,0.449847,0.003643,0.081914
462.890795,0.446947,0.003524,0.084058
469.068068,0.446215,0.003560,0.082061
475.327135,0.448521,0.003692,0.086408
481.670131,0.442362,0.003945,0.083656
488.097249,0.443750,0.003619,0.082198
494.610355,0.446144,0.003579,0.080003
501.210589,0.447291,0.003561,0.083664
507.898613,0.445221,0.003641,0.084222
514.676163,0.444062,0.003798,0.083717
521.544037,0.443959,0.003536,0.082923
528.503607,0.441535,0.003778,0.086310
535.555776,0.441679,0.003778,0.084593
542.702384,0.440076,0.003847,0.083899
549.944088,0.444497,0.003757,0.085941
557.282414,0.442579,0.003841,0.085358
564.718597,0.441674,0.003761,0.087356
572.254390,0.439550,0.003744,0.085554
579.890726,0.444435,0.003738,0.087211
587.629032,0.443035,0.003822,0.086157
595.470035,0.443956,0.003697,0.085901
603.416066,0.444432,0.003451,0.084331
611.467978,0.443300,0.003884,0.085053
619.627540,0.446656,0.003749,0.086394
627.895846,0.445432,0.003849,0.083081
636.274642,0.440685,0.003694,0.079193
644.764887,0.438800,0.003777,0.083807
653.368809,0.441282,0.004021,0.086255
662.087483,0.443053,0.004735,0.086150
670.922314,0.446121,0.003608,0.087495
679.874863,0.445918,0.003685,0.082318
688.947092,0.447085,0.003995,0.084947
698.140516,0.442721,0.003853,0.085616
707.456551,0.449103,0.003814,0.083559
716.896815,0.446526,0.004105,0.083128
726.463085,0.445785,0.003727,0.082568
736.157373,0.445915,0.003812,0.085193
745.980372,0.446821,0.003759,0.086198
755.934762,0.446476,0.003634,0.083621
766.021984,0.444191,0.003589,0.085335
776.243921,0.442832,0.003752,0.085925
786.602154,0.448318,0.003761,0.086381
797.098540,0.447774,0.003674,0.083116
807.735448,0.445921,0.003858,0.084194
818.513679,0.446588,0.003690,0.083605
829.435715,0.445512,0.003941,0.081520
840.503487,0.450312,0.003645,0.081300
851.719503,0.450253,0.003629,0.082903
863.084978,0.447368,0.003574,0.080389
874.601964,0.449209,0.003742,0.083569
886.272776,0.443538,0.003796,0.086749
898.099460,0.443500,0.004262,0.087370
910.083125,0.442879,0.003831,0.086027
922.227729,0.442150,0.004271,0.086530
934.533960,0.443241,0.003726,0.087387
947.004414,0.446076,0.003582,0.086578
959.641455,0.448171,0.003843,0.087967
972.446741,0.445047,0.003748,0.086038
985.423171,0.444700,0.003741,0.083525
998.572982,0.445247,0.003976,0.082923
1011.897634,0.442338,0.003897,0.083350
1025.400668,0.437568,0.004259,0.086666
1039.083802,0.435676,0.004852,0.084100
1052.949525,0.441624,0.005125,0.088350
1066.999844,0.438435,0.003951,0.088569
1081.238088,0.443071,0.004226,0.085797
1095.666029,0.442988,0.003949,0.084793
1110.286941,0.442294,0.004063,0.086306
1125.102888,0.446018,0.004017,0.086364
1140.115857,0.444376,0.003895,0.088488
1155.330038,0.444897,0.004098,0.087288
1170.746429,0.446388,0.003691,0.083190
1186.369057,0.446097,0.004033,0.085565
1202.200138,0.444074,0.003713,0.086321
1218.242405,0.443524,0.004012,0.087061
1234.498634,0.441238,0.003695,0.086009
1250.971722,0.439812,0.003931,0.088420
1267.664947,0.439129,0.003914,0.088518
1284.580746,0.440821,0.003769,0.085316
1301.722804,0.436856,0.004260,0.085008
1319.092831,0.436485,0.004068,0.086380
1336.694807,0.439676,0.003959,0.086517
1354.531984,0.437312,0.003861,0.084260
1372.606463,0.438118,0.003498,0.087991
1390.923001,0.443529,0.004161,0.087681
1409.483709,0.440685,0.004110,0.087181
1428.292371,0.440891,0.003962,0.086385
1447.351179,0.442526,0.004028,0.087044
1466.664968,0.444862,0.005582,0.090273
1486.235638,0.445132,0.003690,0.088406
1506.068433,0.447426,0.003916,0.086736
1526.165609,0.443450,0.004558,0.082970
1546.530711,0.445132,0.003989,0.088927
1567.168027,0.445012,0.004393,0.088214
1588.080103,0.440541,0.003603,0.084167
1609.272182,0.439256,0.004067,0.082565
1630.746260,0.438785,0.003748,0.082472
1652.507052,0.439165,0.003823,0.082996
1674.558314,0.439479,0.004052,0.086323
1696.903596,0.439182,0.003916,0.089499
1719.547528,0.440432,0.003655,0.085665
1742.493276,0.444794,0.003760,0.086333
1765.745095,0.445588,0.003998,0.087383
1789.307476,0.443421,0.004111,0.090788
1813.183790,0.444312,0.003823,0.092640
1837.379493,0.439450,0.003953,0.083994
1861.897534,0.441397,0.003794,0.087957
1886.742885,0.444732,0.003726,0.082299
1911.919642,0.448068,0.003626,0.084051
1937.432570,0.449032,0.003684,0.083592
1963.285779,0.446171,0.003605,0.084214
1989.484136,0.449291,0.003739,0.080630
2016.032024,0.447488,0.003681,0.083993
2042.934122,0.444341,0.003818,0.081892
2070.195162,0.440597,0.003737,0.081073
2097.820102,0.444479,0.003743,0.084672
2125.813807,0.445185,0.003774,0.086576
2154.181042,0.440962,0.003683,0.089816
2182.926594,0.444497,0.003714,0.086627
2212.055596,0.439459,0.003763,0.087352
2241.573820,0.438124,0.003774,0.085153
2271.485446,0.440553,0.003528,0.081617
2301.796420,0.441206,0.003807,0.087730
2332.511725,0.439832,0.003763,0.083433
2363.637172,0.442912,0.004025,0.085302
2395.177692,0.442721,0.003599,0.085924
2427.139307,0.446941,0.003673,0.084748
2459.527354,0.446732,0.003731,0.084887
2492.347405,0.443806,0.003682,0.078636
2525.605470,0.446318,0.003685,0.076035
2559.307301,0.448774,0.003420,0.081686
2593.459128,0.445906,0.003711,0.084005
2628.066752,0.449582,0.003699,0.085262
2663.135824,0.446044,0.003719,0.084767
2698.673146,0.445426,0.003689,0.082397
2734.684399,0.444218,0.004036,0.084249
2771.176586,0.446747,0.003758,0.085790
2808.155271,0.441671,0.003564,0.082375
2845.627303,0.447668,0.003669,0.081116
2883.599788,0.444468,0.003724,0.083721
2922.079133,0.442971,0.003790,0.086299
2961.071761,0.443609,0.003967,0.087709
3000.584625,0.442347,0.004261,0.085409
3040.624713,0.442097,0.004017,0.086563
3081.199376,0.438647,0.004156,0.086054
3122.315226,0.440562,0.003745,0.085620
3163.979661,0.443900,0.003633,0.087786
3206.200096,0.442856,0.003592,0.085646
3248.984198,0.443335,0.003625,0.087910
3292.338961,0.444574,0.003847,0.084783
3336.272093,0.441726,0.003688,0.088943
3380.791786,0.443824,0.003811,0.087759
3425.905526,0.445362,0.003792,0.086902
3471.621445,0.443003,0.004406,0.084762
3517.946966,0.444756,0.003636,0.088358
3564.890694,0.441238,0.003896,0.089236
3612.461315,0.441329,0.003785,0.083668
3660.666263,0.444429,0.003770,0.081033
3709.514516,0.442612,0.003610,0.083886
3759.014944,0.441485,0.003938,0.084884
3809.175783,0.446121,0.004590,0.083740
3860.005887,0.446974,0.004173,0.088527
3911.514143,0.450638,0.004682,0.086949
3963.709946,0.442441,0.003593,0.084025
4016.602081,0.448482,0.003653,0.081299
4070.200201,0.448032,0.004054,0.085198
4124.513563,0.439750,0.004049,0.083866
4179.551751,0.442962,0.003976,0.086985
4235.323987,0.441032,0.003766,0.085227
4291.840845,0.440691,0.003756,0.088570
4349.111601,0.439115,0.003608,0.083764
4407.146742,0.437821,0.003724,0.084156
4465.956190,0.436197,0.004057,0.084896
-nan,0.439471,-nan,0.083041
4585.940159,0.436065,0.003945,0.085479
4647.135406,0.441444,0.003818,0.084009
4709.147135,0.442276,0.003902,0.085169
4771.986980,0.445174,0.003914,0.084221
-nan,0.443009,-nan,0.084350
4900.192305,0.443341,0.003881,0.085654
4965.581363,0.441171,0.003970,0.085312
5031.842673,0.439865,0.003948,0.086690
5098.988165,0.442944,0.004080,0.088103
5167.030042,0.443491,0.003790,0.086518
5235.979076,0.442300,0.003658,0.083906
5305.848500,0.445874,0.003922,0.086292
5376.650426,0.448353,0.003763,0.083460
5448.397344,0.445941,0.003653,0.085155
5521.101773,0.438479,0.004404,0.088908
5594.775964,0.445429,0.004110,0.088555
5669.433328,0.441494,0.004308,0.084526
5745.086568,0.443006,0.003971,0.087999
5821.750109,0.443485,0.003785,0.085032
5899.436289,0.444644,0.003917,0.091691
5978.159338,0.443056,0.004012,0.088256
6057.932762,0.440456,0.004317,0.086841
6138.770444,0.439912,0.003843,0.084089
6220.686874,0.442371,0.003835,0.082814
6303.696268,0.442276,0.003932,0.086080
6387.813574,0.441071,0.003756,0.085205
6473.053601,0.437862,0.003684,0.087230
6559.431116,0.439062,0.004433,0.090643
6646.960949,0.439032,0.004330,0.090952
6735.659078,0.436744,0.004335,0.084352
6825.540347,0.439494,0.003657,0.084933
6916.621141,0.438921,0.003819,0.085380
7008.917511,0.443538,0.003755,0.084270
7102.445378,0.440732,0.003714,0.084114
7197.221309,0.446762,0.003640,0.083205
7293.262038,0.449374,0.003725,0.083129
7390.584144,0.444941,0.003647,0.084484
7489.205026,0.446238,0.003433,0.083333
7589.142285,0.444344,0.004160,0.084432
7690.412780,0.442885,0.003764,0.082738
7793.034772,0.440959,0.003996,0.083746
7897.025956,0.441174,0.004034,0.084076
8002.405170,0.443556,0.003859,0.084584
8109.190298,0.442550,0.003725,0.082990
8217.400319,0.447585,0.003856,0.080196
8327.054372,0.445582,0.003788,0.088571
8438.171562,0.442426,0.003868,0.084134
8550.771607,0.441147,0.003839,0.084089
8664.874221,0.446518,0.003652,0.085411
8780.499465,0.449315,0.003668,0.089317
8897.667610,0.440459,0.003739,0.085935
9016.399547,0.440359,0.003847,0.086680
9136.715345,0.439679,0.003794,0.082677
9258.637023,0.440932,0.003942,0.084155
9382.185767,0.446421,0.003717,0.082806
9507.382876,0.441121,0.003723,0.085632
9634.250483,0.441712,0.003854,0.085306
9762.811297,0.446003,0.003839,0.085330
9893.087563,0.438209,0.003588,0.084104
10025.102369,0.442374,0.003835,0.088302
10158.878784,0.443597,0.004028,0.089658
10294.440307,0.442200,0.004615,0.087184
10431.810333,0.439365,0.004113,0.088163
10571.014198,0.437050,0.004017,0.088534
10712.075197,0.432432,0.003993,0.091773
10855.018503,0.438579,0.003902,0.084546
10999.869441,0.440344,0.003908,0.087906
11146.652905,0.438659,0.003972,0.084955
11295.395346,0.445044,0.003540,0.085296
11446.122557,0.444962,0.003676,0.085217
11598.861378,0.443874,0.003810,0.085858
11753.637980,0.444271,0.003910,0.083409
11910.480509,0.440956,0.003841,0.086541
12069.416199,0.446659,0.022923,0.089530
12230.471374,0.438179,0.004696,0.085789
12393.676563,0.440788,0.004129,0.084614
12559.059491,0.442274,0.004422,0.086091
12726.649249,0.435662,0.004118,0.089948
12896.475543,0.441441,0.003798,0.086713
13068.567593,0.442365,0.003670,0.082513
13242.956494,0.442968,0.003989,0.087367
13419.672205,0.442388,0.003963,0.083292
13598.746514,0.440912,0.004943,0.085616
13780.209506,0.444185,0.003563,0.082743
13964.094707,0.445176,0.003542,0.084781
14150.433534,0.447985,0.003798,0.084481
14339.259035,0.447118,0.003588,0.083981
14530.603920,0.438932,0.003719,0.083652
14724.502464,0.442735,0.004015,0.087187
14920.988322,0.444965,0.003525,0.076852
15120.096113,0.446038,0.004008,0.086940
15321.860598,0.443818,0.003948,0.084064
15526.317201,0.449226,0.003719,0.082082
15733.502601,0.444500,0.003427,0.078759
15943.453118,0.444112,0.003879,0.085910
16156.204578,0.444388,0.003674,0.087954
16371.795387,0.449103,0.003719,0.085000
16590.262929,0.443159,0.004285,0.083998
16811.625094,0.442191,0.845161,0.085098
17035.982236,0.442662,-nan,0.083808
17263.313015,0.441600,-nan,0.085124
17493.677001,0.445756,-nan,0.083536
17727.114597,0.446397,-nan,0.081684
17963.667922,0.445806,-nan,0.083490
18203.377994,0.447326,-nan,0.084209
18446.286406,0.446524,-nan,0.087293
18692.436110,0.447321,-nan,0.086564
18941.870450,0.444041,-nan,0.085227
19194.633766,0.440594,-nan,0.084963
19450.769132,0.451315,-nan,0.087910
19710.323444,0.443894,-nan,0.081291
19973.340779,0.442038,-nan,0.082829
20239.867375,0.444562,-nan,0.084201
20509.951323,0.444871,-nan,0.085559
20783.638721,0.441115,-nan,0.088039
21060.978626,0.442097,-nan,0.085998
21342.019361,0.448509,-nan,0.086529
21626.810196,0.444141,-nan,0.081908
21915.401373,0.447250,-nan,0.079123
22207.843657,0.444694,-nan,0.083428
22504.188273,0.439774,-nan,0.087441
22804.487068,0.444068,-nan,0.085791
23108.793970,0.443841,-nan,0.081613
23417.160432,0.445121,-nan,0.083912
23729.642266,0.446803,-nan,0.085933
24046.100253,0.445535,-nan,0.082553
24367.170948,0.453144,-nan,0.086530
24692.330046,0.442938,-nan,0.085781
25021.827964,0.441594,-nan,0.089614
25355.722477,0.443271,-nan,0.086132
25694.073065,0.438362,-nan,0.090750
26036.938379,0.439374,-nan,0.084813
26384.378939,0.446250,-nan,0.086700
26736.455890,0.445841,-nan,0.086298
27093.230694,0.447962,-nan,0.086483
27454.766526,0.444006,-nan,0.090146
27820.950033,0.442276,-nan,0.090829
28192.376086,0.440124,-nan,0.086223
28568.578811,0.447103,-nan,0.087249
28949.802309,0.440676,-nan,0.089561
29336.112343,0.444515,-nan,0.089092
29727.577533,0.442826,-nan,0.089972
30124.266835,0.441015,-nan,0.090717
30526.248903,0.448000,-nan,0.086955
30933.595831,0.438615,-nan,0.092830
31346.377759,0.442462,-nan,0.089134
31764.668516,0.439200,-nan,0.089868
32188.540700,0.440274,-nan,0.092205
32618.069221,0.442512,-nan,0.086439
33053.329197,0.439397,-nan,0.089106
33494.397590,0.443759,-nan,0.085661
33941.351615,0.441329,-nan,0.088879
34394.269595,0.441824,-nan,0.089956
34853.231794,0.441574,-nan,0.089999
35318.318073,0.442674,-nan,0.081782
35789.611204,0.440532,-nan,0.085917
36267.192416,0.440412,-nan,0.092049
36751.146658,0.445979,-nan,0.084559
37241.559479,0.439282,-nan,0.085853
37738.516207,0.442629,-nan,0.089549
38242.104147,0.439444,-nan,0.090744
38752.412064,0.442382,-nan,0.088250
39269.529839,0.439679,-nan,0.089018
39793.547801,0.444024,-nan,0.088407
40324.558590,0.438403,-nan,0.086174
40862.655431,0.437326,-nan,0.091246
41407.932756,0.439709,-nan,0.086398
41960.485617,0.442062,-nan,0.090527
42520.412564,0.442553,-nan,0.086830
43087.811045,0.445126,-nan,0.087816
43662.780922,0.441685,-nan,0.085328
44245.423205,0.445241,-nan,0.088092
44835.840078,0.449035,-nan,0.092912
45434.135964,0.446359,-nan,0.087040
46040.415567,0.433512,-nan,0.096394
46654.785449,0.447194,-nan,0.085404
47277.353379,0.451056,-nan,0.089108
47908.229282,0.446726,-nan,0.091870
48547.523690,0.439085,-nan,0.090463
49195.348414,0.448224,-nan,0.089516
49851.818403,0.441165,-nan,0.090624
50517.048024,0.441171,-nan,0.092116
51191.154852,0.442268,-nan,0.088930
51874.256678,0.439603,-nan,0.085363
52566.474205,0.442509,-nan,0.086717
53267.928748,0.445100,-nan,0.093907
53978.743447,0.439597,-nan,0.088886
54699.043559,0.441121,-nan,0.088288
55428.955222,0.445485,-nan,0.085804
56168.607186,0.447832,-nan,0.088206
56918.129216,0.441359,-nan,0.088173
57677.652802,0.437306,-nan,0.089541
58447.311591,0.447056,-nan,0.086554
59227.241049,0.447324,-nan,0.084899
60017.577584,0.437635,-nan,0.087204
60818.460508,0.447509,-nan,0.087077
61629.705271,0.439932,-nan,0.094184
62452.430684,0.446712,-nan,0.087772
63285.804742,0.440032,-nan,0.089723
64130.299544,0.441321,-nan,0.087147
64986.063295,0.448809,-nan,0.086612
65853.246915,0.442350,-nan,0.085169
66732.002007,0.437500,-nan,0.085950
67622.483258,0.442238,-nan,0.089309
68524.847179,0.437309,-nan,0.087909
69439.253138,0.437015,-nan,0.094344
70365.859945,0.439644,-nan,0.087087
71304.831634,0.441144,-nan,0.091828
72256.333962,0.443347,-nan,0.086806
73220.532427,0.444968,-nan,0.086611
74197.598165,0.441165,-nan,0.090067
75187.701239,0.444191,-nan,0.089363
76191.016813,0.434482,-nan,0.091379
77207.720255,0.438500,-nan,0.084732
78237.991419,0.444003,-nan,0.088523
79282.009990,0.443747,-nan,0.086339
80339.960368,0.443476,-nan,0.085584
81412.028181,0.448694,-nan,0.089480
82498.402049,0.443026,-nan,0.091671
83599.272513,0.446288,-nan,0.094704
84714.833248,0.440529,-nan,0.090145
85845.280106,0.437859,-nan,0.085344
86990.811840,0.443876,-nan,0.091145
88151.629429,0.442088,-nan,0.087870
89327.937670,0.445118,-nan,0.085037
90519.942237,0.441297,-nan,0.086727
91727.853474,0.442100,-nan,0.094629
92951.882755,0.442788,-nan,0.090243
94192.246084,0.442188,-nan,0.089041
95449.160777,0.438179,-nan,0.086404
96722.848292,0.442756,-nan,0.089337
98013.531693,0.444750,-nan,0.094842
99321.438285,0.440547,-nan,0.089459
100646.797434,0.438550,-nan,0.085301
101989.842850,0.443865,-nan,0.087904
103350.810114,0.439750,-nan,0.087788
104729.937745,0.440329,-nan,0.088986
106127.468852,0.445038,-nan,0.085847
107543.649183,0.438641,-nan,0.088256
108978.727352,0.438847,-nan,0.091649
110432.954990,0.440547,-nan,0.085840
111906.588177,0.438706,-nan,0.087943
113399.885570,0.435006,-nan,0.087602
114913.109625,0.448041,-nan,0.090067
116446.526680,0.441024,-nan,0.088728
118000.405702,0.445471,-nan,0.086745
119575.020022,0.438371,-nan,0.088840
121169.594979,0.440559,-nan,0.094046
122787.564741,0.432915,-nan,0.090752
124426.059437,0.443779,-nan,0.088522
126086.418661,0.440703,-nan,0.091978
127768.933912,0.443541,-nan,0.091582
129473.900653,0.444650,-nan,0.092242
131201.619158,0.440250,-nan,0.092591
132952.392554,0.443435,-nan,0.094463
134726.527952,0.444326,-nan,0.090510
136524.337871,0.436997,-nan,0.092183
138346.138263,0.447250,-nan,0.093934
140192.249221,0.438829,-nan,0.093429
142062.994067,0.440865,-nan,0.092281
143958.703158,0.438432,-nan,0.090729
145879.369503,0.437015,-nan,0.097951
147826.348540,0.443985,-nan,0.086991
149798.964719,0.434597,-nan,0.096338
151797.903662,0.436456,-nan,0.095933
153823.516456,0.440518,-nan,0.094165
155876.159189,0.442062,-nan,0.093053
157956.193133,0.441165,-nan,0.094790
160063.983273,0.440306,-nan,0.096678
162199.900013,0.440421,-nan,0.097403
164364.318469,0.440659,-nan,0.094674
166557.619304,0.435521,-nan,0.093695
168780.188202,0.443512,-nan,0.093535
171032.415155,0.443326,-nan,0.089856
173314.696259,0.446759,-nan,0.092975
175627.432532,0.440859,-nan,0.091126
177971.029865,0.438732,-nan,0.092465
180345.901053,0.438738,-nan,0.092723
182751.110063,0.436441,-nan,0.095662
185191.137487,0.434762,-nan,0.092159
187662.354559,0.439059,-nan,0.094183
190166.548101,0.433309,-nan,0.095255
192704.157544,0.443250,-nan,0.095678
195275.629442,0.436421,-nan,0.093400
197881.415578,0.439118,-nan,0.092622
200521.973128,0.445697,-nan,0.090822
203197.767379,0.440035,-nan,0.094150
205909.267154,0.446244,-nan,0.090751
208656.950054,0.444435,-nan,0.094419
211441.298586,0.437250,-nan,0.095841
214256.842041,0.436647,-nan,0.101144
217121.954869,0.437635,-nan,0.099830
220019.261051,0.439585,-nan,0.096105
222955.229858,0.442579,-nan,0.095992
225930.376852,0.435897,-nan,0.095326
228945.223882,0.435782,-nan,0.098605
232000.301366,0.441862,-nan,0.096724
235096.147069,0.438644,-nan,0.097990
238233.303643,0.435447,-nan,0.095826
241412.322875,0.439691,-nan,0.096091
244633.763587,0.441029,-nan,0.096591
247895.243716,0.436012,-nan,0.101238
251206.180555,0.441065,-nan,0.096581
254556.493613,0.439353,-nan,0.099673
257955.174516,0.442788,-nan,0.098049
261397.365492,0.440191,-nan,0.101795
264885.489200,0.431415,-nan,0.097811
268420.159177,0.438582,-nan,0.100252
272001.996453,0.433524,-nan,0.103988
275631.630066,0.439088,-nan,0.098955
279306.245615,0.438953,-nan,0.104562
283036.846366,0.435415,-nan,0.095465
286813.730755,0.439112,-nan,0.106735
290637.079360,0.438406,-nan,0.102947
294519.369732,0.439929,-nan,0.103419
298449.478588,0.441703,-nan,0.103343
302432.030807,0.437935,-nan,0.100594
306467.727152,0.440868,-nan,0.101428
310557.276531,0.435847,-nan,0.098798
314701.397732,0.439374,-nan,0.102944
318900.818053,0.433321,-nan,0.099284
323155.372263,0.432950,-nan,0.100696
327466.464144,0.435329,-nan,0.104882
331835.885019,0.435582,-nan,0.101710
336266.404795,0.434153,-nan,0.100602
340749.951021,0.439259,-nan,0.105414
345291.292431,0.433212,-nan,0.105509
349908.398415,0.436109,-nan,0.106505
354577.625882,0.431912,-nan,0.109373
359309.161048,0.437200,-nan,0.105270
364102.575199,0.435050,-nan,0.104957
368962.487545,0.432303,-nan,0.108469
373885.976065,0.436444,-nan,0.108538
378875.164268,0.431356,-nan,0.108067
383930.928631,0.429332,-nan,0.108237
389053.754555,0.425132,-nan,0.108896
394245.752582,0.432221,-nan,0.108180
399506.066106,0.431453,-nan,0.111024
404832.469383,0.432932,-nan,0.114099
410239.910370,0.431315,-nan,0.109443
415714.210498,0.437594,-nan,0.113316
421259.641380,0.420618,-nan,0.114416
426882.935725,0.431359,-nan,0.110235
432570.180602,0.426729,-nan,0.113728
438351.722952,0.427926,-nan,0.111741
444201.151458,0.423853,-nan,0.117448
450128.635149,0.430918,-nan,0.115414
456135.216269,0.431615,-nan,0.119645
462211.115953,0.428579,-nan,0.117886
468389.906415,0.423500,-nan,0.118175
474640.168519,0.428512,-nan,0.116542
480971.658629,0.429329,-nan,0.115534
487392.018914,0.428106,-nan,0.118598
493889.441771,0.421676,-nan,0.121368
500482.779049,0.425626,-nan,0.120989
507165.028214,0.423076,-nan,0.121115
513932.710869,0.427229,-nan,0.119559
520790.702692,0.424085,-nan,0.123628
527725.043742,0.425059,-nan,0.121477
534771.063252,0.426318,-nan,0.122671
541918.663524,0.423785,-nan,0.121972
549132.523527,0.419815,-nan,0.121250
556478.041660,0.427918,-nan,0.125066
