0.000000,0.995000,0.000000,0.000000
1.002882,0.846604,0.001708,0.027209
1.015854,0.845500,0.001710,0.027444
1.028882,0.844332,0.001724,0.027141
1.042041,0.843325,0.001673,0.027466
1.055371,0.842543,0.001677,0.027124
1.068996,0.841211,0.001799,0.027024
1.082844,0.839829,0.001706,0.026780
1.096495,0.838564,0.001719,0.026858
1.110817,0.837161,0.001731,0.026905
1.124966,0.836086,0.001748,0.027051
1.139349,0.834775,0.001721,0.027529
1.154025,0.833764,0.001711,0.027916
1.168915,0.832396,0.001790,0.027961
1.183822,0.831136,0.001673,0.027814
1.198977,0.830225,0.001830,0.027830
1.214474,0.828921,0.001662,0.028034
1.230108,0.827618,0.001797,0.028347
1.245835,0.826268,0.001752,0.028900
1.261923,0.824839,0.001743,0.029083
1.277975,0.822979,0.001790,0.029451
1.294422,0.821575,0.001781,0.029501
1.310975,0.820411,0.001806,0.029887
1.327772,0.818864,0.001731,0.030249
1.344977,0.817446,0.001686,0.030108
1.362270,0.815686,0.001766,0.030393
1.379696,0.814489,0.001706,0.030605
1.397587,0.813004,0.001749,0.030698
1.415357,0.811804,0.001797,0.031089
1.433560,0.810486,0.001800,0.031281
1.452009,0.809411,0.001848,0.031456
1.470581,0.808246,0.001799,0.031958
1.489456,0.806586,0.001778,0.032344
1.508493,0.805286,0.001815,0.032512
1.528097,0.803779,0.001779,0.032624
1.547650,0.802064,0.001768,0.032788
1.567504,0.800450,0.001788,0.032558
1.587651,0.799157,0.001801,0.032361
1.608041,0.797589,0.001822,0.031761
1.628646,0.796346,0.001800,0.031925
1.649683,0.794918,0.001802,0.032015
1.670865,0.793775,0.001785,0.032089
1.692269,0.792546,0.001848,0.032144
1.714059,0.791396,0.001842,0.032444
1.736055,0.790464,0.001827,0.032609
1.758309,0.788739,0.001765,0.032286
1.781164,0.786836,0.001913,0.032684
1.803828,0.785471,0.001809,0.032194
1.827125,0.783718,0.001870,0.032333
1.850423,0.782436,0.001811,0.032907
1.874341,0.781257,0.001843,0.033491
1.898306,0.779704,0.001837,0.033423
1.922724,0.778400,0.001855,0.033927
1.947400,0.776918,0.001915,0.033865
1.972521,0.775232,0.001841,0.034210
1.997748,0.773157,0.001827,0.034383
2.023597,0.771821,0.001924,0.034504
2.049347,0.770557,0.001923,0.034058
2.075804,0.769614,0.001862,0.034047
2.102446,0.768579,0.001832,0.033658
2.129449,0.767582,0.001921,0.033374
2.156934,0.765961,0.001859,0.033758
2.184558,0.764200,0.001882,0.033829
2.212783,0.762904,0.001886,0.033882
2.241275,0.761318,0.001897,0.033700
2.270030,0.760250,0.001913,0.033908
2.298934,0.759389,0.002012,0.033973
2.328714,0.758111,0.001836,0.033955
2.358655,0.756243,0.001967,0.034073
2.388938,0.754804,0.001850,0.033884
2.419425,0.753004,0.001891,0.033689
2.450844,0.751839,0.001926,0.034124
2.482317,0.750350,0.001928,0.034371
2.514062,0.749593,0.001993,0.034394
2.546356,0.748450,0.001995,0.034281
2.579162,0.746943,0.001920,0.034581
2.612204,0.745218,0.001792,0.034423
2.645966,0.743829,0.001926,0.034377
2.679887,0.742404,0.002035,0.034932
2.714537,0.741268,0.001938,0.035640
2.749196,0.739782,0.001983,0.036072
2.784567,0.738889,0.001907,0.036284
2.820316,0.737543,0.002020,0.036508
2.856702,0.735561,0.001897,0.036590
2.893300,0.734636,0.002070,0.037095
2.930541,0.733032,0.002007,0.037735
2.968180,0.731829,0.002010,0.037716
3.006260,0.730607,0.002004,0.037556
3.045038,0.729764,0.001985,0.037520
3.084049,0.728600,0.001969,0.037209
3.123745,0.727414,0.001966,0.037457
3.163844,0.725600,0.001968,0.037405
3.204600,0.723836,0.001989,0.037877
3.245975,0.722925,0.002064,0.038306
3.287803,0.721825,0.002039,0.037531
3.329949,0.720779,0.001970,0.037667
3.372682,0.719575,0.002045,0.038362
3.415924,0.718614,0.002054,0.038259
3.459972,0.716911,0.002059,0.038310
3.504328,0.714871,0.002011,0.038290
3.549460,0.713489,0.001931,0.038749
3.595024,0.711464,0.002001,0.039325
3.641400,0.710746,0.002020,0.040074
3.688132,0.709629,0.001980,0.040322
3.735577,0.708225,0.002100,0.040401
3.783725,0.706750,0.002064,0.041224
3.832124,0.705346,0.002061,0.041062
3.881698,0.704321,0.002131,0.040559
3.931302,0.702068,0.002074,0.041182
3.981905,0.700882,0.001944,0.041871
4.033199,0.699725,0.002141,0.042249
4.085070,0.698368,0.002092,0.042601
4.137575,0.696500,0.002110,0.042545
4.190655,0.695375,0.002113,0.042470
4.244707,0.694100,0.002153,0.042394
4.299242,0.692639,0.002112,0.041884
4.354649,0.690996,0.002117,0.041869
4.410499,0.689489,0.002134,0.042122
4.467271,0.688557,0.002099,0.042047
4.524590,0.686350,0.002124,0.041733
4.582953,0.685821,0.002146,0.042011
4.641746,0.685243,0.002098,0.041692
4.701443,0.683786,0.002161,0.041553
4.761957,0.682961,0.002128,0.042107
4.823385,0.681996,0.002109,0.041882
4.885163,0.680618,0.002140,0.041672
4.948141,0.678711,0.002107,0.041737
5.011658,0.677129,0.002144,0.041772
5.075956,0.676021,0.002195,0.042167
5.141335,0.675211,0.002151,0.041296
5.207319,0.674814,0.002157,0.041049
5.274384,0.673439,0.002093,0.040584
5.342294,0.672132,0.002212,0.040209
5.410978,0.671011,0.002118,0.040107
5.480509,0.668686,0.002184,0.040035
5.551130,0.667875,0.002163,0.040150
5.622197,0.667200,0.002192,0.040665
5.694748,0.666229,0.002252,0.040924
5.768050,0.665689,0.002164,0.040615
5.841960,0.664264,0.002237,0.041337
5.917311,0.663164,0.002170,0.041579
5.993428,0.662007,0.002207,0.042368
6.070496,0.660507,0.002253,0.043031
6.148736,0.659068,0.002153,0.042692
6.227646,0.656621,0.002179,0.042704
6.307854,0.655989,0.002278,0.042555
6.388925,0.654918,0.002275,0.042256
6.471084,0.653807,0.002243,0.042005
6.554294,0.653314,0.002242,0.041680
6.638372,0.652564,0.002148,0.041447
6.723745,0.650943,0.002240,0.041563
6.810472,0.650196,0.002217,0.041541
6.897954,0.648061,0.002292,0.041493
6.986731,0.645396,0.002308,0.041769
7.076448,0.643725,0.002256,0.041312
7.167818,0.642418,0.002233,0.040175
7.259845,0.641057,0.002216,0.040583
7.353076,0.639789,0.002319,0.041224
7.447830,0.638957,0.002240,0.041575
7.543537,0.637518,0.002303,0.041894
7.640769,0.636607,0.002297,0.042404
7.738817,0.635379,0.002380,0.043162
7.838393,0.634304,0.002348,0.043699
7.939196,0.632339,0.002313,0.044053
8.041263,0.631296,0.002259,0.044423
8.144976,0.630454,0.002367,0.044314
8.249567,0.629254,0.002351,0.044311
8.355742,0.627250,0.002275,0.044706
8.463129,0.625918,0.002272,0.044977
8.572044,0.624914,0.002288,0.044472
8.682221,0.623957,0.002396,0.044879
8.793662,0.623543,0.002322,0.045536
8.906947,0.622921,0.002323,0.045589
9.021813,0.622050,0.002348,0.046053
9.137560,0.620961,0.002308,0.044944
9.255249,0.619404,0.002466,0.044575
9.374160,0.617618,0.002348,0.043496
9.494815,0.616129,0.002287,0.044229
9.617119,0.615639,0.002428,0.045500
9.740531,0.614461,0.002313,0.046349
9.865969,0.613814,0.002391,0.047551
9.992969,0.612607,0.002370,0.046825
10.121394,0.612389,0.002403,0.047068
10.251715,0.611289,0.002355,0.047738
10.383567,0.610750,0.002428,0.047733
10.517108,0.609250,0.002333,0.048291
10.652447,0.608111,0.002439,0.047581
10.789375,0.606211,0.002356,0.047484
10.928216,0.605032,0.002442,0.047647
11.068688,0.603979,0.002407,0.048100
11.211043,0.603343,0.002423,0.048837
11.355393,0.601214,0.002486,0.049112
11.501219,0.600471,0.002354,0.050244
11.649199,0.599561,0.002478,0.050738
11.799308,0.598557,0.002464,0.049885
11.951085,0.597093,0.002522,0.049861
12.104489,0.597811,0.002425,0.050624
12.260292,0.596336,0.002391,0.050492
12.418228,0.593661,0.002548,0.051061
12.578053,0.592607,0.002522,0.050293
12.739449,0.591511,0.002515,0.049479
12.903586,0.591957,0.002517,0.051103
13.069668,0.590329,0.002449,0.049539
13.237796,0.588789,0.002460,0.049701
13.408266,0.588114,0.002478,0.048733
13.580603,0.587036,0.002310,0.048918
13.755107,0.584896,0.002538,0.048844
13.932097,0.583161,0.002562,0.049649
14.111532,0.583121,0.002575,0.050063
14.293058,0.582929,0.002528,0.050221
14.476831,0.581396,0.002462,0.049777
14.663131,0.579646,0.002657,0.050036
14.851645,0.580582,0.002442,0.049723
15.042987,0.580414,0.002402,0.050381
15.236475,0.580111,0.002511,0.050933
15.432315,0.578743,0.002498,0.050378
15.630750,0.577875,0.002580,0.051697
15.831764,0.577361,0.002562,0.052144
16.035450,0.575514,0.002590,0.052416
16.241880,0.572757,0.002554,0.052864
16.450905,0.572636,0.002524,0.053016
16.662537,0.571029,0.002498,0.052841
16.876946,0.570243,0.002694,0.053053
17.093970,0.568907,0.002548,0.053218
17.313701,0.567225,0.002623,0.052098
17.536747,0.566011,0.002623,0.052502
17.762368,0.565482,0.002656,0.052144
17.990602,0.565211,0.002588,0.053000
18.222229,0.563200,0.002599,0.053339
18.456863,0.562836,0.002713,0.052509
18.693993,0.561011,0.002506,0.052356
18.934761,0.560750,0.002677,0.054726
19.178180,0.559711,0.002719,0.055372
19.424792,0.559268,0.002640,0.054908
19.674582,0.558961,0.002718,0.055373
19.927914,0.557425,0.002585,0.056426
20.184448,0.555500,0.002717,0.056112
20.443863,0.553614,0.002584,0.057800
20.707108,0.553329,0.002741,0.058724
20.973472,0.552493,0.002732,0.059116
21.243629,0.552279,0.002780,0.059117
21.516775,0.551979,0.002691,0.060386
21.793556,0.551614,0.002661,0.060302
22.073932,0.548554,0.002615,0.058991
22.357849,0.547221,0.002722,0.058924
22.645623,0.545832,0.002829,0.058819
22.936944,0.545136,0.002762,0.059603
23.232006,0.543704,0.002764,0.058001
23.530904,0.543346,0.002633,0.058148
23.833728,0.541729,0.002714,0.058819
24.140404,0.542011,0.002777,0.057009
24.450894,0.541279,0.002817,0.057035
24.765475,0.539879,0.002783,0.056703
25.084184,0.538168,0.002705,0.057077
25.406730,0.538264,0.002746,0.058132
25.733487,0.537786,0.002698,0.059212
26.064653,0.538068,0.002764,0.058854
26.400213,0.536821,0.002838,0.059362
26.739787,0.536546,0.002769,0.059479
27.083809,0.534536,0.002871,0.059692
27.432150,0.532479,0.002849,0.058783
27.785027,0.532093,0.002794,0.059295
28.142786,0.531171,0.002946,0.060035
28.504546,0.531536,0.002791,0.059787
28.871638,0.530718,0.002904,0.061050
29.242850,0.531704,0.002857,0.062617
29.619174,0.528696,0.002873,0.060218
30.000300,0.528046,0.002837,0.060224
30.386481,0.527079,0.002787,0.059926
30.777096,0.525875,0.002835,0.061446
31.173472,0.523318,0.002949,0.060909
31.574347,0.521443,0.002933,0.060494
31.980448,0.521604,0.002903,0.062659
32.392159,0.521175,0.002909,0.063223
32.808708,0.520682,0.002889,0.062841
33.230975,0.518654,0.002876,0.061878
33.658650,0.515711,0.002947,0.062282
34.091474,0.515739,0.002928,0.061838
34.530236,0.515471,0.002988,0.063607
34.974629,0.512732,0.003082,0.064916
35.424415,0.510986,0.002948,0.061797
35.880379,0.510607,0.003041,0.061956
36.342061,0.510293,0.003007,0.062521
36.809445,0.510693,0.002938,0.061875
37.282942,0.507664,0.002882,0.061869
37.762734,0.506611,0.002974,0.064645
38.248687,0.508879,0.002913,0.063393
38.741003,0.507129,0.002992,0.063695
39.239271,0.506911,0.002985,0.062443
39.744298,0.507021,0.003071,0.063212
40.255616,0.504986,0.003081,0.062783
40.773198,0.502900,0.003112,0.062244
41.297845,0.503518,0.002996,0.061985
41.829477,0.502368,0.003131,0.062351
42.367483,0.501089,0.003047,0.062881
42.912747,0.500257,0.003025,0.065356
43.465134,0.498568,0.003002,0.066695
44.024500,0.497200,0.003095,0.067649
44.590798,0.496686,0.003090,0.067146
45.164292,0.495336,0.002987,0.065570
45.745521,0.494657,0.003092,0.065796
46.334220,0.493918,0.003001,0.065851
46.930319,0.495346,0.003159,0.068153
47.533919,0.495732,0.003054,0.069661
48.145504,0.495525,0.003200,0.069720
48.765080,0.494389,0.003181,0.069076
49.392577,0.491893,0.003051,0.067836
50.028052,0.488682,0.003002,0.067910
50.671824,0.490857,0.003120,0.068240
51.324005,0.489054,0.003077,0.068427
51.984103,0.489296,0.003118,0.068457
52.653104,0.488475,0.003051,0.067569
53.330660,0.489021,0.003155,0.067075
54.016836,0.487775,0.003134,0.065989
54.711889,0.486893,0.003185,0.066552
55.415779,0.486954,0.003113,0.065645
56.129207,0.483654,0.003026,0.066825
56.851163,0.483268,0.003055,0.067420
57.582444,0.481589,0.003240,0.065853
58.323256,0.480046,0.003234,0.066680
59.073844,0.478500,0.003202,0.066371
59.834039,0.476146,0.003179,0.065915
60.603895,0.478446,0.003104,0.066343
61.383871,0.478300,0.003231,0.067507
62.173174,0.478471,0.003274,0.068711
62.973635,0.476932,0.003220,0.068926
63.783774,0.477386,0.003172,0.069277
64.604247,0.476861,0.003294,0.069239
65.435748,0.475568,0.003362,0.069660
66.277819,0.473411,0.003209,0.070112
67.130457,0.472907,0.003275,0.067275
67.994508,0.473661,0.003381,0.068046
68.868979,0.474557,0.003127,0.068926
69.755440,0.472482,0.003181,0.069533
70.653034,0.468986,0.003173,0.068571
71.561851,0.467339,0.003164,0.066749
72.482889,0.467518,0.003311,0.067448
73.415297,0.468704,0.003261,0.066622
74.360031,0.468075,0.003301,0.066001
75.316747,0.468554,0.003361,0.064868
76.285678,0.470046,0.003161,0.065827
77.267401,0.466593,0.003278,0.064815
78.261805,0.464343,0.003474,0.065349
79.268634,0.465586,0.003376,0.064880
80.288806,0.464068,0.003242,0.065202
81.321544,0.461993,0.003267,0.066727
82.368192,0.461371,0.003268,0.067194
83.428109,0.460382,0.003371,0.066377
84.501592,0.460168,0.003246,0.068401
85.588709,0.460029,0.003420,0.070496
86.690045,0.458607,0.003485,0.068459
87.805872,0.459314,0.003403,0.069801
88.935617,0.457746,0.003412,0.067615
90.079721,0.456904,0.003395,0.071312
91.238715,0.455925,0.003444,0.070998
92.412821,0.455418,0.003488,0.071356
93.601680,0.455664,0.003370,0.070777
94.806544,0.452221,0.003440,0.070871
96.026072,0.450257,0.003417,0.071316
97.261873,0.450836,0.003526,0.072608
98.513200,0.448736,0.003642,0.071111
99.781080,0.447800,0.003502,0.071355
101.065053,0.447000,0.003441,0.073632
102.365472,0.448243,0.003444,0.072270
103.682639,0.444829,0.003678,0.070644
105.016710,0.447589,0.003689,0.071318
106.368113,0.447079,0.003656,0.070684
107.736728,0.447846,0.003511,0.071371
109.122960,0.447064,0.003587,0.073428
110.527151,0.444832,0.003463,0.073534
111.949537,0.445161,0.003729,0.073093
113.389677,0.444443,0.003528,0.071949
114.848890,0.442961,0.003668,0.072235
116.326873,0.443375,0.003572,0.075844
117.823253,0.441443,0.003595,0.075203
119.339457,0.441407,0.003715,0.075903
120.875214,0.439029,0.003651,0.076979
122.430513,0.438668,0.003567,0.075668
124.005557,0.438311,0.003664,0.078289
125.601507,0.438982,0.003616,0.077299
127.217313,0.440350,0.003586,0.074925
128.854596,0.438775,0.003728,0.075436
130.512512,0.437125,0.003641,0.074458
132.191921,0.436125,0.003718,0.074548
133.893226,0.433929,0.003612,0.074274
135.615627,0.434496,0.003542,0.076245
137.360625,0.432396,0.003596,0.074459
139.128409,0.433804,0.003644,0.076574
140.918473,0.431943,0.003686,0.075125
142.731683,0.434064,0.003629,0.074688
144.568421,0.431386,0.003688,0.074505
146.428716,0.431596,0.003698,0.074881
148.313034,0.431796,0.003669,0.075563
150.221277,0.430368,0.003697,0.080883
152.154118,0.432139,0.003667,0.079362
154.112059,0.431568,0.003798,0.077862
156.094979,0.433532,0.003865,0.080585
158.103749,0.432700,0.003788,0.079669
160.138207,0.432093,0.003823,0.078229
162.198747,0.428589,0.003902,0.077568
164.285881,0.431404,0.003688,0.079076
166.399704,0.430479,0.003807,0.077825
168.541154,0.426911,0.003854,0.076948
170.709506,0.427896,0.003621,0.078597
172.906223,0.425982,0.003887,0.077716
175.131076,0.425443,0.003863,0.077284
177.384732,0.425418,0.003848,0.080699
179.666985,0.426625,0.003939,0.079711
181.978771,0.428129,0.003779,0.079743
184.320753,0.425893,0.003638,0.078443
186.692766,0.424711,0.003799,0.079569
189.094172,0.428011,0.003878,0.079528
191.527841,0.426461,0.003959,0.077979
193.992296,0.424661,0.004044,0.078614
196.488136,0.426050,0.003788,0.080124
199.016904,0.423761,0.003914,0.081855
201.577964,0.423432,0.003867,0.080062
204.171627,0.425025,0.003993,0.081671
206.799006,0.425071,0.004096,0.081138
209.459553,0.424075,0.003908,0.080982
212.155210,0.423396,0.003814,0.079471
214.884921,0.423550,0.004090,0.080992
217.650103,0.421979,0.004179,0.081151
220.450677,0.419318,0.003905,0.080173
223.287413,0.420243,0.003722,0.081634
226.160851,0.417093,0.003881,0.081997
229.070751,0.415832,0.003967,0.081077
232.018416,0.414286,0.003945,0.079104
235.003880,0.413800,0.004102,0.080750
238.027725,0.417914,0.003983,0.079578
241.090792,0.415036,0.004034,0.080949
244.192948,0.414825,0.003839,0.083523
247.335096,0.415429,0.003982,0.082510
250.517708,0.413821,0.004188,0.082310
253.741646,0.415704,0.004000,0.084370
257.006241,0.416368,0.003850,0.083803
260.313260,0.418611,0.003820,0.082983
263.663170,0.414961,0.004135,0.082178
267.056292,0.413375,0.004014,0.083460
270.492581,0.414486,0.004077,0.083555
273.972653,0.416054,0.004353,0.085987
277.498408,0.417875,0.004103,0.086810
281.069231,0.416104,0.004154,0.088874
284.685858,0.413761,0.004200,0.085123
288.349068,0.412514,0.004145,0.085999
292.059666,0.414214,0.004327,0.084580
295.817509,0.415361,0.003872,0.081588
299.624105,0.414275,0.003944,0.082610
303.479467,0.414050,0.003915,0.084714
307.385060,0.417021,0.004172,0.083506
311.340379,0.417168,0.004106,0.084773
315.346192,0.414025,0.004086,0.085807
319.404064,0.411200,0.004255,0.084352
323.514138,0.411411,0.004064,0.082434
327.676995,0.410293,0.004187,0.082591
331.893875,0.406993,0.004155,0.082226
336.164288,0.407732,0.004134,0.079073
340.490065,0.409118,0.004127,0.082187
344.871187,0.407857,0.004062,0.079593
349.308996,0.409964,0.004097,0.083435
353.804096,0.407679,0.004016,0.083669
358.356574,0.409275,0.004377,0.083970
362.967418,0.411143,0.004062,0.084029
367.638633,0.409582,0.004091,0.082365
372.368780,0.408729,0.004055,0.083047
377.160712,0.409521,0.004116,0.084159
382.013605,0.405689,0.004363,0.083465
386.929059,0.405307,0.003951,0.085646
391.908421,0.401796,0.004491,0.083606
396.951034,0.400561,0.004163,0.086306
402.059328,0.398989,0.004371,0.086549
407.232864,0.398150,0.004186,0.086656
412.473008,0.399321,0.004238,0.086596
417.780714,0.404075,0.004288,0.085525
423.156189,0.405318,0.004612,0.090015
428.601624,0.406446,0.004516,0.089701
434.116736,0.404382,0.004335,0.090384
439.702848,0.404193,0.004736,0.088498
445.360687,0.400154,0.004277,0.088266
451.092016,0.397396,0.007322,0.087675
456.896265,0.404100,0.004146,0.089726
462.775298,0.404086,0.004744,0.086823
468.730448,0.404668,0.004339,0.085793
474.761672,0.405946,0.004174,0.091370
480.870952,0.399386,0.004412,0.089162
487.058942,0.397471,0.004431,0.086757
493.326043,0.399646,0.004254,0.086759
499.674123,0.400225,0.004095,0.089199
506.104094,0.396118,0.004587,0.091041
512.616592,0.399039,0.004967,0.092743
519.212799,0.395214,0.004141,0.089932
525.894019,0.396950,0.004893,0.089516
532.660838,0.396518,0.004359,0.090708
539.515208,0.396496,0.004468,0.088722
546.457796,0.396329,0.004769,0.092383
553.489376,0.394679,0.004449,0.095008
560.611722,0.392800,0.004942,0.091915
567.825333,0.395911,0.004883,0.090742
575.132253,0.394132,0.004690,0.094042
582.532996,0.395571,0.005818,0.090701
590.028833,0.397304,0.004539,0.093750
597.621169,0.399282,0.004405,0.092705
605.311054,0.403375,0.004653,0.092030
613.099986,0.399507,0.004554,0.094113
620.989532,0.400061,0.004804,0.090707
628.980335,0.398818,0.004713,0.089860
637.074174,0.393036,0.004835,0.089086
645.271766,0.393050,0.005189,0.090666
653.574793,0.393811,0.004409,0.090037
661.984731,0.393507,0.004714,0.092013
670.503294,0.397868,0.004566,0.092019
679.131074,0.401486,0.004439,0.092986
687.869967,0.396371,0.004207,0.089605
696.721492,0.397714,0.004339,0.094023
705.686880,0.396400,0.004689,0.090702
714.767629,0.396311,0.004436,0.091985
723.965172,0.395932,0.004907,0.088274
733.280808,0.396254,0.004845,0.087929
742.716670,0.393946,0.004467,0.090672
752.274344,0.392818,0.004827,0.084321
761.954038,0.390100,0.004637,0.086274
771.759177,0.395546,0.004880,0.091294
781.689876,0.393750,0.004205,0.089003
791.748352,0.394164,0.004689,0.091694
801.936614,0.393589,0.004733,0.089740
812.255803,0.393171,0.004811,0.089440
822.707962,0.390382,0.005249,0.092019
833.294493,0.389557,0.005299,0.093745
844.017035,0.389682,0.005076,0.094870
854.877747,0.387371,0.004962,0.093840
865.878395,0.388579,0.005175,0.093168
877.020132,0.387596,0.005170,0.096444
888.305622,0.385968,0.004991,0.096786
899.736730,0.384014,0.005111,0.098593
911.314461,0.385743,0.005611,0.092712
923.041046,0.388036,0.005609,0.093888
934.918116,0.389786,0.005271,0.093255
946.948467,0.389175,0.004380,0.093074
959.134188,0.386371,0.004925,0.093487
971.476121,0.386171,0.004955,0.089680
983.976984,0.391443,0.004584,0.092645
996.638544,0.390239,0.004992,0.097173
1009.463066,0.392536,0.005084,0.092084
1022.452731,0.391118,0.005499,0.094668
1035.610016,0.388893,0.007280,0.096077
1048.936367,0.388025,0.005797,0.093200
1062.433193,0.388314,0.004693,0.094686
1076.104665,0.388146,0.005050,0.095737
1089.952064,0.387996,0.004761,0.096699
1103.977239,0.387632,0.005341,0.095540
1118.183281,0.393079,0.004944,0.095971
1132.571633,0.388318,0.005297,0.097526
1147.145280,0.392175,0.005275,0.094934
1161.907122,0.392461,0.005052,0.096434
1176.858146,0.394761,0.004682,0.091852
1192.001935,0.394161,0.005764,0.098865
1207.340430,0.392986,0.005741,0.095634
1222.876120,0.389411,0.004740,0.095096
1238.612317,0.389732,0.004791,0.092941
1254.550868,0.387196,0.004779,0.093893
1270.694621,0.387393,0.005170,0.093587
1287.045241,0.387782,0.004929,0.089551
1303.607140,0.388511,0.006123,0.092913
1320.381795,0.391593,0.007670,0.093932
1337.372318,0.388050,0.005295,0.092830
1354.581262,0.387750,0.005505,0.093789
1372.012220,0.386804,0.004957,0.089663
1389.667248,0.392536,0.005537,0.093157
1407.548856,0.393143,0.004825,0.093662
1425.661259,0.389214,0.005273,0.095300
1444.006707,0.390721,0.005283,0.094956
1462.587854,0.389957,0.004645,0.097146
1481.408456,0.391304,0.005428,0.096044
1500.470734,0.388346,0.004521,0.096143
1519.778936,0.387496,0.004817,0.092671
1539.335579,0.385475,0.005067,0.095705
1559.143791,0.388268,0.005388,0.099588
1579.206612,0.386714,0.005860,0.095923
1599.527751,0.384546,0.005493,0.095652
1620.109975,0.386900,0.005123,0.097464
1640.957923,0.387564,0.006630,0.098407
1662.073253,0.388621,0.006480,0.094594
1683.460438,0.389921,0.005298,0.092733
1705.123011,0.388418,0.005330,0.097836
1727.065064,0.388957,0.005077,0.097895
1749.288185,0.390939,0.004619,0.096676
1771.798368,0.391961,0.005153,0.098305
1794.597384,0.386129,0.004623,0.099577
1817.690380,0.381014,0.004808,0.095654
1841.080098,0.379821,0.005116,0.092563
1864.771595,0.385532,0.005145,0.096783
1888.767430,0.383879,0.005678,0.095963
1913.071685,0.382107,0.005318,0.098113
1937.688845,0.383764,0.004546,0.099075
1962.622925,0.384964,0.004953,0.096155
1987.877452,0.385918,0.005181,0.097323
2013.457653,0.385121,0.005269,0.098416
2039.366807,0.384900,0.004787,0.097197
2065.608883,0.387550,0.004587,0.097081
2092.189556,0.383789,0.005615,0.095764
2119.111722,0.377679,0.004964,0.096355
2146.379988,0.382086,0.005702,0.098380
2173.998973,0.380436,0.004838,0.097357
2201.974561,0.384121,0.005686,0.095078
2230.309086,0.384036,0.005795,0.096684
2259.009350,0.383793,0.005811,0.095961
2288.077736,0.381996,0.004943,0.091358
2317.520406,0.379232,0.005296,0.095041
2347.342099,0.383543,0.005295,0.093536
2377.547368,0.381696,0.005243,0.095407
2408.141949,0.383239,0.005353,0.094876
2439.129522,0.384043,0.005308,0.094053
2470.516088,0.380514,0.005067,0.092033
2502.306471,0.384229,0.005048,0.091073
2534.505929,0.385543,0.004674,0.094406
2567.120291,0.387132,0.005971,0.095233
2600.153397,0.382864,0.005185,0.092160
2633.612705,0.390043,0.006195,0.100025
2667.501101,0.385139,0.004689,0.098719
2701.826954,0.385375,0.005404,0.097503
2736.593912,0.389514,0.005370,0.099442
2771.808014,0.386939,0.004880,0.096496
2807.475346,0.384307,0.005364,0.098560
2843.601817,0.386571,0.005618,0.095830
2880.193501,0.386025,0.007996,0.093846
2917.255426,0.384346,0.006063,0.093887
2954.711213,0.384568,1.555397,0.095948
2992.816562,0.386393,0.004801,0.095406
3031.327937,0.389599,0.005833,0.093684
3070.335002,0.391504,0.006181,0.095623
3109.821233,0.386633,0.852718,0.098194
3149.861059,0.385251,0.005097,0.093250
3190.393617,0.386584,0.005390,0.096822
3231.447436,0.387781,0.006702,0.093750
3273.029306,0.389703,0.005418,0.095211
3315.146595,0.385301,0.006188,0.092826
-nan,-nan,-nan,-nan
3401.013567,0.380273,0.006071,0.091021
3444.777729,0.392837,0.004905,0.093217
3489.105362,0.390362,0.005412,0.096889
3534.002677,0.387313,0.005922,0.094091
-nan,-nan,-nan,-nan
3625.538814,0.380172,0.005007,0.094258
3672.192425,0.387453,0.005758,0.095192
3719.445281,0.387909,0.004885,0.097947
3767.307463,0.383171,0.005398,0.094368
3815.784895,0.383913,0.005631,0.097491
3864.886355,0.388024,0.006541,0.103163
3914.619415,0.382374,0.005520,0.097674
3964.992164,0.386306,0.004871,0.097222
4016.013885,0.385524,0.005798,0.095449
4067.691889,0.382891,0.006715,0.094920
4119.966834,0.382084,1.784182,0.098689
4173.050561,0.387719,0.004989,0.095046
4226.749743,0.384792,0.004993,0.093723
4281.139926,0.378660,0.004848,0.092773
4336.228291,0.384673,0.004883,0.094045
4392.027449,0.383563,0.004853,0.095718
4448.543726,0.387557,0.004841,0.095103
4505.787327,0.388527,0.004907,0.097441
4563.767830,0.385790,0.005137,0.096430
4622.494595,0.385320,0.005698,0.096614
4681.976093,0.391343,0.005132,0.096717
4742.223299,0.387062,0.004344,0.091368
4803.246460,0.380154,0.005380,0.096643
4865.054456,0.389515,0.005196,0.099005
4927.657692,0.383082,0.004842,0.097163
4991.066773,0.389418,0.005397,0.095309
5055.291612,0.381900,0.005036,0.095682
5120.343504,0.382680,0.008674,0.097619
5186.231652,0.382633,0.009296,0.101673
5252.967720,0.374943,0.005399,0.096060
5320.562734,0.378283,0.005582,0.099313
5389.027087,0.380514,0.005556,0.098029
5458.372832,0.383847,0.005269,0.097907
5528.611204,0.379289,0.005108,0.100860
5599.752794,0.380305,0.004768,0.098645
5671.811320,0.377985,0.011595,0.102280
5744.795515,0.382098,0.009768,0.102663
5818.719565,0.382051,0.006809,0.099949
5893.594172,0.380880,0.005931,0.102736
5969.432668,0.386437,0.005347,0.101963
6046.247519,0.387170,0.005745,0.103443
6124.049599,0.377507,0.004816,0.092958
6202.854617,0.383096,0.007020,0.102017
6282.672342,0.378499,0.006599,0.101821
6363.267145,0.379045,3.541938,0.105335
6445.403265,0.376326,0.005233,0.102059
6528.342273,0.375965,0.004982,0.099846
6612.348349,0.381871,0.005055,0.099953
6697.435932,0.383223,0.004752,0.097021
6783.618316,0.384718,0.005507,0.097014
6870.910047,0.387117,0.007208,0.101556
6959.324361,0.383096,0.005725,0.097057
7048.877362,0.386973,0.008585,0.096353
7139.581813,0.388992,0.006185,0.097408
7231.453875,0.383833,0.007912,0.099751
7324.507670,0.384559,0.006285,0.096082
7418.759014,0.381059,0.004806,0.100024
7514.223606,0.377439,0.008329,0.097464
7610.916276,0.388605,0.005515,0.101467
7708.853223,0.385527,0.005416,0.100271
7808.050124,0.384129,0.004942,0.096989
7908.524359,0.387009,0.005565,0.095997
8010.290868,0.385217,0.004664,0.092265
8113.366855,0.390130,0.004642,0.093491
8217.769328,0.389751,0.004517,0.092600
8323.515538,0.390405,0.005304,0.102033
8430.622588,0.386308,0.006985,0.097478
8539.107163,0.386199,0.006496,0.097213
8648.988035,0.387240,0.005039,0.095168
8760.283589,0.385759,0.006199,0.095854
8873.010479,0.386857,0.005417,0.095177
8987.187742,0.394408,0.004602,0.091514
9102.834628,0.390426,0.004666,0.094638
9219.969746,0.382384,0.005336,0.099134
9338.611855,0.382034,0.004783,0.092280
9458.781219,0.387150,0.005857,0.100391
9580.496665,0.380163,0.005916,0.097651
9703.721959,0.378472,1.464244,0.098515
9828.646053,0.378824,0.006738,0.092721
9954.952301,0.381798,2.943750,0.101963
10083.222823,0.385218,0.006390,0.097894
10212.973869,0.389236,0.006128,0.100806
10344.394022,0.379375,0.005246,0.102231
10477.427870,0.384905,2.025674,0.097478
10612.329247,0.383958,0.006203,0.097621
10748.888895,0.380339,0.006303,0.100550
10886.813840,0.381850,6.475585,0.102940
11027.044522,0.383037,4.737755,0.103063
11169.200154,0.381133,0.005978,0.098053
11312.925126,0.378457,0.005310,0.092877
11458.499099,0.382507,0.005179,0.095786
11605.946677,0.388145,0.004435,0.094285
11755.291937,0.389190,0.005379,0.098464
11906.423492,0.387133,3.535234,0.098668
12059.771881,0.389442,0.004784,0.092279
12214.957073,0.387919,0.004852,0.094543
12372.126745,0.388010,0.435858,0.099134
12531.343480,0.381954,0.009284,0.092487
12692.382153,0.386403,5.577447,0.095977
12855.754936,0.381681,3.602071,0.094503
13021.353942,0.383094,0.004883,0.092283
13188.911973,0.384705,0.004699,0.095598
13358.626595,0.382585,0.005513,0.096951
13530.524947,0.383223,0.005360,0.094828
13704.635285,0.382010,0.005421,0.097490
13880.986723,0.384727,0.006512,0.093515
14059.606799,0.388145,0.005245,0.096599
14240.524992,0.386796,0.005429,0.096411
14423.771523,0.392275,0.004616,0.097416
14609.376523,0.387271,0.006359,0.094933
14797.296317,0.395973,2.692170,0.096504
14987.781827,0.392218,0.005185,0.093116
15180.211527,0.388528,7.960932,0.099903
15375.988593,0.388205,0.006626,0.101852
15573.845849,0.387650,0.004661,0.094964
15774.249823,0.391081,0.004574,0.096051
15977.232855,0.384278,0.005570,0.102002
16182.701850,0.388135,4.606072,0.097369
16390.854395,0.382752,3.912338,0.099598
16601.987968,0.375238,0.007453,0.101998
16815.621626,0.380970,0.006267,0.101847
17032.004567,0.377043,0.005382,0.096682
17250.881643,0.377827,7.528192,0.103733
17473.160939,0.370424,0.021649,0.103912
17698.003932,0.382217,0.006730,0.098997
17925.578247,0.381004,5.975303,0.096058
18156.362957,0.383023,1.689480,0.101398
18389.776861,0.384996,4.907157,0.102829
18626.688379,0.377377,0.005196,0.096585
18866.062707,0.385863,5.120926,0.097895
19109.147578,0.385559,0.004753,0.096605
19355.043725,0.385514,0.005179,0.093878
19604.104505,0.381905,0.004962,0.094341
19856.369191,0.388597,0.008601,0.092588
20111.226936,0.385514,11.913716,0.099200
20370.605404,0.388465,2.703292,0.101892
20632.754559,0.379932,1.984327,0.093486
20898.311612,0.388429,0.004943,0.098901
21167.230577,0.384962,0.005003,0.098442
21439.610101,0.384567,0.005673,0.094325
21715.494106,0.392909,0.005503,0.095270
21994.554118,0.387121,7.914128,0.099885
22277.958502,0.380593,0.004943,0.092517
22564.630936,0.387530,0.005327,0.099981
22854.992151,0.387965,0.004574,0.093171
23148.668847,0.382202,7.644492,0.099880
23446.971987,0.383443,0.005950,0.093998
23748.277814,0.376720,10.506078,0.096965
24054.235856,0.377170,0.882903,0.094717
24363.814466,0.379734,0.005133,0.095088
24677.327107,0.385377,0.004931,0.097424
24994.087920,0.382272,10.225452,0.104789
25316.508111,0.382600,0.004858,0.097581
25642.279846,0.384996,0.004871,0.092047
25972.059162,0.383300,6.699997,0.095677
26306.455130,0.384115,0.005940,0.100274
26644.965679,0.384065,0.005202,0.098847
26987.429074,0.383038,10.299224,0.100535
27334.588553,0.381834,8.420302,0.098468
27686.858747,0.388571,0.006176,0.097234
28043.132624,0.387816,0.005726,0.098926
28403.590747,0.383463,10.251640,0.095560
28769.493262,0.378908,0.007888,0.099318
29139.698385,0.377577,0.005293,0.099369
29514.667328,0.384853,0.005599,0.102094
29894.211418,0.373665,4.501199,0.105644
30278.002155,0.383982,17.642044,0.105771
30668.617273,0.392496,3.963376,0.098935
31063.418820,0.382738,0.005133,0.096865
31463.142162,0.382068,0.005315,0.099904
31868.009660,0.378438,0.005360,0.100129
32277.464699,0.383435,9.485610,0.101936
32693.439229,0.390086,0.004858,0.092685
33113.961838,0.386381,6.299078,0.098203
33539.973241,0.377381,6.995559,0.097202
33971.654243,0.385404,6.824038,0.098887
34408.994169,0.379627,0.004475,0.093664
34851.768676,0.376935,0.005715,0.095712
35300.240582,0.381134,0.005610,0.101411
35754.483527,0.379910,0.005757,0.102433
36214.570715,0.377551,0.004709,0.101418
36679.678158,0.380204,14.669795,0.102057
37152.584753,0.368381,0.006818,0.101001
37630.373796,0.381533,10.275977,0.096884
38114.893185,0.378884,0.005349,0.098920
38604.881211,0.388888,8.421678,0.098967
39102.127471,0.384719,0.005236,0.098139
39605.292987,0.372793,0.004709,0.098553
40114.932880,0.379937,0.006196,0.105098
40630.760790,0.376112,9.307256,0.105738
41153.971534,0.380868,0.004956,0.103824
41682.149469,0.375178,24.826902,0.098198
42219.922839,0.382504,0.004709,0.095879
42762.792459,0.378529,14.740763,0.096383
43313.075092,0.384137,14.467988,0.095878
43870.840560,0.387182,0.005920,0.098077
44435.369619,0.385104,0.005819,0.091068
45006.678138,0.376680,12.144742,0.101076
45586.314428,0.376738,0.006677,0.103365
46172.917676,0.381535,0.005673,0.098546
46766.193030,0.383804,21.939573,0.102906
47367.180668,0.381350,30.590335,0.103138
47977.592898,0.385180,20.371428,0.099445
48593.422729,0.378612,34.119169,0.096199
49221.123782,0.390182,0.003782,0.096210
49854.500282,0.384427,0.004422,0.098404
50494.343242,0.386582,29.583105,0.094386
51142.779162,0.383947,40.188499,0.098850
51803.951563,0.376975,0.005349,0.094260
52469.570905,0.387895,17.632782,0.098590
53145.753799,0.386581,0.004980,0.099033
53828.103943,0.381123,26.688893,0.097491
54522.311510,0.378377,0.007812,0.098530
55221.142636,0.382947,43.030538,0.094750
55934.524052,0.385321,0.021058,0.099735
56652.639329,0.387551,28.666067,0.101439
57383.313088,0.389955,0.007275,0.098700
58121.720147,0.387725,0.005481,0.092702
58869.629795,0.381792,0.005610,0.097089
59626.547312,0.386210,15.134300,0.096084
60394.444019,0.381993,0.007596,0.098704
61171.598092,0.387395,0.004475,0.100647
61956.625151,0.373879,33.311582,0.103815
62756.036983,0.379267,0.006215,0.100102
63561.553540,0.378447,35.059573,0.102393
64380.822224,0.380560,20.705392,0.098982
65209.975065,0.384971,0.006587,0.097923
66048.680689,0.381377,10.129332,0.098933
66898.346833,0.378433,23.029961,0.099545
67758.970625,0.372638,15.493058,0.101450
68631.440546,0.380122,6.222508,0.102012
69512.673872,0.385452,39.182128,0.105700
70408.066130,0.390915,24.089029,0.096203
71315.498565,0.387470,0.003383,0.091714
72232.818334,0.379800,12.593078,0.103346
73161.643769,0.384179,24.115298,0.099453
74104.136511,0.376348,0.004784,0.095780
75057.706738,0.379505,0.002584,0.099981
76023.547581,0.380102,-nan,0.096661
77001.816904,0.381975,0.002392,0.094744
77992.674939,0.385623,0.014084,0.095317
78996.283070,0.381493,0.007689,0.092311
80010.237818,0.382671,43.878214,0.099085
81042.408689,0.378570,0.004143,0.095523
82084.822826,0.378690,7.470324,0.097896
83141.531381,0.392131,-nan,0.092400
84209.247964,0.393565,43.799731,0.097859
85293.397476,0.376469,27.688852,0.095827
86391.886844,0.377766,17.268469,0.100309
87504.147571,0.368879,5.134724,0.105944
88630.301864,0.389640,0.002184,0.098619
89770.794682,0.390784,0.003088,0.099214
90925.946368,0.377617,0.597741,0.094379
92093.990691,0.385078,39.274929,0.094513
93281.004323,0.383817,2.770920,0.095787
94480.755389,0.380091,11.333292,0.098408
95697.210504,0.385738,0.004143,0.090700
96928.455968,0.385166,4.402529,0.099904
98175.915570,0.384322,0.005694,0.100953
99439.209624,0.377489,0.765742,0.107614
100709.038584,0.386661,92.587067,0.098010
102014.871575,0.388905,0.006329,0.094548
103327.107753,0.387948,16.411267,0.101719
104651.388306,0.380346,80.166999,0.103031
106003.940844,0.376098,0.006176,0.098986
107366.112154,0.380781,26.436641,0.104468
108749.606514,0.382278,-nan,0.090824
110148.994314,0.376667,0.009264,0.092549
111565.152520,0.377951,41.250289,0.102799
112997.856563,0.375778,55.214852,0.108746
114454.937475,0.382500,31.498122,0.100705
115928.949800,0.380564,0.005349,0.106004
117415.731995,0.392200,82.584618,0.098915
118921.567061,0.382327,108.168327,0.101756
120462.024217,0.378361,2.476710,0.096901
122010.424966,0.383276,41.366737,0.096736
123576.130271,0.383352,74.012859,0.100686
125166.096762,0.380247,74.031717,0.095980
126777.132645,0.379292,85.758485,0.105748
128414.668950,0.381092,0.010786,0.098285
130062.659684,0.381257,64.357238,0.098263
131734.904885,0.388482,95.485437,0.098871
133429.286671,0.384217,82.306758,0.105577
135153.096966,0.386230,0.007812,0.096716
136892.244489,0.384778,0.003383,0.097479
138653.770937,0.387300,-nan,0.100779
140435.606464,0.374513,53.649421,0.099600
142243.597470,0.376681,48.884307,0.101085
144074.477760,0.385604,19.425503,0.105935
145919.747139,0.384257,117.773135,0.095362
147807.303212,0.384941,0.005859,0.099667
149707.689858,0.384731,45.174964,0.097479
151634.978976,0.377973,24.329404,0.097365
153581.732736,0.374083,62.102503,0.097377
155560.592117,0.387043,61.724091,0.094557
157565.126451,0.381407,0.000000,0.092215
159590.720916,0.386303,23.097683,0.104049
161636.246755,0.385694,132.586302,0.097414
163718.094667,0.375418,83.969353,0.102107
165827.052038,0.379014,100.854091,0.103740
167965.359506,0.381143,40.649559,0.100261
170128.531069,0.392030,-nan,0.095651
172317.743566,0.380491,0.023274,0.099603
174519.982578,0.381513,160.695416,0.106868
176768.851098,0.379726,142.817996,0.109087
179055.852015,0.386366,0.000000,0.094049
181350.231346,0.383749,94.851410,0.105434
183685.517071,0.384662,125.255147,0.096729
186057.441562,0.381994,-nan,0.096434
188449.589317,0.390493,43.118023,0.098759
190876.616642,0.391788,0.006766,0.096778
193329.158791,0.391515,77.602281,0.091826
195820.104547,0.391708,11.029458,0.092888
198338.439487,0.379238,59.615535,0.092392
200889.654839,0.384151,65.000389,0.096154
203458.749753,0.376638,186.544798,0.107899
206081.109632,0.386137,159.688464,0.101483
208746.239877,0.380358,57.283871,0.107766
211423.165187,0.380166,138.617025,0.102746
214153.608276,0.381730,30.375424,0.106936
216902.382582,0.381143,145.060840,0.102206
219684.763305,0.375442,202.740924,0.106955
222522.772012,0.378363,133.229141,0.093784
225372.700338,0.389910,214.727670,0.094961
228292.956755,0.377329,0.003906,0.096587
231228.489204,0.388436,30.735420,0.101459
234206.096969,0.381206,-nan,0.101202
237212.341722,0.383347,113.814962,0.096717
240270.067825,0.378672,40.747497,0.103188
243347.550956,0.381083,173.737561,0.105679
246488.152968,0.372822,84.756612,0.106760
249655.356023,0.375957,181.256304,0.096144
252868.241335,0.369780,128.092235,0.106624
256134.448756,0.375523,1.651780,0.099217
259423.545150,0.380904,132.704000,0.104824
262768.785344,0.384843,-nan,0.096693
266140.534788,0.378331,135.959885,0.105840
269569.228276,0.387436,96.051203,0.096923
273043.787259,0.390392,0.021395,0.100504
276544.203515,0.380625,160.787902,0.102854
280110.847632,0.385309,66.076019,0.103715
283715.094235,0.384453,96.522931,0.101682
287371.481289,0.383196,0.009568,0.103464
291028.420627,0.378296,334.842829,0.115935
294799.210044,0.384015,200.964123,0.096364
298595.080197,0.385928,174.472345,0.099774
302441.851975,0.388573,179.489117,0.096614
306331.338778,0.387204,160.426634,0.095859
310272.377509,0.378072,176.603759,0.101239
314252.309043,0.378116,219.052466,0.105660
318305.393477,0.380248,208.758446,0.103553
322407.964192,0.375244,120.447416,0.111036
326560.216616,0.379181,131.619696,0.098907
330755.912897,0.354501,201.413640,0.103075
335025.426327,0.374876,-nan,0.099911
339302.276750,0.365681,306.553578,0.112548
343680.631248,0.379659,234.521079,0.106263
348091.127720,0.372869,296.841175,0.105051
