0.000000,0.995000,0.000000,0.000000
1.002952,0.845558,0.001699,0.026486
1.016435,0.843947,0.001722,0.026523
1.030025,0.842758,0.001716,0.026790
1.043899,0.841486,0.001721,0.026525
1.057997,0.840169,0.001695,0.026522
1.072067,0.838525,0.001707,0.026476
1.086676,0.837297,0.001778,0.026795
1.101113,0.835786,0.001663,0.027203
1.115947,0.834189,0.001787,0.027263
1.130918,0.832889,0.001703,0.027243
1.146073,0.831300,0.001726,0.027286
1.161560,0.830200,0.001760,0.027387
1.177107,0.828789,0.001691,0.027513
1.192934,0.827267,0.001774,0.027263
1.208823,0.825806,0.001739,0.027389
1.225208,0.824369,0.001729,0.027833
1.241716,0.823036,0.001779,0.028023
1.258291,0.821539,0.001809,0.028290
1.275215,0.820517,0.001754,0.028445
1.292309,0.818828,0.001786,0.028578
1.309752,0.817389,0.001775,0.028417
1.327314,0.815742,0.001820,0.028741
1.345156,0.814406,0.001806,0.028627
1.363267,0.813172,0.001766,0.028971
1.381535,0.811767,0.001760,0.029190
1.400074,0.810108,0.001788,0.029255
1.418994,0.808497,0.001835,0.029498
1.437972,0.806914,0.001879,0.029629
1.457312,0.805414,0.001866,0.029593
1.476989,0.803975,0.001791,0.030093
1.496745,0.802847,0.001767,0.030060
1.516796,0.801489,0.001792,0.030562
1.537257,0.800297,0.001819,0.030470
1.557998,0.798872,0.001799,0.030224
1.578813,0.797306,0.001781,0.030853
1.600051,0.795831,0.001814,0.031060
1.621616,0.794314,0.001809,0.031457
1.643367,0.792586,0.001809,0.031183
1.665547,0.791178,0.001850,0.031404
1.687828,0.789853,0.001826,0.031671
1.710548,0.788364,0.001841,0.031882
1.733513,0.787494,0.001853,0.031885
1.756833,0.785747,0.001828,0.032349
1.780420,0.784311,0.001845,0.032571
1.804363,0.783089,0.001831,0.032554
1.828660,0.781428,0.001814,0.032538
1.853251,0.779939,0.001828,0.032294
1.878161,0.778483,0.001861,0.032268
1.903334,0.777156,0.001888,0.032142
1.928882,0.775958,0.001868,0.032288
1.954897,0.774594,0.001879,0.032454
1.981297,0.772758,0.001869,0.032242
2.007886,0.771294,0.001886,0.032619
2.034742,0.770522,0.001930,0.032765
2.062341,0.768931,0.001873,0.033098
2.089845,0.766994,0.001855,0.033150
2.118073,0.765036,0.001866,0.033508
2.146425,0.763181,0.001862,0.033032
2.175432,0.761572,0.001853,0.032925
2.204650,0.760203,0.001968,0.033064
2.234155,0.759194,0.001857,0.032907
2.264430,0.757275,0.001930,0.032402
2.294685,0.755297,0.001940,0.032355
2.325720,0.753703,0.001933,0.032308
2.356715,0.752717,0.001901,0.032318
2.388571,0.751167,0.001906,0.032877
2.420782,0.749714,0.001928,0.032703
2.453302,0.748092,0.001983,0.032679
2.486134,0.746431,0.001919,0.032858
2.519645,0.745122,0.001941,0.033217
2.553528,0.743189,0.001983,0.033188
2.587892,0.741908,0.002026,0.033484
2.622596,0.740908,0.001962,0.033583
2.657886,0.739178,0.001965,0.033660
2.693647,0.737889,0.001993,0.033768
2.729893,0.736586,0.001980,0.033855
2.766673,0.735300,0.001916,0.033975
2.803830,0.733967,0.002016,0.034143
2.841592,0.732836,0.001980,0.034152
2.879870,0.731411,0.001985,0.034528
2.918522,0.729569,0.001982,0.035165
2.957845,0.727928,0.001991,0.035612
2.997652,0.726308,0.001953,0.036196
3.037933,0.724850,0.002010,0.036060
3.078719,0.723842,0.002048,0.036207
3.120262,0.722306,0.001972,0.037036
3.162127,0.721011,0.002004,0.036955
3.204570,0.720606,0.002042,0.036284
3.247760,0.719111,0.002036,0.036312
3.291386,0.717606,0.002000,0.036984
3.335750,0.716167,0.002070,0.037235
3.380561,0.714897,0.002033,0.037576
3.426025,0.714142,0.002010,0.037158
3.472120,0.713036,0.002098,0.036785
3.518776,0.711297,0.002010,0.037400
3.566265,0.709214,0.002105,0.037946
3.614078,0.707494,0.002038,0.038162
3.662492,0.706106,0.002021,0.037858
3.712016,0.704864,0.002091,0.037601
3.761928,0.703439,0.002067,0.037518
3.812615,0.702206,0.002022,0.037902
3.863786,0.700700,0.002114,0.038291
3.915931,0.699608,0.002082,0.038241
3.968692,0.698039,0.002069,0.038237
4.021879,0.696189,0.002104,0.038864
4.076058,0.695206,0.002087,0.039119
4.131007,0.693653,0.002094,0.038685
4.186432,0.692119,0.002103,0.038624
4.242597,0.690422,0.002065,0.038557
4.299894,0.689328,0.002049,0.039290
4.357679,0.688131,0.002101,0.038883
4.416369,0.686511,0.002184,0.038607
4.475780,0.685250,0.002113,0.038627
4.535920,0.684064,0.002174,0.038912
4.597085,0.682206,0.002171,0.039265
4.658865,0.680428,0.002158,0.039358
4.721532,0.679222,0.002214,0.039571
4.784891,0.677731,0.002156,0.039754
4.849515,0.676550,0.002177,0.039457
4.914585,0.675667,0.002110,0.039328
4.980661,0.674358,0.002153,0.039857
5.047878,0.672853,0.002185,0.039950
5.115798,0.671258,0.002193,0.039988
5.184688,0.670294,0.002202,0.040354
5.254275,0.668683,0.002142,0.040782
5.325000,0.666511,0.002156,0.040113
5.396456,0.665364,0.002214,0.040526
5.469350,0.663853,0.002163,0.040431
5.542961,0.662192,0.002219,0.040741
5.617547,0.661264,0.002326,0.040969
5.693079,0.659733,0.002248,0.040496
5.769673,0.658078,0.002230,0.041346
5.847335,0.656903,0.002256,0.042300
5.926059,0.655986,0.002201,0.042935
6.005657,0.654025,0.002251,0.042945
6.086454,0.652800,0.002224,0.043239
6.168226,0.651378,0.002236,0.043258
6.251473,0.650597,0.002229,0.043095
6.335555,0.649197,0.002187,0.042433
6.420829,0.647431,0.002258,0.042799
6.507153,0.646233,0.002289,0.042939
6.594683,0.644544,0.002184,0.043259
6.683481,0.642853,0.002234,0.043686
6.773565,0.641808,0.002271,0.044011
6.864677,0.640653,0.002280,0.043264
6.957137,0.639294,0.002260,0.043796
7.050458,0.638133,0.002217,0.043973
7.145509,0.637058,0.002285,0.043517
7.241709,0.636139,0.002314,0.043806
7.339348,0.634378,0.002284,0.043972
7.438016,0.633561,0.002354,0.044532
7.538041,0.632222,0.002385,0.044591
7.639457,0.630764,0.002387,0.044871
7.742390,0.630275,0.002335,0.044423
7.846432,0.627864,0.002274,0.044073
7.952175,0.626406,0.002413,0.044455
8.059049,0.624661,0.002296,0.044819
8.167605,0.623503,0.002375,0.045424
8.277351,0.622142,0.002276,0.045300
8.388943,0.620428,0.002379,0.045881
8.501533,0.618658,0.002332,0.046222
8.616017,0.618008,0.002381,0.046496
8.732215,0.616481,0.002416,0.046751
8.849693,0.615536,0.002384,0.046927
8.968732,0.614839,0.002390,0.046666
9.089282,0.612669,0.002371,0.046553
9.211651,0.611883,0.002351,0.046321
9.335716,0.610644,0.002383,0.046534
9.461290,0.609756,0.002428,0.046839
9.588821,0.608600,0.002504,0.047229
9.717831,0.607331,0.002426,0.047833
9.848651,0.605856,0.002434,0.047548
9.981141,0.604622,0.002470,0.047119
10.115281,0.603122,0.002541,0.047309
10.251617,0.601614,0.002457,0.047896
10.389382,0.600006,0.002389,0.047292
10.529338,0.598967,0.002498,0.046328
10.671053,0.597114,0.002520,0.046750
10.814673,0.596189,0.002527,0.046709
10.960186,0.595414,0.002399,0.047254
11.107750,0.593653,0.002551,0.047219
11.257494,0.591797,0.002505,0.047055
11.408670,0.590539,0.002455,0.046915
11.562408,0.590269,0.002455,0.047292
11.717844,0.589358,0.002522,0.047668
11.875494,0.588261,0.002486,0.048123
12.035579,0.586625,0.002598,0.047757
12.197553,0.586211,0.002532,0.048191
12.361611,0.584108,0.002524,0.049055
12.528015,0.582781,0.002588,0.049860
12.696492,0.581911,0.002528,0.049377
12.867552,0.580631,0.002503,0.050416
13.040763,0.579200,0.002519,0.050816
13.216354,0.578164,0.002590,0.050366
13.394201,0.576050,0.002620,0.050385
13.574360,0.574478,0.002591,0.049930
13.757157,0.575128,0.002593,0.049878
13.942326,0.572650,0.002511,0.050219
14.130048,0.571475,0.002639,0.050845
14.320169,0.570744,0.002656,0.051398
14.512970,0.570625,0.002581,0.051357
14.708434,0.569425,0.002609,0.051512
14.906335,0.568494,0.002640,0.050462
15.106905,0.567328,0.002582,0.050129
15.310431,0.566761,0.002635,0.049916
15.516294,0.564564,0.002623,0.049724
15.725123,0.563769,0.002575,0.049435
15.936863,0.563492,0.002617,0.049816
16.151267,0.562533,0.002644,0.050099
16.368582,0.561811,0.002705,0.050014
16.589096,0.561036,0.002559,0.050997
16.812502,0.559256,0.002629,0.051214
17.038799,0.559094,0.002650,0.051108
17.267901,0.556842,0.002700,0.051612
17.500350,0.556522,0.002696,0.051626
17.736088,0.555142,0.002684,0.052876
17.974643,0.555078,0.002628,0.052624
18.216831,0.554131,0.002694,0.052417
18.461897,0.552961,0.002713,0.053393
18.710443,0.552192,0.002690,0.054052
18.962315,0.550264,0.002695,0.053891
19.217516,0.548403,0.002771,0.054085
19.475997,0.548811,0.002738,0.054783
19.738328,0.548039,0.002635,0.054976
20.003994,0.545717,0.002679,0.055576
20.273274,0.545058,0.002719,0.056231
20.546132,0.544053,0.002712,0.056273
20.822622,0.542081,0.002736,0.056519
21.103161,0.541750,0.002737,0.055928
21.387420,0.539361,0.002798,0.056970
21.675085,0.537481,0.002774,0.057159
21.966884,0.535847,0.002887,0.057393
22.262762,0.535386,0.002915,0.057425
22.562264,0.533564,0.002944,0.056538
22.865812,0.532469,0.002766,0.055778
23.173765,0.530369,0.002881,0.056756
23.485841,0.529378,0.002847,0.057395
23.801772,0.528400,0.002708,0.056913
24.122210,0.527008,0.002744,0.057506
24.446832,0.524939,0.002923,0.057973
24.776026,0.524397,0.002854,0.057594
25.109545,0.523508,0.002951,0.057111
25.447697,0.523600,0.002971,0.058920
25.790295,0.521078,0.002908,0.059212
26.137376,0.520303,0.002852,0.059049
26.489142,0.520317,0.002933,0.059422
26.845608,0.520056,0.002918,0.060709
27.207010,0.518778,0.002927,0.061378
27.573483,0.516308,0.002922,0.061064
27.944525,0.515519,0.002967,0.061189
28.320723,0.514867,0.002924,0.060543
28.702017,0.514589,0.002848,0.060326
29.088286,0.513750,0.002899,0.059671
29.480016,0.512978,0.002999,0.059344
29.876888,0.511672,0.002892,0.059164
30.278935,0.511094,0.002959,0.060460
30.686668,0.510050,0.003008,0.060818
31.099694,0.508569,0.002969,0.062616
31.518414,0.507356,0.003074,0.063488
31.942635,0.508092,0.002939,0.064340
32.372536,0.506258,0.002989,0.064412
32.808541,0.505136,0.003068,0.065580
33.250177,0.503056,0.003114,0.064576
33.697395,0.502144,0.003049,0.065408
34.151168,0.500989,0.003037,0.064136
34.610877,0.501417,0.003036,0.063556
35.077187,0.500939,0.003122,0.064226
35.549146,0.499906,0.003059,0.064240
36.027804,0.499300,0.003090,0.064131
36.512613,0.496844,0.002936,0.063033
37.004391,0.494478,0.003068,0.063936
37.502372,0.493344,0.002998,0.063350
38.007134,0.492794,0.003172,0.064745
38.518833,0.490228,0.003036,0.064473
39.037538,0.489317,0.003059,0.064313
39.563033,0.489333,0.003104,0.064604
40.095419,0.488131,0.003044,0.064301
40.635259,0.487822,0.003125,0.065586
41.182188,0.486306,0.003125,0.064541
41.736608,0.485264,0.003159,0.065161
42.298832,0.484553,0.003256,0.064160
42.868156,0.485017,0.003066,0.062261
43.445107,0.482525,0.003183,0.062830
44.029912,0.483072,0.003205,0.063590
44.622584,0.482811,0.003280,0.064509
45.223313,0.483936,0.003149,0.064672
45.832389,0.480322,0.003105,0.063305
46.449153,0.479958,0.003141,0.063310
47.074481,0.480761,0.003217,0.065402
47.708475,0.478625,0.003246,0.068261
48.350616,0.479814,0.003117,0.067653
49.001259,0.478714,0.003188,0.067202
49.661401,0.476647,0.003399,0.066816
50.329660,0.475375,0.003319,0.065961
51.007054,0.475131,0.003218,0.067642
51.693852,0.473611,0.003279,0.067044
52.390060,0.472236,0.003371,0.068774
53.095193,0.472542,0.003321,0.068591
53.809989,0.471936,0.003205,0.067128
54.534114,0.470861,0.003275,0.066334
55.268287,0.469083,0.003268,0.068708
56.012389,0.468633,0.003228,0.068544
56.766696,0.465700,0.003391,0.068485
57.530637,0.463861,0.003222,0.067568
58.305580,0.463542,0.003387,0.067885
59.090212,0.462553,0.003383,0.066904
59.885523,0.460150,0.003349,0.069053
60.691805,0.460006,0.003294,0.070367
61.508950,0.459719,0.003283,0.071298
62.336912,0.459969,0.003397,0.071218
63.176182,0.457686,0.003371,0.072102
64.026694,0.456539,0.003504,0.072649
64.888653,0.453233,0.003357,0.071975
65.762313,0.453317,0.003419,0.072875
66.647616,0.452219,0.003518,0.070133
67.544736,0.451128,0.003452,0.070427
68.454365,0.449958,0.003491,0.068864
69.375632,0.450458,0.003498,0.069105
70.309902,0.449931,0.003547,0.070080
71.256352,0.450494,0.003443,0.069082
72.215683,0.450936,0.003468,0.069057
73.187784,0.451239,0.003418,0.067932
74.172896,0.450181,0.003297,0.067984
75.171577,0.449142,0.003522,0.069536
76.183789,0.448664,0.003505,0.069906
77.209363,0.447178,0.003473,0.069532
78.248752,0.446881,0.003560,0.068271
79.302153,0.445242,0.003440,0.067372
80.369896,0.443503,0.003523,0.067616
81.451607,0.441881,0.003571,0.067815
82.548391,0.440978,0.003505,0.067578
83.659550,0.439281,0.003719,0.067771
84.786029,0.440786,0.003584,0.068489
85.927158,0.440458,0.003497,0.066589
87.083811,0.437783,0.003572,0.066343
88.256183,0.438714,0.003509,0.069126
89.444717,0.436275,0.003488,0.070258
90.649184,0.433333,0.003557,0.070057
91.869343,0.430431,0.003585,0.069820
93.106273,0.432256,0.003703,0.069469
94.359276,0.431214,0.003491,0.070053
95.630099,0.430347,0.003710,0.070109
96.917488,0.428597,0.003630,0.069586
98.222031,0.429333,0.003558,0.070055
99.544650,0.430294,0.003597,0.070958
100.884475,0.427072,0.003579,0.069575
102.242847,0.426678,0.003704,0.067906
103.619547,0.425475,0.003677,0.067553
105.014357,0.425467,0.003610,0.067858
106.428327,0.425117,0.003659,0.068687
107.861179,0.423269,0.003745,0.069158
109.313274,0.421881,0.003789,0.070384
110.784645,0.421236,0.003755,0.071358
112.276321,0.420558,0.003723,0.071382
113.787729,0.421389,0.003620,0.072169
115.319794,0.421183,0.003791,0.071833
116.872319,0.422292,0.003742,0.074289
118.445435,0.421453,0.003690,0.075394
120.040401,0.420119,0.003916,0.073839
121.656521,0.419256,0.003829,0.074633
123.294367,0.419553,0.003802,0.073801
124.954218,0.417350,0.003858,0.072037
126.636368,0.416975,0.003827,0.075191
128.341345,0.413581,0.003782,0.072943
130.069210,0.414094,0.003880,0.071351
131.820303,0.414528,0.003863,0.070314
133.595011,0.413661,0.003732,0.072868
135.393610,0.412194,0.003948,0.071973
137.216318,0.414067,0.003971,0.071701
139.063758,0.413542,0.003983,0.072885
140.936015,0.411811,0.004038,0.072975
142.833373,0.410581,0.003980,0.072330
144.756663,0.411061,0.003921,0.073703
146.704769,0.410328,0.003787,0.074050
148.680388,0.410200,0.003845,0.075159
150.681992,0.409864,0.004097,0.074040
152.710532,0.410331,0.003621,0.075014
154.766615,0.406856,0.003975,0.075113
156.850115,0.407194,0.003980,0.074653
158.961892,0.408008,0.003853,0.075887
161.101786,0.406197,0.004006,0.076464
163.271053,0.404569,0.003972,0.074543
165.468936,0.401744,0.004149,0.075630
167.696652,0.401297,0.003759,0.074389
169.954644,0.401019,0.004063,0.078046
172.242544,0.398797,0.004007,0.075056
174.561579,0.399053,0.004209,0.076344
176.911835,0.400967,0.004361,0.077771
179.293586,0.399919,0.004099,0.077714
181.707282,0.397286,0.004188,0.076117
184.153216,0.396789,0.004119,0.075674
186.632926,0.395083,0.004187,0.077760
189.145560,0.395544,0.004253,0.077792
191.692055,0.394461,0.004349,0.078748
194.272846,0.395119,0.004501,0.076785
196.888025,0.394819,0.004303,0.077642
199.539048,0.393581,0.004031,0.078810
202.225161,0.391728,0.004278,0.078671
204.948027,0.391458,0.004211,0.080659
207.707397,0.392444,0.004103,0.080311
210.503748,0.390839,0.004467,0.080123
213.337893,0.389939,0.004462,0.079513
216.210189,0.389550,0.004870,0.082865
219.120824,0.388619,0.004467,0.085950
222.070807,0.388064,0.004360,0.083587
225.060597,0.388711,0.004571,0.085854
228.090538,0.388564,0.004328,0.082991
231.161287,0.385606,0.004256,0.081419
234.273480,0.381500,0.004486,0.081336
237.427526,0.381722,0.004393,0.081128
240.624166,0.382106,0.004248,0.081345
243.863920,0.383047,0.004811,0.081650
247.147141,0.380578,0.004457,0.082257
250.474324,0.382158,0.004730,0.084943
253.846733,0.380078,0.004430,0.084848
257.264091,0.379847,0.004427,0.086209
260.727808,0.379078,0.004649,0.085405
264.238099,0.381206,0.004574,0.085788
267.795195,0.379089,0.004681,0.085346
271.400791,0.380431,0.004638,0.084669
275.054698,0.379372,0.004572,0.084710
278.757945,0.381311,0.004524,0.087050
282.510518,0.378744,0.004687,0.083760
286.314270,0.377492,0.004681,0.082523
290.168975,0.377514,0.004582,0.082730
294.075834,0.373517,0.005082,0.083946
298.034825,0.373494,0.004515,0.083688
302.047737,0.373286,0.004705,0.084110
306.113908,0.371389,0.004762,0.085121
310.235332,0.369542,0.004950,0.083021
314.411943,0.369706,0.004831,0.083760
318.645221,0.369033,0.004984,0.083098
322.935000,0.369042,0.004944,0.082495
327.282745,0.371789,0.004732,0.083346
331.689044,0.370322,0.004828,0.083510
336.154746,0.367936,0.004684,0.082928
340.680012,0.367358,0.004864,0.082088
345.266897,0.369997,0.005010,0.084285
349.915412,0.368803,0.004902,0.084718
354.626618,0.366800,0.004840,0.084591
359.400952,0.368181,0.005781,0.087422
364.239426,0.365500,0.005193,0.090367
369.143606,0.366019,0.005369,0.087074
374.113264,0.364131,0.005435,0.087133
379.149919,0.366506,0.004844,0.088472
384.254611,0.363975,0.006520,0.087259
389.428244,0.365597,0.006529,0.088899
394.671081,0.365328,0.005553,0.087151
399.984784,0.363989,0.006465,0.087741
405.369976,0.361289,0.005227,0.088652
410.827518,0.362367,0.005630,0.088691
416.358757,0.359542,0.005205,0.088479
421.964301,0.356075,0.014125,0.088647
427.645521,0.359850,0.007683,0.088767
433.402714,0.360597,0.008842,0.090125
439.237974,0.359653,0.005780,0.090123
445.151478,0.359378,0.005732,0.089881
451.144345,0.359367,0.006842,0.088368
457.218585,0.355703,0.006280,0.089024
463.374246,0.354222,0.006065,0.089810
469.612498,0.359497,0.009530,0.094225
475.935165,0.358856,0.005956,0.095039
482.342941,0.356589,0.006025,0.093949
488.837288,0.354764,0.018029,0.092367
495.418137,0.355453,0.006516,0.093182
502.088174,0.357281,0.006492,0.094720
508.847984,0.354344,0.005903,0.092959
515.698660,0.354044,0.005510,0.091742
522.641593,0.350856,0.005702,0.091377
529.678075,0.353175,0.005956,0.093951
536.809690,0.350708,0.005903,0.094258
544.036819,0.354542,0.006074,0.097753
551.360967,0.349744,0.005594,0.093859
558.784620,0.346961,0.005834,0.093832
566.307528,0.348283,0.006675,0.092526
573.932205,0.344369,0.006220,0.095146
581.656527,0.344017,0.112932,0.093545
589.490121,0.343677,0.005813,0.095297
597.427101,0.346554,0.006542,0.095187
605.469854,0.342643,0.005813,0.091729
613.621590,0.342907,0.006060,0.092210
621.883008,0.344664,0.005852,0.093010
630.255972,0.343077,0.006139,0.094552
638.741090,0.344019,0.006388,0.099172
647.340501,0.343263,0.006330,0.098479
656.056466,0.344591,0.006567,0.098874
664.888714,0.344553,0.005996,0.097468
673.839928,0.346084,0.006244,0.098722
682.912675,0.343972,0.006321,0.096706
692.106723,0.343671,0.006714,0.096426
701.424729,0.342115,0.006093,0.095147
710.868145,0.339911,0.006232,0.093701
720.439415,0.338149,0.006865,0.098555
730.138811,0.335222,0.007553,0.096666
739.968913,0.332485,0.006677,0.095815
749.931771,0.334583,0.008687,0.099143
760.028172,0.336609,0.008401,0.101842
770.260799,0.331887,0.007834,0.102238
780.631597,0.340995,0.013545,0.104948
791.140991,0.335470,0.007526,0.101169
801.791956,0.336901,0.007019,0.102395
812.586334,0.337579,0.006627,0.102974
823.527307,0.338232,0.007336,0.105788
834.614956,0.337057,0.007223,0.103937
845.851425,0.334444,0.006868,0.100728
857.239889,0.332240,0.007526,0.102911
868.780641,0.331476,0.008182,0.099842
880.477533,0.332727,0.006993,0.096208
892.331036,0.331223,0.006496,0.099380
904.345841,0.329452,0.008842,0.098374
916.521240,0.325000,0.008334,0.100191
928.860730,0.325953,0.012234,0.099431
941.349413,0.328160,0.425511,0.100951
954.040812,0.326308,0.010551,0.103483
966.884948,0.330401,0.009604,0.106028
979.902601,0.327241,0.010394,0.103315
993.095686,0.327987,0.011626,0.107514
1006.465918,0.329588,0.007746,0.103856
1020.016341,0.330905,0.013110,0.105426
1033.749150,0.328547,0.006932,0.106881
1047.661678,0.325760,0.167550,0.107055
1061.772208,0.328813,0.007376,0.103994
1076.067091,0.328715,0.008236,0.104686
1090.554678,0.328573,0.007343,0.107640
1105.237387,0.326770,0.008131,0.105733
1120.117321,0.330410,0.007765,0.103176
1135.198222,0.331006,0.007843,0.101012
1150.478202,0.327104,0.152548,0.102576
1165.970571,0.333235,0.007678,0.104963
1181.669051,0.327563,0.007318,0.107537
1197.578197,0.325521,0.009158,0.106697
1213.702365,0.325984,0.010043,0.106085
1230.042836,0.325689,0.009057,0.107260
1246.603604,0.324373,0.015457,0.104297
1263.386149,0.325078,0.006728,0.103053
1280.397141,0.320039,0.019610,0.102803
1297.596643,0.320630,0.796055,0.104837
1315.104794,0.323902,0.006737,0.102191
1332.810780,0.324877,0.007543,0.108246
1350.755823,0.322518,0.017534,0.110141
1368.941619,0.319019,0.010044,0.106941
1387.371931,0.312211,0.008799,0.102843
1406.030619,0.317725,0.500257,0.108907
1424.981798,0.320406,0.017560,0.108079
1444.166236,0.320437,0.008680,0.105571
1463.609442,0.320826,0.008056,0.108381
1483.314413,0.321484,0.008444,0.110125
1503.285078,0.323992,0.008581,0.111146
1523.524515,0.320901,0.009567,0.107597
1544.036319,0.322027,0.011344,0.107092
1564.824331,0.322186,0.010116,0.107392
1585.892257,0.314686,0.008532,0.109897
1607.243805,0.317489,0.009082,0.111637
1628.879823,0.317436,0.052064,0.111021
1650.813856,0.314111,0.009520,0.113193
1673.039323,0.319021,0.012260,0.113959
1695.563911,0.314762,0.009460,0.109732
1718.391867,0.313288,0.008239,0.111173
1741.528145,0.312278,0.018046,0.112614
1764.974383,0.317483,0.011235,0.110238
1788.717461,0.316886,0.603406,0.111092
1812.810089,0.316820,0.416923,0.109556
1837.217972,0.314435,0.179348,0.108030
1861.961484,0.313761,0.008961,0.106845
1887.030200,0.311468,0.010660,0.107982
1912.435836,0.315851,0.009882,0.107414
1938.183906,0.313521,0.010052,0.107434
1964.277914,0.319262,0.007465,0.108426
1990.723596,0.315110,0.007431,0.104656
2017.526202,0.315107,0.010439,0.112884
2044.689319,0.313592,0.009287,0.109969
2072.179298,0.314439,0.802120,0.108858
2100.116507,0.320384,0.009226,0.109863
2128.391753,0.317699,0.008084,0.109658
2157.038714,0.318608,0.360770,0.107608
2186.088146,0.319887,0.008308,0.110359
2215.520279,0.319141,0.008190,0.107928
2245.349011,0.319749,0.013579,0.106071
2275.535404,0.321500,0.806414,0.110460
2306.216771,0.316933,0.017186,0.107305
2337.230908,0.313943,0.743410,0.107671
2368.733321,0.318420,0.008114,0.108230
2400.625018,0.319781,0.008232,0.107964
2432.946598,0.317270,0.019045,0.106397
2465.663391,0.314068,0.716888,0.108794
2498.899694,0.310148,0.019818,0.109128
2532.517821,0.311390,0.604087,0.110873
2566.558559,0.313482,1.329877,0.108550
2601.195380,0.312489,0.010645,0.107954
2636.215883,0.314845,0.009677,0.109135
2671.708572,0.313126,0.008651,0.108255
2707.679254,0.314526,0.010877,0.108931
2744.132247,0.312032,0.080305,0.107477
2781.079638,0.310719,0.014318,0.111870
2818.467901,0.310313,1.305823,0.111035
2856.444178,0.311138,0.610367,0.109662
2894.928763,0.310623,0.013799,0.113339
2933.852766,0.308589,1.241214,0.111932
2973.404237,0.306965,0.009815,0.112413
3013.436942,0.305084,0.011883,0.114542
3053.978991,0.304717,0.606484,0.115314
3095.125802,0.307265,0.011944,0.115537
3136.783825,0.305159,0.421442,0.117389
3178.926768,0.307503,1.885334,0.114272
3221.828544,0.306012,0.007455,0.110468
3265.206283,0.303700,0.010612,0.109330
3309.163907,0.307362,0.106014,0.108355
3353.719723,0.307707,0.008294,0.106523
3398.859684,0.304124,0.303365,0.104818
3444.632869,0.311469,0.008987,0.108999
3491.009433,0.311458,0.010030,0.110095
3538.010173,0.312417,0.007803,0.108268
3585.644271,0.316242,0.007485,0.107045
3633.914670,0.311111,0.119561,0.108982
3682.816943,0.313551,0.960356,0.106912
3732.403583,0.314406,1.042996,0.106951
3782.679779,0.316331,0.008965,0.108459
3833.607700,0.313809,0.009339,0.105643
3885.222522,0.311047,0.011050,0.104241
3937.464789,0.309137,1.352171,0.100203
3990.542479,0.308235,0.033384,0.100825
4044.224375,0.308815,0.934975,0.103816
4098.720347,0.309903,0.010010,0.107167
4153.876052,0.317718,1.109355,0.109781
4209.716420,0.314847,2.324285,0.111447
4266.507902,0.320050,0.009334,0.108461
4323.949950,0.316159,0.010354,0.107120
4382.164235,0.315401,0.064091,0.107820
4441.164911,0.315540,0.019814,0.103264
4500.897306,0.314814,1.799325,0.105436
4561.361753,0.318197,3.078032,0.104087
4622.941827,0.320502,1.176045,0.105414
4685.211702,0.321800,0.008501,0.107904
4748.290800,0.321658,0.008986,0.103295
4812.183421,0.321156,1.460825,0.100099
-nan,-nan,-nan,-nan
4942.669780,0.324033,0.007451,0.103840
5009.216021,0.325920,0.010228,0.105243
5076.657976,0.321655,0.027837,0.106833
5144.937507,0.319455,1.270885,0.103246
-nan,-nan,-nan,-nan
5284.310944,0.315700,2.870639,0.114234
5355.585217,0.316993,1.723797,0.112521
5427.732369,0.310453,0.012358,0.108644
5500.807905,0.311673,0.008831,0.109766
5574.868193,0.308156,0.009413,0.109970
5649.909712,0.312054,0.320042,0.113504
5725.994038,0.311571,0.020714,0.107746
5803.078004,0.314753,0.257997,0.107446
5881.213769,0.318386,0.007998,0.104593
5960.395291,0.315651,0.007928,0.105957
6040.623805,0.316256,0.806453,0.106594
6121.971403,0.315723,0.009549,0.103805
6204.315613,0.316555,2.280634,0.108445
6287.712019,0.312058,3.935818,0.109330
6372.584845,0.313087,0.010171,0.107610
6458.382092,0.309770,0.007920,0.106263
6545.334938,0.311202,0.009106,0.110232
6633.402660,0.311995,1.278439,0.112119
6722.649931,0.312675,1.925477,0.106116
6813.275683,0.319304,0.064130,0.108001
6904.979024,0.319826,1.200734,0.107113
6997.975419,0.320382,0.021643,0.107888
7092.153888,0.320664,1.519996,0.106309
7187.604929,0.322180,2.089529,0.106834
7284.231144,0.318314,4.396605,0.104902
7382.522503,0.319158,0.007066,0.103137
7481.896150,0.311881,0.855816,0.106001
7582.436794,0.316368,4.298482,0.109420
7684.737937,0.317053,0.055381,0.110488
7788.145851,0.317051,2.383249,0.114758
7892.748089,0.321883,5.582418,0.113853
7999.087424,0.317019,4.813564,0.107352
8107.026245,0.319094,0.015502,0.110346
8216.121110,0.314056,2.182257,0.112149
8326.598414,0.310578,3.506652,0.110341
8438.635550,0.304274,4.114005,0.109011
8552.254096,0.310788,4.737421,0.111905
8667.311424,0.309316,5.178361,0.107402
8784.361431,0.312896,0.009050,0.108059
8902.371150,0.311514,4.385426,0.108206
9022.490151,0.315931,0.009242,0.106871
9143.896008,0.309604,1.358229,0.106782
9267.031460,0.307013,1.717402,0.107909
9391.655720,0.312392,3.696267,0.112451
9518.147765,0.310041,3.965765,0.113602
9645.983910,0.304901,6.519236,0.116295
9776.152799,0.307808,2.427973,0.108354
9907.810747,0.316774,3.317052,0.104013
10041.037395,0.316439,4.101156,0.112508
10176.195510,0.312983,6.101800,0.109080
10313.171767,0.317485,5.165295,0.107886
10452.384693,0.313404,0.231469,0.109508
10592.827735,0.315936,5.624791,0.109287
10735.736358,0.314416,0.009485,0.107071
10880.199722,0.313707,3.004816,0.113152
11026.531656,0.310233,4.682345,0.108278
11175.216654,0.318704,0.147550,0.111405
11325.679850,0.312124,0.010300,0.107463
11477.902149,0.310466,5.128817,0.111042
11632.251571,0.313352,6.826091,0.108622
11789.316322,0.316717,0.013038,0.107748
11947.805781,0.315760,4.158014,0.110589
12108.517190,0.312326,5.750925,0.107398
12271.281844,0.317401,8.842552,0.110519
12436.928774,0.318301,4.063101,0.105114
12604.489254,0.314080,2.167843,0.106558
12774.224589,0.324904,2.127619,0.107863
12946.289277,0.324452,0.086179,0.108029
13120.255744,0.318007,5.913015,0.105243
13297.242371,0.319893,0.009346,0.104449
13475.925252,0.317421,6.561194,0.106720
13657.614028,0.311576,3.579121,0.106913
13841.218347,0.311977,4.986669,0.109312
14027.791771,0.302481,4.348300,0.104939
14216.724457,0.304805,2.303480,0.112790
14407.650793,0.310157,8.229066,0.109385
14602.172776,0.307958,0.794385,0.104967
14798.619967,0.312959,3.195026,0.111131
14997.689675,0.315562,7.678540,0.103606
15199.204001,0.314725,10.182632,0.109559
15404.064003,0.319365,7.733242,0.107468
15612.013870,0.317325,0.011141,0.106184
15821.745899,0.312354,7.421643,0.109317
16034.631363,0.315627,7.825461,0.110805
16250.975914,0.322155,5.313704,0.110220
16469.283186,0.321871,8.858012,0.104392
16691.640713,0.320908,0.305578,0.102944
16915.942366,0.313285,7.496594,0.112842
17143.018506,0.309879,13.741955,0.112400
17373.036829,0.312590,19.148169,0.113053
17608.176382,0.311147,10.184204,0.108487
17845.842317,0.311953,3.156179,0.111047
18084.908488,0.309396,12.967901,0.112916
18329.074521,0.304688,12.022618,0.111820
18575.627461,0.309516,13.173070,0.110826
18826.527405,0.301368,2.229856,0.107665
19078.852745,0.305618,14.034106,0.112845
19336.283870,0.305186,11.709112,0.109214
19596.477824,0.307549,12.178342,0.113383
19860.060000,0.305396,13.255182,0.117557
20127.225748,0.307056,16.989021,0.114424
20399.575625,0.314808,0.007453,0.101850
20673.424027,0.312173,9.550969,0.109826
20951.446938,0.303053,13.884440,0.107300
21233.443909,0.311306,16.327322,0.115312
21519.411852,0.303002,12.770895,0.111324
21809.409368,0.308967,12.884476,0.113226
22103.475772,0.309847,8.961319,0.113353
22400.951490,0.308328,9.496062,0.110294
22702.299275,0.311660,14.017426,0.120000
23007.926938,0.303064,10.485856,0.112328
23315.909757,0.303097,23.256316,0.112406
23631.641228,0.310577,10.235592,0.111755
23950.508467,0.312945,7.010817,0.111957
24272.203335,0.302426,11.412531,0.108593
24599.189201,0.309465,12.411561,0.105696
24929.447374,0.311673,21.258880,0.111635
25266.422788,0.307810,8.563456,0.113473
25604.015151,0.306316,27.545143,0.106360
25951.545607,0.313374,7.827932,0.112275
26300.467746,0.315988,13.495320,0.106707
26653.635954,0.316028,19.287796,0.108538
27012.501556,0.312665,21.809455,0.109191
27376.648547,0.316457,16.161839,0.108431
27743.818286,0.316721,22.308245,0.119315
28118.184694,0.312183,21.465261,0.112533
28494.928083,0.314504,32.886056,0.118344
28881.137451,0.313942,17.640411,0.108923
29268.811456,0.315868,25.843364,0.109470
29659.882916,0.309680,40.471898,0.110658
30063.408443,0.315317,18.264962,0.113177
30469.041438,0.320390,5.233475,0.113463
30875.587644,0.318578,35.963017,0.109383
31290.763714,0.325543,40.242405,0.111872
31711.332260,0.321891,44.613943,0.112212
32143.316631,0.309029,10.582826,0.099750
32574.282565,0.303364,25.521032,0.112104
33012.027562,0.300744,29.918914,0.115841
33459.004783,0.303162,8.645751,0.109768
33906.045757,0.310252,32.915326,0.112897
34365.349669,0.313105,22.918203,0.107161
34825.235465,0.301197,38.042345,0.113210
35294.798409,0.312457,33.583011,0.115777
35768.745483,0.305449,44.738122,0.113023
36252.935057,0.310653,23.714000,0.119985
36741.602102,0.307576,20.574549,0.110644
37237.513979,0.311785,10.668282,0.107425
37735.221163,0.310927,37.050544,0.115052
38241.477629,0.317585,37.164349,0.123454
38760.788973,0.314657,17.157027,0.109773
39283.853327,0.309451,11.662060,0.110863
39811.954080,0.307279,24.195428,0.112724
40346.485769,0.297848,32.620080,0.118517
40886.723317,0.299834,46.245315,0.121407
41439.357587,0.294843,29.085474,0.121642
41997.135425,0.303678,36.550868,0.111134
42561.791564,0.308789,38.219619,0.115548
43134.925899,0.306366,42.201222,0.109531
43717.884357,0.301845,37.430747,0.114520
44305.867448,0.309580,32.112417,0.111582
44899.903215,0.309943,52.178533,0.114500
45506.353450,0.306824,36.934981,0.106294
46119.417985,0.328331,44.437517,0.111255
46739.109399,0.302685,43.860125,0.117509
47366.917834,0.299888,44.204970,0.118489
48001.889145,0.297089,66.396409,0.121370
48648.331283,0.304208,69.602565,0.126832
49306.672513,0.311471,43.926883,0.117804
49971.655206,0.316628,43.129555,0.112576
50645.593653,0.320560,29.867397,0.118927
51329.561460,0.315730,22.078800,0.112444
52017.970448,0.327304,41.215153,0.111801
52720.490316,0.324974,29.756510,0.108237
53429.189262,0.320852,35.142108,0.103576
54145.780125,0.314588,54.097182,0.108334
54879.769303,0.316025,27.534719,0.104067
55619.182554,0.324768,5.249669,0.110047
56361.966948,0.318784,56.732937,0.116758
57121.472184,0.308939,58.106140,0.105226
57891.529308,0.313675,45.870615,0.107849
58671.040831,0.320494,46.255504,0.120022
59463.588739,0.314335,42.516393,0.106120
60266.062197,0.305783,8.594232,0.114481
61070.746966,0.323304,70.514432,0.111804
61898.843295,0.305651,22.676983,0.110934
62724.116278,0.308998,78.729373,0.112903
63574.395661,0.310586,43.162238,0.111852
64424.907571,0.305051,68.331428,0.117705
65302.071128,0.321151,0.005900,0.094554
66177.806261,0.300063,35.854457,0.108458
67066.963378,0.310687,38.724907,0.114651
67962.017394,0.306039,95.363962,0.131218
68871.237890,0.291018,112.501593,0.120642
69815.586689,0.315678,42.825087,0.110486
70752.347720,0.315081,52.397873,0.112225
71699.456265,0.299882,79.861023,0.108918
72667.796586,0.316012,72.501541,0.106560
73645.101007,0.306968,95.823436,0.117315
74633.008970,0.307247,108.932571,0.113792
75637.405174,0.288897,98.405236,0.126710
76650.950204,0.290281,94.654530,0.119887
77684.737725,0.306283,106.038680,0.111675
78727.653086,0.304643,137.293962,0.115732
79800.099445,0.313329,77.989837,0.118850
80878.089153,0.304716,56.952522,0.110456
81950.356542,0.307095,134.021138,0.105250
83067.238846,0.303546,66.813565,0.106739
84179.925502,0.319033,114.159545,0.108962
85316.225481,0.305031,72.588841,0.123539
86461.864728,0.316736,121.153367,0.116244
87637.057620,0.313693,62.296938,0.097609
88814.826864,0.318361,73.288458,0.123360
90002.226109,0.296287,86.247278,0.117651
91213.966219,0.300661,118.655950,0.104561
92434.234256,0.306345,116.588947,0.114889
93694.579882,0.312212,79.997811,0.096618
94962.940793,0.302029,0.008401,0.104775
96217.654864,0.308496,131.751683,0.121727
97524.145688,0.292876,71.990349,0.120266
98841.287301,0.315352,91.954757,0.113548
100174.929790,0.302131,58.005517,0.109463
101526.417585,0.295605,57.503909,0.108983
102895.904452,0.314271,17.633733,0.120063
104247.596228,0.318496,198.513566,0.115020
105624.831065,0.281261,227.968548,0.135017
107097.290792,0.283636,88.244930,0.114157
108536.281071,0.283773,109.821323,0.110939
109951.689556,0.284057,264.809883,0.119852
111494.004162,0.306206,0.007042,0.089802
112995.106116,0.320025,0.014419,0.119729
114480.096823,0.305151,214.996808,0.110171
116055.527260,0.313886,37.147286,0.115656
117581.971944,0.295052,218.530835,0.123035
119204.345835,0.322312,0.011220,0.106612
120780.706523,0.300000,139.998644,0.123045
122432.078323,0.285871,24.352451,0.109880
124076.230330,0.302184,78.876326,0.101250
125740.193325,0.298285,128.109010,0.132432
127399.712561,0.311442,265.288300,0.132276
129143.308229,0.310159,146.719884,0.123110
130839.132529,0.279026,297.196140,0.119862
132638.639922,0.279660,164.617347,0.113899
134389.186824,0.270141,307.061228,0.125312
136164.828142,0.300515,387.481664,0.134267
138036.328582,0.294141,271.517620,0.133097
139891.854172,0.266033,221.577996,0.136054
141795.012360,0.321864,231.051042,0.128005
143683.297469,0.288255,295.712285,0.141918
145629.303352,0.318011,303.153799,0.109361
147574.451902,0.333278,298.929943,0.131521
149597.783832,0.320000,232.716809,0.108373
151637.573665,0.301325,98.997785,0.114710
153673.759746,0.329085,148.186078,0.107522
155745.586774,0.296420,123.898481,0.118998
157856.507219,0.271687,0.011220,0.102536
159959.731699,0.314687,196.214170,0.117522
162098.940837,0.289367,228.222107,0.129100
164309.762047,0.300909,37.911489,0.121748
166510.044223,0.306507,177.305607,0.090994
168697.646389,0.324306,287.381870,0.139656
171019.132550,0.321642,212.647262,0.111387
173236.691706,0.258258,371.741846,0.108147
175682.049719,0.272881,0.005167,0.071344
177952.838141,0.260254,335.337139,0.131305
180444.489479,0.294352,0.011880,0.105856
182534.753782,0.249630,779.693622,0.186964
185250.016427,0.265778,275.375474,0.119852
187831.301240,0.276098,0.009161,0.102163
190360.171242,0.285976,0.018529,0.108207
192905.506777,0.249146,111.150274,0.096113
195520.500798,0.313750,0.006176,0.108621
198152.895290,0.282750,0.009568,0.134759
200820.731289,0.278000,0.012040,0.115611
203078.488232,0.254500,898.862056,0.164666
206264.629309,0.350781,0.000000,0.117141
208862.748071,0.279844,473.396359,0.126766
211668.436411,0.238393,459.708261,0.153937
214708.437704,0.286875,0.009568,0.112803
217599.158932,0.371042,0.000000,0.045689
220528.809709,0.322083,0.005524,0.070709
223246.178424,0.268750,665.997939,0.121477
226506.966563,0.300238,0.003906,0.092999
229440.671960,0.241905,238.863934,0.137706
232647.178425,0.354412,0.005524,0.127509
235779.426477,0.363824,0.007308,0.129949
238718.233424,0.243529,556.887010,0.179114
242170.995129,0.413333,-nan,0.041899
245431.466806,0.372083,0.004784,0.084864
248726.318798,0.343750,31.574906,0.151054
252084.698444,0.260000,0.007308,0.087490
255478.634300,0.359545,0.000000,0.061328
258918.271782,0.431364,-nan,0.069318
262404.224279,0.433182,0.003906,0.055566
265937.098302,0.429091,0.000000,0.040889
269517.549548,0.342727,-nan,0.032359
273146.198967,0.310455,0.000000,0.027917
276823.709637,0.310455,0.003906,0.105560
280550.716299,0.387273,0.003906,0.176124
284327.935222,0.203636,0.028168,0.124007
287179.782493,0.192727,1594.099702,0.134238
292035.555951,0.342500,0.005524,0.037500
295967.383379,0.372500,0.005524,0.042500
299952.139198,0.300000,0.003906,0.035000
303444.549861,0.105000,546.001695,0.105000
308083.317105,0.475000,0.000000,0.000000
312231.205285,0.310000,0.000000,0.000000
316434.928175,0.360000,0.000000,0.000000
320695.252924,0.295000,0.000000,0.000000
325012.937122,0.165000,0.000000,0.000000
329388.752044,0.295000,0.000000,0.000000
333823.494433,0.165000,0.000000,0.000000
334183.447829,0.000000,0.000000,0.000000
