0.000000,0.995000,0.000000,0.000000
1.002949,0.845875,0.001756,0.027597
1.016443,0.844622,0.001709,0.027561
1.029983,0.843469,0.001704,0.027669
1.043958,0.841839,0.001786,0.027688
1.058003,0.840436,0.001667,0.027632
1.072093,0.839250,0.001735,0.027826
1.086655,0.837844,0.001729,0.028249
1.101084,0.836622,0.001707,0.028192
1.115936,0.835308,0.001759,0.027848
1.130808,0.833844,0.001724,0.028113
1.146086,0.832814,0.001742,0.028244
1.161529,0.831203,0.001722,0.028351
1.177215,0.829397,0.001767,0.028184
1.192860,0.828039,0.001742,0.028119
1.209006,0.826492,0.001740,0.028326
1.225160,0.825017,0.001740,0.028642
1.241720,0.823947,0.001781,0.028457
1.258338,0.822611,0.001759,0.028386
1.275172,0.821208,0.001775,0.028059
1.292308,0.819742,0.001740,0.028395
1.309727,0.818058,0.001747,0.028566
1.327228,0.816494,0.001748,0.028801
1.345273,0.814700,0.001726,0.028828
1.363273,0.812897,0.001730,0.028904
1.381578,0.811128,0.001764,0.029104
1.400060,0.809814,0.001825,0.028932
1.418938,0.808383,0.001844,0.028801
1.438168,0.806836,0.001832,0.028524
1.457382,0.804964,0.001813,0.028640
1.476967,0.803922,0.001810,0.028913
1.496725,0.802314,0.001804,0.029053
1.516843,0.800825,0.001832,0.029584
1.537339,0.799514,0.001859,0.029609
1.557917,0.798242,0.001807,0.029632
1.578976,0.796653,0.001833,0.030089
1.600078,0.795178,0.001809,0.030472
1.621540,0.793461,0.001840,0.030497
1.643366,0.791964,0.001768,0.030771
1.665509,0.790456,0.001922,0.030761
1.687758,0.789242,0.001729,0.030551
1.710655,0.788461,0.001880,0.030730
1.733382,0.787050,0.001795,0.030513
1.757018,0.785458,0.001825,0.030391
1.780399,0.783967,0.001840,0.030395
1.804372,0.783147,0.001861,0.030697
1.828725,0.781881,0.001847,0.030923
1.853134,0.780056,0.001862,0.031351
1.877984,0.778853,0.001817,0.031700
1.903333,0.777197,0.001856,0.032262
1.929026,0.775592,0.001903,0.032402
1.954840,0.773639,0.001832,0.032304
1.980978,0.772272,0.001877,0.032155
2.007899,0.770667,0.001918,0.032122
2.034813,0.769372,0.001885,0.032149
2.062107,0.767808,0.001884,0.031878
2.089980,0.766408,0.001912,0.031875
2.118175,0.764906,0.001857,0.031787
2.146296,0.763656,0.001864,0.031859
2.175260,0.762650,0.001927,0.031377
2.204640,0.761164,0.001953,0.031521
2.234290,0.760094,0.001832,0.031457
2.264272,0.758931,0.001937,0.031290
2.294626,0.757919,0.001959,0.031685
2.325558,0.756525,0.001941,0.031718
2.356772,0.755064,0.001869,0.032351
2.388643,0.753453,0.001894,0.032258
2.420626,0.752131,0.001923,0.032800
2.453275,0.750550,0.001915,0.033142
2.486179,0.748858,0.001941,0.032889
2.519589,0.747328,0.001939,0.033136
2.553513,0.746122,0.001955,0.033243
2.587881,0.744408,0.001972,0.033773
2.622756,0.742803,0.001966,0.033986
2.657999,0.741106,0.001962,0.033907
2.693618,0.739969,0.001909,0.033869
2.729851,0.738581,0.001989,0.034149
2.766694,0.737242,0.002027,0.034306
2.803753,0.735883,0.002001,0.034903
2.841637,0.734333,0.001949,0.035083
2.879826,0.732656,0.002006,0.035367
2.918476,0.731086,0.002008,0.035909
2.957745,0.729933,0.002026,0.036215
2.997428,0.728264,0.002066,0.036712
3.037940,0.726536,0.002005,0.036757
3.078808,0.725144,0.002065,0.037456
3.120340,0.723908,0.002039,0.037116
3.162134,0.722447,0.001998,0.037072
3.204641,0.720628,0.002082,0.037107
3.247788,0.718603,0.002009,0.037213
3.291377,0.717267,0.001986,0.037427
3.335680,0.716128,0.001994,0.037439
3.380600,0.714517,0.002042,0.037634
3.426062,0.712725,0.002039,0.037986
3.472083,0.710947,0.002033,0.037921
3.518779,0.709689,0.002082,0.037969
3.566255,0.708428,0.002019,0.038461
3.614232,0.707006,0.002099,0.038787
3.662818,0.705656,0.002035,0.039309
3.712075,0.704342,0.001997,0.040031
3.762008,0.702575,0.002077,0.040258
3.812641,0.700733,0.002102,0.040464
3.863963,0.699075,0.002010,0.040249
3.915906,0.697803,0.002095,0.039775
3.968559,0.696294,0.002153,0.039819
4.021932,0.694261,0.002087,0.039742
4.075971,0.692428,0.002108,0.039512
4.130799,0.691000,0.002112,0.038778
4.186464,0.689792,0.002133,0.039211
4.242693,0.688917,0.002058,0.039660
4.299831,0.687944,0.002092,0.039550
4.357842,0.685672,0.002149,0.039330
4.416209,0.684539,0.002088,0.039564
4.475846,0.682500,0.002142,0.039995
4.535842,0.681211,0.002203,0.040528
4.596999,0.679394,0.002202,0.040846
4.658844,0.677833,0.002146,0.040947
4.721630,0.676281,0.002196,0.041094
4.785014,0.674492,0.002164,0.041105
4.849408,0.673083,0.002137,0.041281
4.914730,0.671903,0.002164,0.041706
4.980851,0.670558,0.002191,0.041515
5.047749,0.669850,0.002201,0.041439
5.115880,0.668044,0.002137,0.040963
5.184615,0.666542,0.002287,0.041359
5.254302,0.665064,0.002168,0.041537
5.325074,0.663647,0.002258,0.041840
5.396717,0.661900,0.002181,0.042212
5.469304,0.660992,0.002204,0.042393
5.542951,0.659275,0.002182,0.042523
5.617517,0.658822,0.002231,0.043036
5.693159,0.657969,0.002260,0.043254
5.769541,0.656342,0.002140,0.042624
5.847395,0.655469,0.002175,0.042419
5.926012,0.654150,0.002285,0.043080
6.005597,0.653672,0.002230,0.043964
6.086499,0.653014,0.002318,0.044193
6.168523,0.651358,0.002224,0.044306
6.251537,0.650258,0.002206,0.044469
6.335451,0.648708,0.002243,0.044672
6.420895,0.647742,0.002331,0.045028
6.507249,0.646436,0.002189,0.045859
6.594783,0.645469,0.002260,0.045937
6.683603,0.644492,0.002306,0.046077
6.773384,0.642778,0.002280,0.045660
6.864602,0.640461,0.002259,0.045723
6.956924,0.638917,0.002282,0.045501
7.050551,0.637761,0.002251,0.044483
7.145529,0.636694,0.002291,0.044533
7.241681,0.634589,0.002336,0.044311
7.339034,0.633828,0.002243,0.045007
7.437788,0.632369,0.002315,0.045273
7.538114,0.630469,0.002326,0.045236
7.639408,0.629544,0.002387,0.044853
7.742216,0.628197,0.002293,0.044351
7.846289,0.626831,0.002302,0.044493
7.951917,0.625664,0.002366,0.044989
8.059040,0.624542,0.002241,0.044469
8.167379,0.623128,0.002360,0.044465
8.277484,0.622392,0.002316,0.045407
8.388709,0.621861,0.002392,0.045321
8.501791,0.620289,0.002293,0.045226
8.616022,0.619408,0.002350,0.046312
8.732042,0.618908,0.002374,0.046970
8.849629,0.617936,0.002330,0.046596
8.968718,0.616014,0.002495,0.046945
9.089461,0.614850,0.002376,0.046106
9.211626,0.613342,0.002414,0.046527
9.335692,0.613456,0.002398,0.046986
9.461504,0.612694,0.002407,0.046963
9.588578,0.610706,0.002340,0.047110
9.717726,0.610131,0.002435,0.047806
9.848426,0.609069,0.002426,0.048916
9.980894,0.607853,0.002410,0.048922
10.115485,0.607383,0.002374,0.048945
10.251773,0.606014,0.002462,0.049023
10.389499,0.604853,0.002459,0.050318
10.529379,0.603975,0.002383,0.049546
10.671083,0.601267,0.002519,0.049460
10.814633,0.600564,0.002487,0.049423
10.960275,0.597911,0.002422,0.049272
11.107558,0.597358,0.002468,0.049358
11.257187,0.596219,0.002422,0.049116
11.408807,0.595367,0.002508,0.048753
11.562275,0.594386,0.002495,0.049553
11.717766,0.593342,0.002545,0.049152
11.875763,0.591172,0.002505,0.048904
12.035479,0.589678,0.002476,0.048474
12.197394,0.587294,0.002534,0.050022
12.361868,0.586356,0.002566,0.049454
12.528013,0.585289,0.002498,0.050493
12.696674,0.584181,0.002429,0.050643
12.867503,0.583564,0.002564,0.050425
13.040849,0.582381,0.002573,0.051338
13.216216,0.580397,0.002513,0.051462
13.394232,0.579200,0.002516,0.051728
13.574387,0.577917,0.002681,0.050776
13.757102,0.575997,0.002590,0.049822
13.942606,0.574792,0.002614,0.049815
14.130089,0.573964,0.002483,0.050235
14.320526,0.574003,0.002574,0.050096
14.512881,0.572692,0.002593,0.049737
14.708256,0.570406,0.002618,0.049361
14.906149,0.569139,0.002579,0.049735
15.106849,0.568708,0.002637,0.050550
15.310282,0.569003,0.002527,0.050930
15.516160,0.568356,0.002649,0.050840
15.725157,0.565939,0.002691,0.050931
15.936687,0.566586,0.002582,0.052736
16.151220,0.565661,0.002554,0.052709
16.368606,0.565819,0.002632,0.053231
16.589018,0.564442,0.002610,0.053706
16.812492,0.562608,0.002586,0.054044
17.038546,0.561047,0.002675,0.054778
17.267845,0.560214,0.002707,0.054299
17.500416,0.558728,0.002629,0.053537
17.736095,0.558108,0.002689,0.053891
17.974759,0.556403,0.002737,0.054451
18.216689,0.555169,0.002769,0.055201
18.461947,0.553289,0.002627,0.055124
18.710532,0.551350,0.002677,0.057316
18.962267,0.550175,0.002761,0.056095
19.217578,0.549775,0.002686,0.055813
19.476277,0.548847,0.002695,0.056849
19.738325,0.546483,0.002768,0.056827
20.003820,0.544975,0.002678,0.056894
20.273318,0.542703,0.002778,0.056561
20.545981,0.542714,0.002855,0.057144
20.822964,0.541589,0.002700,0.057505
21.103100,0.540031,0.002813,0.056824
21.387008,0.538886,0.002830,0.056666
21.675040,0.537397,0.002833,0.056817
21.966739,0.537231,0.002851,0.056789
22.262581,0.534719,0.002700,0.057412
22.562117,0.534033,0.002734,0.055992
22.866024,0.532872,0.002850,0.055751
23.173901,0.531119,0.002872,0.055034
23.485537,0.529619,0.002829,0.055273
23.801923,0.529467,0.002709,0.054410
24.122004,0.528772,0.002694,0.054830
24.446908,0.527961,0.002878,0.054829
24.776152,0.527772,0.002757,0.055128
25.109570,0.528211,0.002853,0.054912
25.447606,0.526528,0.002824,0.055312
25.789982,0.526525,0.002821,0.055568
26.137361,0.526742,0.002793,0.056242
26.488978,0.526897,0.002882,0.056402
26.845856,0.523278,0.002869,0.056470
27.207184,0.521286,0.002906,0.056633
27.573408,0.519686,0.002867,0.057379
27.944678,0.518489,0.002858,0.058396
28.320619,0.517256,0.002918,0.056905
28.702145,0.516672,0.002926,0.056831
29.088457,0.515097,0.002968,0.057019
29.479851,0.515828,0.002823,0.056148
29.876585,0.514864,0.002860,0.056582
30.279034,0.512619,0.002871,0.056646
30.686449,0.513319,0.002906,0.057148
31.099695,0.512136,0.002933,0.057213
31.518396,0.513186,0.002888,0.056236
31.942531,0.511606,0.002959,0.055831
32.372608,0.510347,0.002870,0.057733
32.808506,0.510267,0.003091,0.059292
33.249967,0.509986,0.002861,0.057217
33.697483,0.507767,0.002980,0.058318
34.151136,0.505844,0.002829,0.058453
34.611044,0.504967,0.002986,0.059230
35.077132,0.503083,0.003068,0.058263
35.548797,0.502928,0.002974,0.059586
36.027536,0.501728,0.002941,0.059891
36.512797,0.501814,0.003140,0.061544
37.004193,0.499986,0.003053,0.061235
37.502405,0.498631,0.002929,0.063327
38.007171,0.497197,0.003067,0.063148
38.518771,0.496053,0.002950,0.063505
39.037183,0.496061,0.003070,0.064303
39.562826,0.494217,0.003262,0.064012
40.095229,0.493183,0.002950,0.064274
40.635268,0.491408,0.002989,0.063798
41.182235,0.490808,0.003103,0.062882
41.736438,0.488656,0.003198,0.063871
42.298659,0.488625,0.003036,0.064373
42.867994,0.486042,0.003192,0.062453
43.444882,0.486222,0.003281,0.063728
44.029741,0.486750,0.003261,0.063408
44.622417,0.485258,0.003119,0.063620
45.223529,0.483486,0.003183,0.062017
45.832147,0.481794,0.003167,0.063061
46.449341,0.481364,0.003179,0.063343
47.074520,0.480569,0.003141,0.064817
47.708286,0.479278,0.003178,0.065736
48.350592,0.479683,0.003183,0.064207
49.001214,0.480817,0.003207,0.065575
49.660869,0.481378,0.003167,0.063908
50.329560,0.479178,0.003204,0.062721
51.007176,0.478131,0.003157,0.063072
51.693776,0.478803,0.003315,0.063633
52.389556,0.479436,0.003162,0.065000
53.095090,0.476708,0.003209,0.065594
53.810004,0.474622,0.003122,0.064188
54.534344,0.474700,0.003239,0.065455
55.268421,0.473461,0.003383,0.066013
56.012545,0.473311,0.003205,0.066111
56.766511,0.471639,0.003263,0.063973
57.530727,0.470139,0.003287,0.064433
58.305205,0.470419,0.003153,0.063485
59.090335,0.469597,0.003198,0.064580
59.885461,0.468097,0.003274,0.065967
60.691942,0.467583,0.003298,0.064732
61.508898,0.468103,0.003216,0.067421
62.336889,0.467239,0.003273,0.067534
63.176084,0.465164,0.003295,0.068422
64.026538,0.465314,0.003382,0.068089
64.888608,0.463436,0.003342,0.067277
65.762271,0.463517,0.003238,0.068430
66.647416,0.462067,0.003272,0.067175
67.544779,0.459511,0.003318,0.068773
68.454025,0.458383,0.003319,0.069622
69.375715,0.458494,0.003321,0.069524
70.309377,0.459575,0.003386,0.069679
71.256064,0.456908,0.003388,0.069305
72.215230,0.456978,0.003451,0.070975
73.187329,0.456558,0.003343,0.069373
74.173231,0.455583,0.003431,0.070650
75.171377,0.453056,0.003401,0.071756
76.183552,0.453539,0.003483,0.071361
77.209414,0.452594,0.003484,0.070235
78.248666,0.452075,0.003455,0.070381
79.302115,0.451833,0.003588,0.070840
80.369425,0.452969,0.003510,0.071530
81.451599,0.452114,0.003380,0.071720
82.548346,0.448961,0.003485,0.072179
83.659775,0.450108,0.003538,0.073649
84.785645,0.449528,0.003581,0.072575
85.927274,0.448961,0.003559,0.072794
87.084135,0.448756,0.003604,0.072244
88.256486,0.447306,0.003527,0.072244
89.444595,0.446889,0.003329,0.071986
90.648774,0.447483,0.003526,0.068447
91.868983,0.444694,0.003491,0.068799
93.106111,0.444203,0.003437,0.070526
94.359434,0.445331,0.003506,0.070502
95.629682,0.444164,0.003493,0.070745
96.917229,0.445422,0.003550,0.070100
98.222032,0.445186,0.003508,0.070617
99.544371,0.444242,0.003520,0.069506
100.884597,0.440933,0.003598,0.069466
102.242652,0.440128,0.003699,0.069225
103.619136,0.438656,0.003618,0.069805
105.014200,0.438000,0.003554,0.069690
106.428297,0.435992,0.003588,0.071879
107.861144,0.434197,0.003677,0.070058
109.312956,0.435364,0.003629,0.069956
110.784603,0.433697,0.003761,0.072985
112.276241,0.433606,0.003675,0.074527
113.787634,0.432814,0.003711,0.071611
115.319540,0.433381,0.003700,0.074149
116.871978,0.434664,0.003660,0.075310
118.445409,0.432156,0.003744,0.073994
120.040189,0.431950,0.003771,0.075199
121.656118,0.430008,0.003762,0.074946
123.294064,0.430906,0.003693,0.077320
124.953926,0.429572,0.003846,0.077113
126.636228,0.430564,0.003659,0.076627
128.341365,0.429364,0.003832,0.077522
130.069049,0.425853,0.003854,0.076830
131.820132,0.426728,0.003737,0.073919
133.595096,0.423386,0.003909,0.075207
135.393222,0.423208,0.003717,0.074528
137.216158,0.423469,0.003867,0.076071
139.063252,0.424200,0.003752,0.078127
140.935866,0.423208,0.003915,0.078066
142.833193,0.423067,0.003764,0.076609
144.756107,0.423072,0.003843,0.078561
146.705178,0.418822,0.003897,0.078458
148.680221,0.419606,0.003782,0.077918
150.681681,0.420208,0.003913,0.077321
152.710520,0.419617,0.004127,0.076626
154.766667,0.418039,0.003965,0.078062
156.850392,0.416367,0.004017,0.077537
158.961652,0.416811,0.003892,0.078146
161.101851,0.416586,0.003937,0.078203
163.271033,0.414653,0.003958,0.078287
165.468744,0.413881,0.004168,0.079638
167.696635,0.411811,0.003954,0.080261
169.954428,0.410328,0.004043,0.081665
172.242274,0.411714,0.003947,0.083486
174.561375,0.412289,0.004156,0.082450
176.911442,0.409975,0.004064,0.080261
179.293427,0.410131,0.004128,0.080335
181.706987,0.408508,0.004143,0.082218
184.153322,0.409569,0.004102,0.082262
186.632462,0.406706,0.003834,0.081283
189.145416,0.405264,0.004201,0.082912
191.691651,0.403369,0.004255,0.083106
194.272505,0.404372,0.004038,0.083299
196.888194,0.402983,0.004109,0.083084
199.539027,0.404153,0.004222,0.083063
202.225153,0.403358,0.004035,0.083748
204.947796,0.400869,0.004053,0.082161
207.707037,0.399736,0.004187,0.080189
210.503347,0.400917,0.004298,0.082096
213.337975,0.396989,0.004510,0.082062
216.210021,0.396703,0.004374,0.079564
219.120544,0.398386,0.004310,0.080708
222.070654,0.396603,0.004060,0.080275
225.060600,0.394947,0.004170,0.082525
228.090293,0.390281,0.004209,0.082743
231.161621,0.390694,0.004439,0.084920
234.273678,0.390475,0.004736,0.083936
237.427313,0.391803,0.004225,0.083417
240.623861,0.390664,0.004345,0.084667
243.863750,0.388875,0.005089,0.084671
247.146724,0.389075,0.004533,0.083361
250.474390,0.387350,0.004974,0.087352
253.846438,0.388219,0.004673,0.087973
257.263936,0.388100,0.004617,0.086967
260.727990,0.389242,0.004469,0.088977
264.237571,0.390394,0.004541,0.091386
267.795509,0.390531,0.004798,0.088356
271.400788,0.393356,0.004419,0.088568
275.054475,0.390053,0.004605,0.087172
278.757649,0.390156,0.004557,0.088827
282.510705,0.386078,0.004148,0.089639
286.314139,0.387389,0.004802,0.089369
290.169135,0.388317,0.004621,0.086954
294.075238,0.388442,0.004524,0.087387
298.034755,0.387606,0.004752,0.086258
302.047164,0.385392,0.004428,0.086897
306.113455,0.382342,0.004777,0.086596
310.234803,0.381628,0.004834,0.087267
314.412098,0.382883,0.005015,0.086100
318.644940,0.379117,0.004867,0.087532
322.934821,0.377953,0.004751,0.088296
327.282516,0.378414,0.004274,0.087575
331.688689,0.379953,0.005208,0.090919
336.154523,0.380947,0.005185,0.092220
340.680304,0.381456,0.005049,0.093330
345.267054,0.377856,0.005491,0.093551
349.915401,0.378347,0.005192,0.094868
354.626301,0.378069,0.004982,0.092441
359.400860,0.376389,0.005142,0.089854
364.239530,0.374606,0.005338,0.088447
369.143252,0.375008,0.005207,0.090889
374.113144,0.373969,0.004731,0.092149
379.149904,0.374494,0.004937,0.090386
384.254626,0.376192,0.005681,0.085986
389.428072,0.377058,0.005145,0.087329
394.671167,0.373742,0.005473,0.087015
399.984075,0.376278,0.004845,0.088400
405.369513,0.374531,0.004833,0.086835
410.827292,0.373906,0.004768,0.088791
416.358520,0.372856,0.004951,0.089328
421.963958,0.375703,0.005277,0.090427
427.644531,0.376872,0.005036,0.086986
433.402515,0.375086,0.005424,0.089175
439.237183,0.374081,0.005493,0.088471
445.150840,0.374500,0.005321,0.091661
451.144522,0.374447,0.005357,0.088210
457.218361,0.368903,0.005493,0.090761
463.373920,0.366617,0.005455,0.090321
469.612155,0.365706,0.007086,0.092616
475.934572,0.364867,0.005159,0.093338
482.342816,0.364425,0.005512,0.093301
488.836410,0.364539,0.005116,0.094290
495.418159,0.364922,0.005626,0.094837
502.087861,0.364786,0.005247,0.095677
508.847716,0.365317,0.005221,0.095069
515.698528,0.362225,0.005783,0.098535
522.641168,0.365911,0.005529,0.096101
529.677568,0.365972,0.004991,0.093124
536.808924,0.365719,0.005423,0.092860
544.035821,0.364586,0.005061,0.094253
551.360895,0.363883,0.005156,0.095431
558.783792,0.365850,0.005419,0.093511
566.307225,0.366403,0.006234,0.095686
573.931197,0.369836,0.005661,0.095396
581.658549,0.368131,0.005057,0.095449
589.489475,0.367053,0.005224,0.095375
597.426374,0.363342,0.005859,0.096266
605.468984,0.364222,0.005985,0.097078
613.621280,0.363328,0.005771,0.097542
621.882486,0.362269,0.009252,0.102002
630.255053,0.363769,0.006008,0.099942
638.740469,0.364764,0.005380,0.101747
647.340093,0.363456,0.006191,0.100980
656.055493,0.361353,0.007343,0.099578
664.888438,0.358708,0.005808,0.098949
673.840047,0.359914,0.005947,0.101459
682.912325,0.359042,0.006445,0.100601
692.106362,0.356400,0.005886,0.101031
701.424278,0.355233,0.005988,0.103194
710.867867,0.358253,0.006099,0.100781
720.438603,0.358161,0.005393,0.099079
730.138455,0.360389,0.007030,0.099015
739.968638,0.358233,0.006641,0.101867
749.930665,0.360153,0.005118,0.101448
760.027627,0.358358,0.006719,0.102115
770.259742,0.359558,0.006058,0.097334
780.629955,0.359950,0.005595,0.100302
791.140305,0.359928,0.006242,0.100185
801.791775,0.359347,0.006491,0.102564
812.586381,0.355222,0.007115,0.097856
823.526444,0.357939,0.006738,0.100767
834.614006,0.358050,0.006621,0.103100
845.850371,0.357969,0.005496,0.103671
857.238846,0.356981,0.006077,0.101091
868.780531,0.347731,0.007040,0.100539
880.477020,0.348700,0.006456,0.100759
892.331402,0.349069,0.006717,0.102423
904.345155,0.351328,0.006748,0.101923
916.520859,0.351883,0.008035,0.101941
928.861125,0.353175,0.021148,0.102211
941.344073,0.354258,0.450925,0.105114
954.039882,0.352419,0.007874,0.103627
966.884134,0.349649,0.006445,0.103227
979.901532,0.351208,0.006159,0.102595
993.094843,0.348967,0.006446,0.098465
1006.465048,0.352700,0.006698,0.102315
1020.015366,0.350640,0.006144,0.101295
1033.748405,0.352592,0.006484,0.103621
1047.666161,0.347461,0.006664,0.100350
1061.771467,0.346236,0.007128,0.101020
1076.066796,0.345540,0.007514,0.102249
1090.553519,0.347745,0.005578,0.097473
1105.236375,0.348352,0.006407,0.098560
1120.116802,0.348472,0.007001,0.100778
1135.198025,0.348984,0.009110,0.099735
1150.481761,0.345771,0.015692,0.098424
1165.969953,0.348903,0.006094,0.099721
1181.669195,0.349084,0.012430,0.098574
1197.577533,0.349173,0.007952,0.095993
1213.701074,0.347506,0.006497,0.096037
1230.041660,0.349421,0.006444,0.100109
1246.602298,0.347831,0.008078,0.101220
1263.385838,0.351698,0.008118,0.099590
1280.389599,0.349992,0.255987,0.101015
1297.633272,0.350504,0.005762,0.096324
1315.104455,0.346900,0.008577,0.098517
1332.809594,0.349986,0.006227,0.097402
1350.754196,0.350705,0.006331,0.102951
1368.939758,0.350978,0.006455,0.100703
1387.370948,0.353766,0.010229,0.099955
1406.049306,0.350276,0.007566,0.101879
1424.973640,0.352747,0.260799,0.105127
1444.164605,0.345237,0.006700,0.104464
1463.608375,0.344769,0.007360,0.102974
1483.313911,0.343721,0.007007,0.100806
1503.284523,0.345563,0.013715,0.100552
1523.513739,0.342035,0.254033,0.103434
1544.035494,0.340863,0.009410,0.097455
1564.823050,0.347845,0.006953,0.096621
1585.890730,0.349883,0.009830,0.099738
1607.242913,0.347557,0.008893,0.100587
1628.881389,0.349844,0.007191,0.096852
1650.806905,0.351806,0.216297,0.097624
1673.037203,0.349567,0.006123,0.098592
1695.561792,0.349729,0.006067,0.092927
1718.390015,0.350419,0.005605,0.094321
1741.525681,0.350880,0.005968,0.094601
1764.972712,0.350422,0.006530,0.092779
1788.735383,0.346131,0.007555,0.093224
1812.818128,0.345411,0.009610,0.096285
1837.224723,0.347120,0.009094,0.100905
1861.952401,0.344919,0.350998,0.099732
1887.015008,0.343359,0.574408,0.101155
1912.434293,0.344136,0.007108,0.103216
1938.182498,0.343311,0.006797,0.101510
1964.273825,0.340884,0.136931,0.101326
1990.722942,0.340982,0.007206,0.103660
2017.525227,0.344093,0.008989,0.107729
2044.687964,0.340087,0.007400,0.103711
2072.216680,0.339807,0.007570,0.100674
2100.115724,0.345722,0.009434,0.105468
2128.391248,0.341147,0.011649,0.103915
2157.045931,0.342748,0.015436,0.105969
2186.086882,0.343572,0.005798,0.106081
2215.519234,0.341545,0.006041,0.101268
2245.348181,0.343026,0.006839,0.104026
2275.578188,0.343623,0.006953,0.101751
2306.215112,0.345473,0.006433,0.102593
2337.265604,0.342797,0.010077,0.105537
2368.733648,0.338858,0.012763,0.106377
2400.595803,0.335498,0.704820,0.108487
2432.945420,0.338003,0.017597,0.103299
2465.680582,0.338850,0.760932,0.106808
2498.897855,0.339570,0.007953,0.104708
2532.470467,0.340498,1.216200,0.107048
2566.624861,0.339565,0.271669,0.104079
2601.194339,0.342373,0.009567,0.104798
2636.183387,0.340964,0.772692,0.105314
2671.707761,0.340357,0.010802,0.103721
2707.678387,0.341499,0.008411,0.107686
2744.132456,0.338558,0.007315,0.104793
2781.078520,0.343558,0.007384,0.108481
2818.521202,0.342751,0.007272,0.104086
2856.468560,0.345249,0.013371,0.107550
2894.925860,0.345788,0.008643,0.105800
2933.902141,0.344688,0.008451,0.108211
2973.402424,0.340841,0.007694,0.112032
3013.435028,0.341547,0.008599,0.113909
3054.006961,0.345326,0.012689,0.113866
3095.088506,0.336351,0.793927,0.105789
3136.795172,0.334577,0.009422,0.106556
3179.027389,0.335278,0.011514,0.105825
3221.827536,0.340798,0.007886,0.105483
3265.204650,0.338734,0.007891,0.104649
3309.166014,0.342717,0.013306,0.107078
3353.718089,0.342158,0.006638,0.107229
3398.870471,0.341547,0.006713,0.105176
3444.631781,0.336403,0.007419,0.104191
3491.009149,0.335835,0.011563,0.102568
3537.908785,0.334889,2.103766,0.101844
3585.636500,0.336104,0.292850,0.105198
3633.918763,0.341518,0.008781,0.102801
3682.819389,0.338685,1.037160,0.105805
3732.413741,0.342607,0.320902,0.108811
3782.528254,0.342216,2.441435,0.106144
3833.607165,0.336153,0.007798,0.104828
3885.215438,0.336588,0.209554,0.103536
3937.529627,0.335611,0.007195,0.104466
3990.542337,0.334317,0.007824,0.102304
4044.210715,0.336047,1.412769,0.104593
4098.718105,0.338793,0.007509,0.104536
4153.900903,0.338060,0.041994,0.105443
4209.828132,0.340270,0.014022,0.099140
4266.436834,0.338746,1.409491,0.104003
4323.948410,0.340871,0.006355,0.102821
4382.163829,0.344328,0.008222,0.100655
4441.163008,0.340652,0.006704,0.103072
4500.940582,0.339873,0.682213,0.104365
4561.547438,0.340023,0.248563,0.106646
4622.798478,0.335947,2.762685,0.104021
4685.210314,0.337552,0.006310,0.102088
4748.290602,0.340363,0.009739,0.105512
4812.219124,0.337401,0.007784,0.106155
-nan,-nan,-nan,-nan
4942.615336,0.337816,1.181578,0.110558
5009.215377,0.337095,0.008942,0.107526
5076.541041,0.334297,2.407037,0.106782
5145.006605,0.337406,0.013703,0.105226
-nan,-nan,-nan,-nan
5284.478090,0.337326,0.008612,0.109351
5355.595429,0.339296,1.266276,0.113391
5427.730853,0.340525,0.008401,0.111308
5500.807150,0.333638,0.008583,0.104089
5574.867451,0.331910,0.013381,0.104982
5649.924045,0.334240,0.007580,0.107966
5725.991484,0.331869,0.006965,0.106304
5803.062976,0.328055,0.487481,0.106659
5881.213058,0.331734,0.007012,0.103763
5960.395243,0.332551,0.007240,0.103395
6040.642755,0.332066,0.008217,0.104921
6121.970620,0.333457,0.007410,0.108051
6204.273315,0.335711,2.877213,0.112810
6287.927185,0.337959,0.012191,0.108016
6372.557424,0.338554,1.094221,0.110401
6458.380909,0.338824,0.008725,0.106976
6545.333902,0.340524,0.011607,0.109421
6633.265756,0.336603,3.627685,0.107947
6722.765819,0.333862,0.006368,0.100327
6813.278160,0.335301,0.009800,0.105608
6904.974951,0.336200,1.064858,0.107297
6997.974409,0.334979,0.009405,0.106937
7092.191701,0.331593,0.009091,0.105906
7187.591205,0.338532,1.754019,0.105735
7284.447441,0.338611,0.007575,0.107031
7382.523236,0.335685,0.019825,0.106504
7481.684366,0.332558,4.770605,0.111545
7582.600512,0.339911,1.975914,0.107527
7684.584728,0.339211,2.405011,0.107466
7788.130926,0.336529,2.053289,0.108855
7893.058626,0.333748,0.009945,0.109866
7999.327129,0.334844,0.017954,0.103150
8106.753888,0.334313,4.920087,0.108722
8216.174111,0.331245,0.008312,0.105422
8326.793760,0.338200,0.029871,0.108228
8438.757342,0.336161,2.908299,0.108008
8552.516606,0.328990,0.007347,0.105134
8667.663433,0.337385,0.006566,0.108769
8784.360854,0.334985,0.008343,0.108503
8902.355333,0.328431,5.572977,0.112090
9022.448468,0.329500,1.210873,0.106568
9143.620225,0.334654,5.703342,0.103607
9267.073364,0.333477,0.007980,0.106976
9391.674167,0.340344,3.357556,0.111995
9518.246876,0.337012,1.649302,0.103189
9646.363870,0.338977,2.927460,0.107470
9776.134503,0.337338,3.350025,0.109021
9907.817412,0.340426,3.051666,0.105206
10041.330317,0.338708,0.008232,0.103386
10176.255503,0.336157,5.803563,0.107050
10313.533139,0.335133,0.007383,0.107178
10452.388973,0.336191,0.006926,0.100044
10593.078757,0.332495,0.726267,0.101037
10735.732284,0.336787,0.135538,0.102432
10880.211598,0.332738,2.579012,0.105852
11026.579448,0.327235,3.957913,0.110159
11175.112199,0.335758,2.541385,0.113134
11325.338391,0.339041,6.163294,0.109685
11478.085013,0.336175,2.182057,0.105271
11632.629018,0.336151,2.420136,0.113372
11789.025965,0.332199,6.671406,0.113568
11947.812951,0.326676,4.668539,0.110473
12108.865851,0.326851,1.548154,0.109195
12271.623655,0.332420,6.985375,0.107108
12437.154750,0.332925,0.016834,0.108253
12604.226841,0.335853,7.435622,0.105094
12774.207270,0.346583,2.744080,0.107486
12946.201530,0.336753,2.485152,0.104987
13120.513161,0.339740,3.145819,0.111533
13297.196387,0.340486,1.801190,0.107503
13476.268261,0.342769,0.006918,0.106506
13657.343157,0.338074,5.699145,0.107562
13841.567829,0.340559,0.588854,0.101183
14027.943562,0.331917,0.008172,0.102498
14216.753164,0.330029,1.634685,0.110746
14407.665204,0.332625,9.857321,0.110572
14602.084437,0.340338,2.307756,0.110168
14798.337372,0.334213,7.024863,0.104444
14997.846938,0.331169,5.413852,0.103183
15199.695160,0.333204,5.526897,0.106407
15404.612835,0.335582,0.007980,0.107141
15612.012782,0.329369,0.007820,0.103524
15822.156072,0.332441,0.953989,0.109101
16035.128131,0.332595,2.724001,0.104526
16251.117775,0.327471,0.008987,0.105641
16468.741116,0.332572,15.247367,0.109024
16691.511443,0.334550,3.268183,0.108119
16915.968425,0.333074,7.454807,0.108235
17143.717359,0.336322,6.507368,0.104146
17374.932991,0.328236,0.502594,0.105679
17608.849955,0.334264,1.396523,0.101340
17845.568706,0.335160,7.243308,0.107562
18085.809156,0.320984,6.369313,0.105940
18329.374252,0.325973,6.810934,0.112466
18576.479924,0.331187,1.090307,0.111843
18826.367017,0.329062,4.105598,0.108144
19079.967904,0.337873,2.461555,0.105701
19335.717583,0.336041,13.690034,0.109854
19596.990349,0.332229,4.910665,0.108630
19860.067823,0.342408,15.394563,0.106529
20128.346236,0.352449,4.962748,0.107641
20398.831280,0.339604,12.602504,0.102631
20673.905468,0.337825,8.510358,0.105814
20952.356907,0.335743,3.755833,0.105914
21234.640885,0.342977,1.006026,0.106822
21519.953489,0.342951,11.295036,0.105583
21810.043012,0.339858,4.846601,0.099997
22103.945212,0.336813,0.008772,0.101997
22401.541600,0.336688,0.006914,0.106966
22702.912724,0.341250,5.454696,0.107069
23008.809051,0.341556,0.010239,0.110082
23318.062180,0.338548,10.398486,0.110582
23631.773980,0.338290,14.205574,0.101290
23950.713944,0.339303,0.007093,0.103799
24273.077795,0.335722,1.804933,0.106630
24599.801421,0.332907,6.530670,0.112195
24930.831827,0.341746,6.427870,0.103610
25266.839444,0.338656,0.007828,0.102580
25606.436837,0.334019,10.723719,0.102844
25951.585040,0.345339,7.187906,0.101653
26299.431464,0.332004,20.555717,0.107805
26654.100689,0.341932,17.097365,0.106646
27012.961112,0.350529,19.756588,0.106956
27377.866371,0.334532,0.006291,0.107148
27745.870166,0.336396,9.894914,0.110613
28119.038784,0.340537,15.786917,0.105674
28496.945089,0.336355,18.734584,0.104542
28882.317629,0.347324,0.006244,0.100821
29270.151638,0.339849,12.486275,0.105228
29665.267160,0.343805,0.007493,0.105125
30064.665591,0.347679,0.007588,0.107437
30469.342624,0.349616,2.360489,0.105155
30879.158616,0.340141,8.371790,0.111340
31295.001756,0.340184,11.250074,0.106996
31716.142874,0.329923,9.770666,0.109949
32142.214165,0.333088,16.548401,0.103453
32575.957327,0.343722,12.676806,0.106565
33014.555813,0.338969,8.713985,0.105002
33457.598731,0.352455,27.484973,0.104719
33908.817980,0.348669,13.710833,0.107785
34365.873839,0.347132,14.142809,0.104865
34829.370381,0.342420,0.008068,0.107422
35297.969755,0.337737,5.146645,0.106051
35770.675224,0.335318,28.417524,0.108582
36252.815341,0.335477,29.109147,0.111595
36741.294277,0.331427,26.397541,0.110768
37236.909351,0.331440,18.292148,0.106476
37739.340657,0.339300,0.007226,0.107380
38244.928645,0.330017,27.341703,0.109410
38762.389873,0.329356,0.013776,0.108026
39282.818085,0.335377,25.404552,0.111558
39811.437939,0.335617,29.824270,0.110434
40347.566743,0.335754,23.991117,0.112737
40891.549669,0.326041,13.694672,0.115213
41437.775079,0.333886,42.536246,0.110041
42000.959686,0.332718,0.014419,0.111083
42562.624459,0.330138,38.308317,0.111474
43139.032107,0.339053,8.307365,0.099592
43717.296961,0.333563,31.233035,0.116178
44307.460375,0.334359,24.270635,0.109273
44905.190237,0.344808,9.226650,0.102094
45506.996803,0.336717,34.062404,0.104642
46121.366631,0.335330,24.382138,0.108807
46740.800043,0.330445,29.820429,0.107470
47370.550524,0.344237,33.396025,0.110382
48010.268484,0.345587,15.954668,0.111535
48657.115546,0.347201,7.702509,0.096945
49312.449619,0.337546,0.006940,0.102508
49974.460408,0.345974,27.327326,0.108952
50646.876864,0.343294,24.776634,0.105625
51331.139598,0.343028,0.008513,0.108374
52022.237600,0.338175,0.011555,0.109740
52719.177881,0.335802,39.508269,0.116984
53426.307568,0.332584,51.409877,0.115618
54151.396783,0.334247,8.546237,0.105095
54880.932716,0.334664,0.013567,0.107383
55617.915067,0.331028,31.146142,0.105978
56368.326256,0.345305,10.630608,0.110446
57120.614575,0.340335,63.993423,0.112981
57896.047268,0.340810,21.149962,0.103461
58675.865642,0.337007,10.864262,0.105051
59461.668235,0.338246,46.534939,0.112540
60266.083084,0.339569,14.414368,0.110034
61071.895190,0.329465,60.250005,0.113206
61896.272321,0.327446,54.692188,0.111349
62727.362956,0.338408,55.589164,0.114438
63575.079388,0.340405,53.273474,0.103423
64426.346777,0.341387,68.114833,0.108130
65302.070978,0.340217,0.008429,0.106030
66178.298427,0.334946,44.967723,0.105607
67070.492355,0.329727,32.631456,0.113471
67972.797138,0.340183,30.421043,0.105265
68888.481097,0.333266,30.783701,0.104819
69812.664314,0.320543,57.974282,0.114120
70750.057902,0.322081,77.508045,0.114881
71698.655160,0.319233,86.189777,0.120284
72673.911824,0.322465,20.812419,0.112056
73644.325268,0.331277,86.175036,0.117191
74641.327520,0.333207,61.119334,0.102721
75647.997448,0.334683,46.576772,0.104424
76661.980068,0.327592,78.303610,0.108928
77701.808685,0.348937,3.810992,0.103162
78738.811763,0.333976,81.846310,0.104920
79801.643714,0.333818,64.191721,0.112477
80875.524386,0.338867,77.472432,0.109297
81966.361897,0.336235,51.875328,0.114985
83065.672518,0.330362,90.372137,0.106142
84192.978986,0.345287,27.781424,0.104684
85322.186755,0.345655,56.413043,0.104011
86475.378518,0.340823,26.402270,0.114245
87634.494225,0.328216,69.316491,0.110307
88818.042226,0.337814,21.019071,0.105426
90013.348438,0.345716,47.899527,0.112889
91224.443344,0.327962,53.843456,0.103700
92452.097837,0.318289,56.021806,0.110523
93687.419315,0.318293,93.520695,0.120419
94948.171785,0.326404,105.255012,0.117111
96237.727241,0.327243,68.067255,0.116103
97529.929081,0.335553,91.606524,0.110866
98836.814898,0.339885,121.281040,0.113853
100163.715824,0.329471,126.913792,0.110601
101520.381105,0.338997,76.679136,0.117401
102889.365631,0.328545,94.686442,0.105565
104267.010551,0.336882,124.892504,0.101894
105677.509671,0.324509,72.913220,0.116755
107102.502373,0.320355,75.097484,0.107692
108543.927182,0.332937,68.802863,0.111873
110000.859842,0.332513,117.906042,0.114892
111491.041258,0.339440,35.536196,0.088576
112992.476821,0.335811,62.506910,0.095299
114506.041817,0.338489,82.308609,0.111522
116038.962828,0.340287,135.353441,0.114928
117619.082197,0.337721,24.321940,0.097067
119191.559490,0.341058,122.958697,0.100643
120787.726804,0.323799,158.307010,0.119339
122393.557913,0.323002,204.681333,0.123539
124068.384716,0.346288,137.857355,0.106344
125743.968307,0.345795,107.327496,0.104058
127434.544006,0.340042,104.665118,0.116566
129153.813098,0.337071,89.638430,0.110112
130882.137031,0.321674,143.314741,0.107849
132661.286859,0.339443,58.397505,0.096235
134445.581686,0.327472,58.217115,0.109391
136231.619914,0.326934,210.463536,0.104705
138064.660883,0.343580,223.991237,0.110099
139950.252338,0.332017,60.915336,0.096176
141832.071528,0.338967,109.276104,0.106372
143749.050547,0.339105,2.694878,0.103371
145677.575931,0.332969,101.798457,0.112090
147605.899414,0.318816,243.506751,0.118354
149632.959169,0.336190,18.962688,0.118695
151635.567103,0.337990,105.427256,0.111916
153659.696088,0.325740,157.767632,0.124534
155759.434525,0.342278,0.005167,0.097598
157856.504790,0.319057,0.015987,0.121219
159957.723758,0.339057,177.671546,0.110677
162135.721041,0.326181,0.011220,0.104729
164305.320567,0.322569,126.315530,0.113143
166451.695580,0.333389,367.091848,0.126714
168763.690345,0.327544,76.666782,0.105796
171017.889315,0.323507,210.808917,0.123172
173294.746709,0.323857,303.019245,0.116688
175682.050230,0.336824,0.003383,0.097045
178033.665945,0.338899,140.168108,0.103047
180444.486725,0.351460,-nan,0.109129
182862.862156,0.337397,79.361685,0.103658
185327.192030,0.334676,110.602925,0.115444
187800.501222,0.332378,219.821411,0.121958
190333.884412,0.324369,166.319834,0.119577
192899.661609,0.326271,204.518949,0.125551
195405.402950,0.307696,436.801756,0.138283
198119.407596,0.334324,267.365219,0.108398
200815.878565,0.331941,77.250420,0.091325
203506.201283,0.325374,192.452946,0.116678
206206.453641,0.329422,331.053488,0.124790
208977.657733,0.320983,343.119531,0.119974
211853.092344,0.306288,22.633792,0.118131
214706.178767,0.322178,33.764297,0.107179
217556.964784,0.327545,241.500953,0.121608
220528.809500,0.361878,0.007812,0.109676
223477.179705,0.346854,207.172154,0.124240
226493.588058,0.327476,193.402769,0.126545
229541.922789,0.316029,152.571255,0.105474
232617.812666,0.314010,209.202609,0.109461
235779.425377,0.336946,-nan,0.101561
238903.720971,0.324901,223.762898,0.140122
242112.434129,0.335421,365.839444,0.111206
245384.245407,0.331892,318.325301,0.120043
248712.245848,0.304266,150.315994,0.111300
252076.924965,0.331047,71.621622,0.121526
255458.021064,0.347676,232.303601,0.111431
258918.273154,0.352605,0.010698,0.101670
262338.182067,0.339461,434.402400,0.112482
265852.038897,0.306442,366.758450,0.136921
269455.030848,0.352630,443.533005,0.092673
273106.840688,0.348377,339.713051,0.101733
276823.702493,0.348792,-nan,0.081594
280530.516908,0.331577,173.214723,0.101206
284291.834710,0.347279,192.748084,0.111434
288155.969536,0.308944,0.012353,0.118624
291907.724311,0.315246,621.074817,0.117558
295858.148251,0.301875,627.499044,0.127985
299932.194000,0.346553,177.709373,0.106886
303989.412495,0.365195,6.295022,0.124946
308029.982582,0.322863,252.387058,0.118569
312159.199414,0.321695,405.694493,0.101796
316228.718575,0.296535,758.440394,0.126467
320695.254185,0.332500,-nan,0.108082
324994.139649,0.330000,192.618305,0.125529
329300.686073,0.271286,513.522351,0.129354
333318.063357,0.294902,1238.263516,0.145395
338260.057670,0.312529,280.496030,0.114427
342872.853993,0.363976,0.008735,0.080352
347489.125180,0.367651,0.006766,0.110064
352167.546198,0.327229,0.013532,0.106356
356722.782418,0.302771,751.406406,0.128364
361190.541644,0.297237,1372.465754,0.155325
366504.084587,0.297500,577.157045,0.119452
371519.651875,0.321475,-nan,0.078303
376497.205377,0.335082,189.004882,0.102567
381590.906209,0.334500,0.007812,0.083684
386728.456768,0.386917,0.009568,0.118761
391733.412138,0.335333,807.840407,0.127446
397212.002336,0.361071,-nan,0.068150
402358.606265,0.297232,725.658957,0.123212
407538.940252,0.217019,1109.049427,0.147564
413231.216943,0.312750,847.603587,0.124775
419039.360680,0.304324,-nan,0.089580
424681.097991,0.308784,0.012353,0.095588
429931.554602,0.250270,920.100026,0.139531
435357.466083,0.241552,1884.397979,0.140664
442066.165454,0.341458,0.005524,0.110853
447794.645571,0.304583,590.747014,0.136900
454049.812812,0.425952,-nan,0.081147
460162.919949,0.303571,0.005524,0.060732
466358.326326,0.341905,-nan,0.092691
472600.072355,0.297857,76.417764,0.151835
478558.277395,0.328529,1211.054280,0.131560
484660.562169,0.287333,1308.336986,0.183593
491985.375788,0.222727,-nan,0.021780
498609.226155,0.275455,0.000000,0.128407
505322.246145,0.343182,0.000000,0.093305
512125.658613,0.284091,0.011049,0.112771
519020.666520,0.301364,0.013532,0.101020
526008.505567,0.219091,-nan,0.050173
533090.419940,0.338636,0.007812,0.069318
540267.683413,0.387727,-nan,0.030179
547541.581889,0.413182,-nan,0.036635
554913.406810,0.330000,0.007812,0.069085
562384.489941,0.347273,0.000000,0.028791
569071.459488,0.249091,1444.699057,0.158971
577629.765849,0.320000,0.007812,0.040000
585406.685552,0.372500,-nan,0.087500
593288.309616,0.367500,0.011049,0.062500
601276.050985,0.360000,0.000000,0.005000
609371.337072,0.375000,0.000000,0.010000
617575.621098,0.280000,0.013532,0.090000
625890.350620,0.217500,0.011049,0.037500
