0.000000,0.995000,0.000000,0.000000
1.002917,0.851195,0.001687,0.026290
1.016532,0.849695,0.001702,0.026582
1.030473,0.848670,0.001735,0.026818
1.044580,0.847400,0.001691,0.026719
1.058730,0.846210,0.001693,0.026846
1.073256,0.844875,0.001701,0.026863
1.087767,0.843352,0.001719,0.026824
1.102697,0.841950,0.001697,0.026937
1.117700,0.840510,0.001770,0.027217
1.132969,0.839520,0.001666,0.027321
1.148358,0.838305,0.001775,0.027463
1.164020,0.837187,0.001683,0.027655
1.179988,0.835860,0.001762,0.027960
1.195872,0.834557,0.001745,0.028105
1.212305,0.833150,0.001679,0.028155
1.228910,0.832037,0.001768,0.028363
1.245527,0.831005,0.001774,0.028417
1.262558,0.829732,0.001722,0.028449
1.279757,0.828395,0.001698,0.028443
1.297391,0.827012,0.001716,0.028891
1.315033,0.825347,0.001733,0.028951
1.332945,0.824032,0.001770,0.029362
1.351206,0.822722,0.001820,0.029074
1.369552,0.821460,0.001832,0.029114
1.388243,0.820078,0.001771,0.029628
1.407119,0.818495,0.001749,0.029661
1.426366,0.816853,0.001756,0.029459
1.445691,0.815535,0.001790,0.029923
1.465457,0.814160,0.001795,0.030045
1.485485,0.812552,0.001797,0.029879
1.505791,0.811170,0.001737,0.029928
1.526136,0.809778,0.001805,0.029816
1.547239,0.808558,0.001812,0.029896
1.568204,0.807198,0.001774,0.029846
1.589633,0.805930,0.001796,0.029868
1.611410,0.804445,0.001792,0.029896
1.633221,0.802933,0.001811,0.030011
1.655540,0.801545,0.001844,0.029903
1.678090,0.800182,0.001806,0.030095
1.701021,0.798565,0.001796,0.030201
1.724308,0.796835,0.001807,0.030288
1.747698,0.795033,0.001828,0.030615
1.771698,0.793860,0.001857,0.030746
1.795735,0.792500,0.001892,0.031428
1.820193,0.791017,0.001849,0.031535
1.845091,0.789642,0.001838,0.031943
1.870252,0.788015,0.001853,0.031964
1.895736,0.786610,0.001861,0.032269
1.921862,0.785330,0.001886,0.032437
1.948100,0.783668,0.001812,0.032769
1.974551,0.782157,0.001858,0.033006
2.001470,0.780890,0.001869,0.032844
2.028886,0.779267,0.001867,0.033250
2.056494,0.778087,0.001825,0.033057
2.084523,0.776312,0.001892,0.033027
2.113060,0.774863,0.001877,0.032748
2.141813,0.773463,0.001929,0.032502
2.171060,0.772245,0.001803,0.032440
2.200822,0.770850,0.001877,0.032108
2.230677,0.769193,0.001894,0.032705
2.261151,0.767955,0.001876,0.032732
2.292116,0.766470,0.001906,0.033021
2.323371,0.764973,0.001869,0.032697
2.355155,0.763282,0.001913,0.032815
2.387156,0.761798,0.001923,0.032866
2.419731,0.760355,0.001947,0.033086
2.452811,0.759035,0.001929,0.033466
2.486420,0.757915,0.001910,0.033381
2.520256,0.756388,0.001886,0.033265
2.554722,0.754738,0.001950,0.033732
2.589524,0.752895,0.001928,0.034436
2.624937,0.751522,0.002005,0.034516
2.660782,0.749942,0.001922,0.034298
2.697293,0.748375,0.001943,0.034398
2.733889,0.746908,0.001970,0.034382
2.771218,0.745607,0.001910,0.034767
2.809065,0.744333,0.001992,0.035010
2.847323,0.743295,0.001983,0.035591
2.886283,0.742253,0.001989,0.035674
2.925671,0.740977,0.001875,0.035573
2.965640,0.739478,0.001954,0.035523
3.006226,0.738465,0.001936,0.035436
3.047139,0.736475,0.001968,0.035785
3.088702,0.735015,0.002051,0.036118
3.130976,0.733603,0.002016,0.036204
3.173759,0.731915,0.001942,0.036164
3.217000,0.730673,0.001974,0.036367
3.260883,0.729908,0.002022,0.036118
3.305488,0.728298,0.001974,0.035844
3.350591,0.726808,0.002017,0.036271
3.396329,0.725653,0.002004,0.036653
3.442752,0.724300,0.002015,0.037090
3.489778,0.722825,0.001965,0.038143
3.537504,0.721468,0.002028,0.038114
3.585748,0.719947,0.001979,0.038248
3.634618,0.718390,0.002028,0.038088
3.684275,0.716918,0.002098,0.038367
3.734783,0.715215,0.002086,0.038039
3.785684,0.713903,0.002080,0.037862
3.837225,0.712308,0.002041,0.038518
3.889678,0.711420,0.002027,0.039113
3.942836,0.710605,0.002023,0.038527
3.996818,0.708855,0.002075,0.038658
4.051309,0.708058,0.002101,0.038755
4.106706,0.707030,0.001974,0.038609
4.162645,0.705562,0.002047,0.038615
4.219618,0.704038,0.002090,0.038206
4.277193,0.702303,0.002142,0.038278
4.335567,0.700730,0.002104,0.037988
4.394638,0.699383,0.002040,0.038147
4.454720,0.698058,0.002058,0.038620
4.515646,0.696533,0.002043,0.038892
4.577330,0.695255,0.002075,0.039888
4.639920,0.693630,0.002086,0.040386
4.703153,0.692428,0.002103,0.040367
4.767401,0.691517,0.002188,0.040877
4.832652,0.689705,0.002094,0.040715
4.898531,0.687670,0.002144,0.040788
4.965540,0.686010,0.002194,0.040532
5.033340,0.683843,0.002201,0.040058
5.101996,0.682992,0.002097,0.040655
5.171895,0.681530,0.002206,0.040536
5.242371,0.680640,0.002190,0.040638
5.314128,0.679342,0.002216,0.040759
5.386697,0.678263,0.002152,0.041099
5.460327,0.676720,0.002131,0.040583
5.534729,0.675737,0.002157,0.040289
5.610274,0.674380,0.002172,0.040458
5.687026,0.673972,0.002157,0.040728
5.764671,0.673327,0.002171,0.041110
5.843330,0.671560,0.002186,0.040876
5.923366,0.669780,0.002110,0.041651
6.004105,0.668670,0.002199,0.041599
6.086080,0.667420,0.002206,0.041766
6.169259,0.665962,0.002169,0.041870
6.253446,0.665023,0.002183,0.042080
6.338937,0.663697,0.002172,0.042852
6.425522,0.662487,0.002187,0.042856
6.513131,0.661290,0.002215,0.043278
6.602278,0.659513,0.002207,0.043410
6.692527,0.658020,0.002179,0.043646
6.783827,0.657253,0.002251,0.043700
6.876502,0.655550,0.002225,0.043722
6.970482,0.655217,0.002182,0.043264
7.065718,0.653292,0.002256,0.042978
7.162344,0.652107,0.002264,0.042571
7.259971,0.650235,0.002222,0.042595
7.359161,0.648570,0.002269,0.042795
7.459772,0.647722,0.002236,0.041584
7.561560,0.647420,0.002233,0.041575
7.664927,0.646242,0.002201,0.041945
7.769716,0.645490,0.002296,0.042604
7.875770,0.644620,0.002241,0.042999
7.983519,0.644163,0.002267,0.043407
8.092604,0.643075,0.002285,0.043759
8.203052,0.641512,0.002311,0.043712
8.314960,0.639960,0.002348,0.044470
8.428620,0.638487,0.002359,0.045677
8.543840,0.637160,0.002311,0.046766
8.660636,0.635463,0.002294,0.046345
8.778880,0.634288,0.002377,0.046545
8.898874,0.633182,0.002156,0.047051
9.020364,0.631145,0.002300,0.046950
9.143503,0.630242,0.002300,0.047665
9.268562,0.628270,0.002366,0.047583
9.395080,0.626748,0.002283,0.046850
9.523575,0.625922,0.002374,0.046199
9.653531,0.624728,0.002349,0.046564
9.785545,0.624103,0.002337,0.047235
9.919301,0.622945,0.002353,0.047296
10.054699,0.622317,0.002328,0.048248
10.192093,0.621235,0.002387,0.048123
10.331354,0.619497,0.002276,0.048204
10.472445,0.618475,0.002390,0.047884
10.615582,0.616285,0.002337,0.047973
10.760674,0.615142,0.002377,0.048969
10.907535,0.614215,0.002348,0.047983
11.056505,0.612762,0.002367,0.047863
11.207591,0.611120,0.002438,0.048748
11.360943,0.609800,0.002377,0.048406
11.515996,0.609028,0.002494,0.048597
11.673397,0.607365,0.002380,0.048957
11.832795,0.606013,0.002427,0.049455
11.994657,0.606940,0.002514,0.049364
12.158366,0.606585,0.002401,0.049057
12.324598,0.605690,0.002467,0.048698
12.493040,0.604163,0.002432,0.047700
12.663685,0.603670,0.002490,0.048945
12.836636,0.602380,0.002510,0.049446
13.012085,0.601438,0.002459,0.049330
13.189687,0.599623,0.002486,0.049815
13.369977,0.598105,0.002438,0.050219
13.552846,0.596907,0.002421,0.050689
13.738046,0.596100,0.002414,0.051249
13.925569,0.594512,0.002503,0.051246
14.115983,0.592760,0.002487,0.051419
14.308734,0.591555,0.002523,0.051332
14.504039,0.590985,0.002491,0.051800
14.702369,0.590363,0.002564,0.051771
14.903326,0.588758,0.002569,0.052430
15.106859,0.587983,0.002560,0.052381
15.313487,0.586390,0.002506,0.052721
15.522711,0.586305,0.002447,0.052825
15.734753,0.584932,0.002531,0.052985
15.949663,0.584355,0.002462,0.053516
16.167618,0.583853,0.002563,0.054420
16.388554,0.582800,0.002511,0.053852
16.612389,0.581705,0.002497,0.053012
16.839514,0.581945,0.002672,0.053689
17.069504,0.581043,0.002496,0.053575
17.302802,0.578995,0.002585,0.052184
17.539077,0.577550,0.002534,0.052099
17.778901,0.576982,0.002489,0.052700
18.021842,0.575047,0.002585,0.052702
18.268043,0.574468,0.002625,0.053225
18.517411,0.573245,0.002572,0.053663
18.770438,0.573300,0.002425,0.054513
19.027015,0.573288,0.002651,0.054294
19.286989,0.571685,0.002588,0.054810
19.550756,0.571555,0.002580,0.054654
19.817803,0.570252,0.002613,0.054869
20.088562,0.568335,0.002609,0.054240
20.363321,0.567640,0.002648,0.053385
20.641391,0.567585,0.002618,0.054002
20.923465,0.567895,0.002630,0.055406
21.209382,0.566380,0.002609,0.056269
21.499120,0.565720,0.002611,0.055846
21.792918,0.564535,0.002568,0.056299
22.090576,0.563325,0.002639,0.056384
22.392302,0.562580,0.002619,0.054881
22.698499,0.562100,0.002573,0.054858
23.008613,0.562037,0.002670,0.055390
23.323258,0.559745,0.002719,0.054958
23.641866,0.559737,0.002712,0.057083
23.965071,0.559090,0.002670,0.055622
24.292320,0.557988,0.002712,0.056188
24.624332,0.556683,0.002705,0.056096
24.960996,0.554143,0.002759,0.056009
25.301741,0.552630,0.002798,0.055297
25.647640,0.552530,0.002665,0.055597
25.997884,0.552222,0.002711,0.055387
26.353342,0.550450,0.002764,0.055099
26.713507,0.549677,0.002646,0.056150
27.078090,0.549887,0.002646,0.056721
27.448464,0.550073,0.002766,0.056621
27.823526,0.548128,0.002725,0.056897
28.203772,0.547255,0.002794,0.057804
28.589039,0.545195,0.002754,0.057015
28.979782,0.545173,0.002781,0.056726
29.376001,0.542992,0.002714,0.058331
29.777158,0.541583,0.002703,0.058773
30.184239,0.540293,0.002717,0.058454
30.596521,0.539105,0.002879,0.057286
31.014703,0.538735,0.002864,0.058032
31.438383,0.536963,0.002645,0.058828
31.868135,0.535737,0.002849,0.057974
32.303487,0.534380,0.002783,0.057566
32.745009,0.534362,0.002783,0.057185
33.192553,0.535025,0.002862,0.058498
33.646068,0.533985,0.002789,0.059270
34.105892,0.533005,0.002754,0.059283
34.571798,0.530305,0.002848,0.059307
35.044652,0.530215,0.002783,0.058681
35.523330,0.530417,0.002795,0.059320
36.008826,0.528412,0.002807,0.060478
36.500897,0.528215,0.002786,0.060730
36.999705,0.528418,0.002770,0.061299
37.505197,0.525850,0.002833,0.061696
38.017823,0.526047,0.002842,0.061743
38.537131,0.526435,0.002817,0.063092
39.063979,0.526312,0.002874,0.063823
39.597657,0.522102,0.002775,0.064047
40.138863,0.523813,0.002903,0.063596
40.687338,0.523195,0.002976,0.061679
41.243281,0.521850,0.002940,0.061655
41.807122,0.520862,0.002920,0.063451
42.378250,0.517927,0.002881,0.062026
42.957414,0.516550,0.002927,0.061671
43.544339,0.517123,0.002925,0.061440
44.139458,0.517235,0.002920,0.062359
44.742527,0.516190,0.002906,0.062250
45.354241,0.515250,0.002854,0.063670
45.973945,0.513905,0.002950,0.063375
46.601962,0.515518,0.002882,0.063611
47.239114,0.513498,0.003069,0.063378
47.884469,0.513025,0.003014,0.065521
48.539167,0.512917,0.003023,0.065535
49.202356,0.511767,0.003001,0.065461
49.874622,0.510057,0.002798,0.067395
50.556151,0.511165,0.002995,0.064103
51.246984,0.509338,0.002954,0.065471
51.947390,0.508608,0.002974,0.065191
52.657262,0.508488,0.003045,0.064263
53.377136,0.507740,0.003015,0.065335
54.106305,0.508493,0.003042,0.066924
54.845860,0.508355,0.003051,0.067037
55.595266,0.507962,0.002924,0.067749
56.355069,0.505960,0.002950,0.067442
57.125158,0.505167,0.003107,0.067813
57.905640,0.504790,0.002907,0.065091
58.697070,0.503183,0.003159,0.067079
59.499039,0.502127,0.002993,0.067874
60.312334,0.501692,0.003136,0.067190
61.136677,0.500190,0.003073,0.066299
61.971983,0.500677,0.003078,0.066303
62.819080,0.499865,0.003094,0.065383
63.677480,0.499243,0.003224,0.064167
64.547456,0.500420,0.003003,0.064728
65.429719,0.501920,0.003082,0.064606
66.323887,0.501420,0.003082,0.064847
67.230274,0.500092,0.003184,0.064928
68.148961,0.498325,0.003071,0.064629
69.080293,0.497930,0.002979,0.064939
70.024257,0.500153,0.003104,0.065329
70.981256,0.499267,0.003139,0.065263
71.951210,0.498478,0.003120,0.067170
72.934832,0.496355,0.003094,0.066984
73.931273,0.497435,0.003118,0.069034
74.941779,0.498873,0.003160,0.070174
75.965810,0.496940,0.003067,0.069678
77.004012,0.496725,0.003091,0.068833
78.056352,0.497555,0.003102,0.069947
79.123075,0.496057,0.003078,0.070233
80.204404,0.493965,0.003068,0.069303
81.300760,0.493822,0.003185,0.069765
82.411883,0.492055,0.003119,0.070550
83.537900,0.494650,0.003110,0.070061
84.679625,0.494277,0.003179,0.069949
85.836911,0.493125,0.003196,0.069466
87.009780,0.491020,0.003217,0.068570
88.198779,0.490635,0.003158,0.069286
89.404179,0.491605,0.003084,0.067901
90.625994,0.491795,0.003139,0.068540
91.864399,0.489703,0.003118,0.067697
93.120058,0.488500,0.003133,0.070275
94.392702,0.488725,0.003111,0.070677
95.682443,0.488423,0.003060,0.071634
96.990134,0.486187,0.003186,0.072649
98.315755,0.483790,0.003229,0.071786
99.659405,0.481220,0.003260,0.069682
101.021418,0.482608,0.003298,0.067490
102.401826,0.480773,0.003167,0.068168
103.801193,0.479520,0.003179,0.067795
105.219808,0.481000,0.003005,0.067935
106.657783,0.479247,0.003230,0.067356
108.115320,0.479150,0.003044,0.068608
109.592927,0.477345,0.003242,0.069463
111.090628,0.477065,0.003216,0.069267
112.609133,0.478333,0.003302,0.068644
114.147977,0.478623,0.003327,0.070195
115.707739,0.477513,0.003152,0.071237
117.289266,0.475605,0.003213,0.072508
118.892149,0.476143,0.003319,0.072479
120.516637,0.474972,0.003289,0.071723
122.163917,0.474823,0.003309,0.072007
123.833523,0.474290,0.003425,0.074247
125.525837,0.473117,0.003390,0.074983
127.241148,0.471440,0.003229,0.073819
128.980128,0.471378,0.003489,0.074598
130.742928,0.470422,0.003417,0.075046
132.530027,0.469755,0.003465,0.074550
134.340833,0.471772,0.003416,0.074258
136.176832,0.472823,0.003343,0.074338
138.038086,0.471360,0.003446,0.074923
139.924478,0.469365,0.003327,0.075546
141.836566,0.468657,0.003324,0.077490
143.774717,0.472430,0.003286,0.076601
145.740107,0.469325,0.003437,0.075459
147.731767,0.470325,0.003452,0.075413
149.750786,0.470090,0.003346,0.074566
151.797299,0.472200,0.003367,0.075322
153.871512,0.470033,0.003220,0.075179
155.974492,0.467880,0.003315,0.076585
158.106169,0.466468,0.003372,0.074820
160.267032,0.465930,0.003412,0.077226
162.457231,0.465987,0.003361,0.076793
164.677544,0.465185,0.003387,0.077172
166.928091,0.461225,0.003614,0.079549
169.209486,0.462090,0.003407,0.080240
171.521798,0.462200,0.003320,0.078345
173.865995,0.461723,0.003505,0.077650
176.242213,0.459370,0.003334,0.077316
178.650830,0.458595,0.003447,0.076359
181.092160,0.460018,0.003661,0.075884
183.567418,0.457748,0.003540,0.075669
186.075661,0.459462,0.003362,0.075302
188.618643,0.459507,0.003468,0.077761
191.196753,0.458363,0.003524,0.078055
193.809555,0.457528,0.003499,0.078858
196.458088,0.459075,0.003424,0.078378
199.143321,0.460357,0.003524,0.078243
201.864896,0.458357,0.003564,0.079267
204.623485,0.459593,0.003514,0.078861
207.419776,0.457652,0.003395,0.077255
210.254850,0.456848,0.003363,0.076113
213.128523,0.454053,0.003686,0.076895
216.041047,0.453703,0.003568,0.075946
218.993540,0.455160,0.003680,0.077119
221.986250,0.456200,0.003489,0.075405
225.020244,0.456713,0.003409,0.076477
228.095536,0.457543,0.003592,0.078311
231.212727,0.455212,0.003481,0.077611
234.372603,0.458068,0.003669,0.078641
237.575858,0.453102,0.003492,0.077894
240.822621,0.456002,0.003574,0.079164
244.113945,0.455370,0.003587,0.079170
247.449798,0.454357,0.003659,0.077519
250.831754,0.456600,0.003484,0.079948
254.259823,0.457362,0.003460,0.078149
257.734509,0.455495,0.003550,0.078884
261.256981,0.456330,0.003618,0.081083
264.827602,0.456808,0.003529,0.078886
268.446557,0.455385,0.003486,0.079397
272.115345,0.455990,0.003557,0.081566
275.834461,0.456508,0.003674,0.080409
279.604150,0.455708,0.003476,0.079010
283.425454,0.452465,0.003500,0.078659
287.298697,0.452055,0.003564,0.080907
291.225529,0.450945,0.003553,0.083058
295.205273,0.451555,0.003479,0.080634
299.239770,0.454118,0.003587,0.079209
303.329377,0.452458,0.003443,0.078950
307.475075,0.448970,0.003659,0.079349
311.677239,0.448720,0.003765,0.080095
315.936876,0.448273,0.003557,0.081705
320.254659,0.449010,0.003680,0.080988
324.631533,0.447735,0.003731,0.079776
329.067723,0.449420,0.003473,0.079689
333.565238,0.448480,0.003395,0.079746
338.123856,0.448820,0.003594,0.079463
342.744961,0.449475,0.003672,0.079428
347.429099,0.448870,0.003748,0.081523
352.177534,0.450127,0.003477,0.079026
356.990474,0.448997,0.003537,0.079386
361.869561,0.450477,0.003628,0.081080
366.814948,0.449475,0.003640,0.079981
371.828133,0.450503,0.003792,0.081167
376.909757,0.449570,0.003699,0.082917
382.060655,0.450692,0.003679,0.082286
387.282335,0.451935,0.003571,0.082277
392.575162,0.449897,0.003630,0.079925
397.940415,0.452132,0.003627,0.079162
403.379134,0.449328,0.003664,0.080479
408.891894,0.447660,0.003680,0.080750
414.479971,0.448445,0.003905,0.082527
420.144537,0.448890,0.003721,0.081030
425.886643,0.445512,0.003781,0.080718
431.706934,0.448283,0.003617,0.082953
437.607258,0.449880,0.003764,0.084004
443.587685,0.451425,0.003750,0.085563
449.650118,0.451328,0.003554,0.085508
455.795361,0.448250,0.003681,0.082687
462.024481,0.448920,0.003681,0.082332
468.338810,0.446375,0.003818,0.083582
474.739738,0.446982,0.003516,0.085392
481.227998,0.444912,0.003882,0.085285
487.804755,0.443638,0.004083,0.085628
494.471313,0.444050,0.003842,0.087554
501.229065,0.446542,0.003847,0.082904
508.079373,0.446170,0.003833,0.080173
515.022815,0.444550,0.003618,0.082131
522.061548,0.445240,0.003710,0.082581
529.196564,0.444460,0.003797,0.085332
536.428977,0.445128,0.003796,0.084109
543.760508,0.446898,0.003621,0.084216
551.191688,0.444540,0.003853,0.084266
558.724963,0.444403,0.003738,0.085222
566.360763,0.444113,0.003916,0.087974
574.101113,0.442313,0.003916,0.088642
581.947188,0.443265,0.003777,0.085667
589.900196,0.442865,0.003513,0.086247
597.962332,0.443648,0.003659,0.087468
606.134580,0.446150,0.003865,0.088203
614.418405,0.444127,0.003820,0.087141
622.815588,0.444487,0.003766,0.085953
631.327537,0.442190,0.003926,0.085959
639.955629,0.445838,0.003818,0.086024
648.701876,0.447340,0.003932,0.083776
657.567559,0.444360,0.003712,0.086536
666.554457,0.445690,0.003687,0.082131
675.663907,0.446700,0.003782,0.085109
684.898300,0.445432,0.003713,0.086948
694.258672,0.443263,0.003885,0.086070
703.746940,0.440570,0.003699,0.087653
713.364970,0.443230,0.003810,0.086087
723.114137,0.444015,0.003830,0.087635
732.996833,0.440945,0.004029,0.084825
743.014653,0.441273,0.003867,0.084749
753.169226,0.442710,0.003719,0.085092
763.462568,0.439503,0.003824,0.082688
773.896982,0.439175,0.003794,0.082969
784.473419,0.442197,0.003760,0.081878
795.194423,0.443813,0.003723,0.084208
806.062270,0.445507,0.003650,0.082268
817.078640,0.445098,0.003777,0.083285
828.245678,0.445770,0.003769,0.082165
839.564854,0.445523,0.003575,0.084764
851.038899,0.443288,0.003677,0.082960
862.670191,0.442617,0.003739,0.083220
874.460247,0.442345,0.003587,0.083981
886.411389,0.443605,0.003727,0.083224
898.525673,0.441882,0.003935,0.080766
910.805477,0.448410,0.003722,0.084761
923.253392,0.443858,0.003512,0.085768
935.871210,0.442067,0.003702,0.084905
948.661595,0.443165,0.003885,0.083152
961.627058,0.441857,0.003715,0.082208
974.769111,0.441035,0.003737,0.085570
988.091271,0.441412,0.003883,0.083930
1001.595018,0.441643,0.003432,0.080790
1015.283885,0.440718,0.003663,0.080521
1029.159629,0.443483,0.004030,0.084406
1043.224972,0.444352,0.003833,0.084531
1057.482242,0.442993,0.003778,0.086429
1071.934899,0.442525,0.003754,0.085839
1086.585052,0.444292,0.003728,0.084460
1101.435090,0.445855,0.003732,0.085439
1116.488054,0.442208,0.003782,0.082406
1131.747120,0.444320,0.003712,0.080942
1147.214479,0.441062,0.003796,0.082615
1162.893180,0.444145,0.003800,0.082931
1178.786125,0.446580,0.003676,0.081162
1194.896511,0.444090,0.003710,0.081338
1211.226626,0.446455,0.003696,0.083557
1227.780644,0.446067,0.003616,0.084209
1244.560495,0.446963,0.003886,0.086728
1261.569735,0.443055,0.003722,0.085784
1278.811288,0.441047,0.003655,0.081637
1296.288285,0.448750,0.003785,0.086572
1314.004707,0.444550,0.003680,0.084103
1331.963088,0.444858,0.003709,0.085671
1350.166868,0.445253,0.003758,0.086522
1368.619351,0.441830,0.003586,0.087563
1387.323927,0.445270,0.003742,0.084365
1406.284363,0.442638,0.003876,0.082631
1425.503719,0.444225,0.003801,0.083505
1444.986024,0.445455,0.003865,0.083432
1464.734238,0.442970,0.003707,0.085141
1484.752761,0.443325,0.004920,0.087489
1505.044523,0.443440,0.004016,0.090264
1525.613968,0.444560,0.004713,0.090969
1546.464199,0.440708,0.004212,0.088638
1567.599722,0.441055,0.004396,0.086138
1589.023969,0.440637,0.010876,0.086879
1610.737205,0.439983,0.072965,0.084630
1632.754136,0.441498,-nan,0.086076
1655.068707,0.441155,-nan,0.087998
1677.688465,0.443243,-nan,0.085042
1700.616828,0.444277,-nan,0.085287
1723.859329,0.444340,-nan,0.089503
1747.418868,0.442325,-nan,0.090760
1771.300646,0.442040,-nan,0.086881
1795.508612,0.445783,-nan,0.092124
1820.047808,0.439965,-nan,0.089444
1844.921961,0.441598,-nan,0.089764
1870.136460,0.436475,-nan,0.090634
1895.695228,0.437668,-nan,0.092778
1921.603587,0.435015,-nan,0.088639
1947.865552,0.437240,-nan,0.089791
1974.486885,0.437935,-nan,0.089198
2001.471777,0.435665,-nan,0.089058
2028.825624,0.439945,-nan,0.089248
2056.553464,0.440987,-nan,0.086657
2084.660028,0.443780,-nan,0.087330
2113.150647,0.440228,-nan,0.090874
2142.031179,0.436922,-nan,0.087139
2171.305861,0.438830,-nan,0.086571
2200.980774,0.440227,-nan,0.090865
2231.061117,0.439873,-nan,0.088260
2261.552522,0.442597,-nan,0.087421
2292.461132,0.442108,-nan,0.089611
2323.791789,0.440902,-nan,0.087748
2355.551012,0.440387,-nan,0.085073
2387.744024,0.439302,-nan,0.086195
2420.376726,0.440915,-nan,0.086118
2453.455794,0.443917,-nan,0.089300
2486.986711,0.440798,-nan,0.088859
2520.976055,0.440672,-nan,0.088453
2555.429918,0.443410,-nan,0.088455
2590.354539,0.444378,-nan,0.086929
2625.756462,0.444483,-nan,0.088840
2661.642481,0.439438,-nan,0.089234
2698.019114,0.435323,-nan,0.087097
2734.892395,0.438215,-nan,0.087574
2772.269656,0.441120,-nan,0.087301
2810.157881,0.442048,-nan,0.085969
2848.564192,0.433168,-nan,0.088303
2887.494978,0.435290,-nan,0.087289
2926.958217,0.432295,-nan,0.083960
2966.960724,0.433903,-nan,0.090568
3007.509604,0.433795,-nan,0.089558
3048.612636,0.437980,-nan,0.086665
3090.277718,0.434082,-nan,0.085424
3132.512020,0.442467,-nan,0.084846
3175.323798,0.444947,-nan,0.086167
3218.720161,0.442572,-nan,0.084562
3262.710189,0.441055,-nan,0.087494
3307.301375,0.442285,-nan,0.088702
3352.501875,0.443325,-nan,0.085057
3398.319941,0.440880,-nan,0.087231
3444.764737,0.440190,-nan,0.091405
3491.843487,0.444790,-nan,0.088008
3539.566196,0.445000,-nan,0.088967
3587.941118,0.436753,-nan,0.085619
3636.976799,0.443850,-nan,0.083774
3686.683149,0.444783,-nan,0.085378
3737.068415,0.442640,-nan,0.084538
3788.142894,0.438652,-nan,0.086306
3839.914786,0.440320,-nan,0.084787
3892.394225,0.440762,-nan,0.085389
3945.591246,0.442935,-nan,0.082589
3999.514836,0.442847,-nan,0.088655
4054.176141,0.438615,-nan,0.088335
4109.583878,0.444132,-nan,0.087515
4165.749027,0.444588,-nan,0.086080
4222.681881,0.444275,-nan,0.088277
4280.392639,0.444745,-nan,0.084125
4338.892243,0.445225,-nan,0.086046
4398.191580,0.444083,-nan,0.087488
4458.300933,0.445162,-nan,0.088025
4519.232147,0.439582,-nan,0.089587
4580.996142,0.436255,-nan,0.088724
4643.603861,0.436940,-nan,0.086742
4707.067682,0.443990,-nan,0.085798
4771.398560,0.438725,-nan,0.088282
4836.608305,0.447455,-nan,0.084303
4902.709780,0.442863,-nan,0.087645
4969.714625,0.439502,-nan,0.087578
5037.635203,0.439430,-nan,0.085560
5106.483968,0.439718,-nan,0.084829
5176.273514,0.441783,-nan,0.087619
5247.017389,0.438935,-nan,0.085569
5318.727624,0.444065,-nan,0.086919
5391.417984,0.443667,-nan,0.083868
5465.101505,0.443082,-nan,0.083219
-nan,0.442945,-nan,0.086443
5615.504649,0.438157,-nan,0.086953
5692.250768,0.436607,-nan,0.086055
5770.046114,0.448440,-nan,0.087437
5848.904907,0.440280,-nan,0.086294
-nan,0.439968,-nan,0.089742
6009.870084,0.437943,-nan,0.087230
6092.006188,0.443535,-nan,0.089419
6175.265058,0.437033,-nan,0.085433
6259.661535,0.441095,-nan,0.087594
6345.211474,0.441960,-nan,0.085931
6431.930975,0.440015,-nan,0.087573
6519.835109,0.440412,-nan,0.088344
6608.941324,0.444472,-nan,0.085596
6699.264958,0.442477,-nan,0.086698
6790.822811,0.446683,-nan,0.089602
6883.632386,0.440393,-nan,0.085426
6977.709946,0.441603,-nan,0.088025
7073.073786,0.436308,-nan,0.089448
7169.740592,0.434010,-nan,0.088664
7267.728838,0.439050,-nan,0.088488
7367.055832,0.436902,-nan,0.086810
7467.740335,0.437840,-nan,0.086697
7569.801200,0.445253,-nan,0.084445
7673.256961,0.446040,-nan,0.086383
7778.126620,0.443720,-nan,0.085883
7884.429206,0.448388,-nan,0.089756
7992.184881,0.446588,-nan,0.084396
8101.412965,0.444675,-nan,0.084380
8212.134037,0.442235,-nan,0.086193
8324.368604,0.445820,-nan,0.087288
8438.136835,0.443663,-nan,0.085352
8553.459702,0.446035,-nan,0.084492
8670.359077,0.444310,-nan,0.091156
8788.856242,0.440078,-nan,0.090476
8908.972016,0.439207,-nan,0.088228
9030.729944,0.444417,-nan,0.088554
9154.152232,0.438977,-nan,0.088871
9279.260906,0.444073,-nan,0.089302
9406.079414,0.440318,-nan,0.093186
9534.631165,0.446083,-nan,0.089246
9664.940166,0.437445,-nan,0.085482
9797.030109,0.441208,-nan,0.087658
9930.924708,0.446813,-nan,0.084314
10066.649624,0.444278,-nan,0.086882
10204.229116,0.445635,-nan,0.085666
10343.689507,0.440827,-nan,0.088891
10485.055781,0.444487,-nan,0.088766
10628.353864,0.442988,-nan,0.088562
10773.610178,0.445198,-nan,0.085382
10920.851865,0.441997,-nan,0.089394
11070.106311,0.439297,-nan,0.086832
11221.399989,0.440550,-nan,0.086295
11374.761748,0.438468,-nan,0.087661
11530.219222,0.439163,-nan,0.086086
11687.801374,0.442945,-nan,0.090076
11847.537516,0.438620,-nan,0.086648
12009.456516,0.441845,-nan,0.088799
12173.588324,0.444663,-nan,0.089911
12339.963378,0.443877,-nan,0.086513
12508.612752,0.442145,-nan,0.087191
12679.566183,0.441540,-nan,0.091806
12852.856544,0.438825,-nan,0.088127
13028.515338,0.436430,-nan,0.090762
13206.574256,0.441495,-nan,0.089194
13387.067135,0.442218,-nan,0.090161
13570.026793,0.442208,-nan,0.087624
13755.487114,0.441715,-nan,0.088263
13943.481750,0.438310,-nan,0.088587
14134.045918,0.442777,-nan,0.094492
14327.214218,0.441320,-nan,0.091772
14522.907748,0.440520,-nan,0.091034
14721.507563,0.443885,-nan,0.092082
14922.704530,0.441417,-nan,0.089012
15126.651714,0.439575,-nan,0.090096
15333.386035,0.441860,-nan,0.090696
15542.945713,0.435165,-nan,0.089069
15755.369284,0.446790,-nan,0.086234
15970.696638,0.439520,-nan,0.088917
16188.966317,0.440363,-nan,0.089202
16410.219256,0.436933,-nan,0.092896
16634.496058,0.444855,-nan,0.085811
16861.837921,0.438725,-nan,0.092312
17092.286642,0.439817,-nan,0.087946
17325.884973,0.444847,-nan,0.088250
17562.676294,0.446285,-nan,0.088331
17802.703356,0.438765,-nan,0.089750
18046.011003,0.437315,-nan,0.087639
18292.644007,0.445478,-nan,0.088668
18542.647689,0.439167,-nan,0.089992
18796.067851,0.439198,-nan,0.083584
19052.952016,0.438265,-nan,0.085317
19313.346440,0.444705,-nan,0.089108
19577.300011,0.442935,-nan,0.088905
19844.860998,0.436618,-nan,0.086271
20116.078469,0.438188,-nan,0.087423
20391.002744,0.442963,-nan,0.088886
20669.684613,0.444340,-nan,0.085265
20952.174928,0.448580,-nan,0.089451
21238.526101,0.443005,-nan,0.089236
21528.790983,0.436225,-nan,0.092024
21823.022501,0.445465,-nan,0.089556
22121.275187,0.443255,-nan,0.085444
22423.331216,0.439615,-nan,0.092548
22729.796050,0.439568,-nan,0.090802
23040.714974,0.444340,-nan,0.091880
23355.610112,0.438610,-nan,0.089061
23674.808787,0.437057,-nan,0.092030
23998.369742,0.434955,-nan,0.093703
24326.352826,0.440090,-nan,0.091478
24658.818542,0.441583,-nan,0.090783
24995.827960,0.443360,-nan,0.085886
25337.443489,0.442782,-nan,0.087105
25683.727913,0.437398,-nan,0.092833
26034.744329,0.449025,-nan,0.087253
26390.558634,0.439612,-nan,0.090557
26751.235702,0.433775,-nan,0.091669
27116.842025,0.443970,-nan,0.090496
27487.445065,0.440260,-nan,0.086819
27863.113016,0.444913,-nan,0.093497
28243.915459,0.438053,-nan,0.092943
28629.922117,0.443475,-nan,0.095590
29021.204172,0.440063,-nan,0.093435
29417.833822,0.440430,-nan,0.092901
29819.884183,0.445525,-nan,0.089379
30227.429666,0.440110,-nan,0.092385
30640.544819,0.445870,-nan,0.089126
31059.306009,0.440575,-nan,0.091281
31483.790234,0.436228,-nan,0.087146
31914.075961,0.440658,-nan,0.091543
32350.242393,0.441282,-nan,0.092584
32792.369107,0.448413,-nan,0.089186
33240.142696,0.441337,-nan,0.094120
33694.444019,0.439865,-nan,0.095400
34155.338614,0.434667,-nan,0.099123
34621.761385,0.432928,-nan,0.096455
35095.312724,0.436175,-nan,0.092501
35574.956708,0.437292,-nan,0.094102
36061.155908,0.441197,-nan,0.092019
36554.000720,0.441015,-nan,0.093758
37052.823437,0.440098,-nan,0.092921
37559.986896,0.446458,-nan,0.097116
38073.315847,0.433423,-nan,0.094197
38593.659914,0.442658,-nan,0.100837
39121.115366,0.432710,-nan,0.092575
39655.779664,0.434435,-nan,0.095633
40197.751096,0.439688,-nan,0.098862
40747.129696,0.444045,-nan,0.096309
41304.016160,0.440152,-nan,0.092739
41868.513926,0.438613,-nan,0.094015
42440.726514,0.441600,-nan,0.097082
43020.759424,0.431117,-nan,0.092956
43608.719847,0.437873,-nan,0.093499
44204.715591,0.437385,-nan,0.097462
44808.856466,0.444782,-nan,0.095519
45421.254939,0.445623,-nan,0.097531
46042.022582,0.436977,-nan,0.096479
46671.274059,0.436805,-nan,0.097105
47309.125748,0.437780,-nan,0.101128
47955.694676,0.434258,-nan,0.096368
48611.100063,0.434863,-nan,0.099046
49275.463005,0.436197,-nan,0.095582
49948.905291,0.438840,-nan,0.091780
50631.552457,0.428120,-nan,0.100425
51323.528395,0.433913,-nan,0.096742
52024.961520,0.439547,-nan,0.096652
52735.981822,0.434850,-nan,0.099622
53456.718706,0.436020,-nan,0.101257
54187.305875,0.438043,-nan,0.095643
54927.878570,0.435733,-nan,0.095083
55678.571838,0.442753,-nan,0.098716
56439.525376,0.435090,-nan,0.093605
57210.878613,0.434120,-nan,0.095296
57992.773571,0.436763,-nan,0.098648
58785.355073,0.437805,-nan,0.095921
59588.768057,0.438295,-nan,0.098355
60403.161769,0.435635,-nan,0.096437
61228.685754,0.434342,-nan,0.094247
62065.491727,0.437030,-nan,0.097010
62913.734550,0.433263,-nan,0.101708
63773.570229,0.433487,-nan,0.097885
64645.156886,0.437910,-nan,0.096322
65528.655603,0.440745,-nan,0.097153
66424.229090,0.440068,-nan,0.093569
67332.042040,0.437600,-nan,0.098379
68252.262364,0.436093,-nan,0.097719
69185.058529,0.438092,-nan,0.097132
70130.603685,0.445685,-nan,0.097918
71089.071660,0.437157,-nan,0.097978
72060.638613,0.437075,-nan,0.098949
73045.367846,0.433848,-nan,0.095755
74043.788999,0.440580,-nan,0.097324
75055.737910,0.446013,-nan,0.097428
76081.516994,0.436602,-nan,0.095120
77121.315599,0.431237,-nan,0.097530
78175.324295,0.440187,-nan,0.095072
79243.738769,0.436007,-nan,0.096966
80326.754719,0.436487,-nan,0.099810
81424.572009,0.437005,-nan,0.099722
82537.393137,0.438443,-nan,0.094939
83665.423619,0.432720,-nan,0.096149
84808.870005,0.440438,-nan,0.098506
85967.943855,0.437607,-nan,0.093934
87142.859346,0.434315,-nan,0.090816
88333.831826,0.437050,-nan,0.096261
89541.081270,0.436825,-nan,0.098724
90764.830039,0.440910,-nan,0.100740
92005.232888,0.436897,-nan,0.093024
93262.730905,0.436860,-nan,0.096489
94537.343189,0.431180,-nan,0.098348
95829.374971,0.437438,-nan,0.099418
97139.065225,0.440187,-nan,0.097914
98466.654716,0.438740,-nan,0.095605
99812.388793,0.438270,-nan,0.096140
101176.514269,0.440842,-nan,0.097402
102559.283262,0.432818,-nan,0.093999
103960.950567,0.433642,-nan,0.098348
105381.667573,0.435008,-nan,0.098199
106821.778584,0.437205,-nan,0.101712
108281.941676,0.436072,-nan,0.100199
109761.819714,0.433090,-nan,0.099334
111261.923278,0.436253,-nan,0.097580
112782.528698,0.437202,-nan,0.097366
114323.916101,0.437035,-nan,0.102098
115885.150125,0.432418,-nan,0.098446
117470.045447,0.436507,-nan,0.098809
119075.629111,0.437860,-nan,0.102811
120703.023662,0.435288,-nan,0.102824
122352.659500,0.431075,-nan,0.106259
124024.840784,0.438452,-nan,0.103262
125719.875445,0.441978,-nan,0.102516
127438.076227,0.434270,-nan,0.104351
129179.759359,0.434023,-nan,0.100150
130945.245814,0.439833,-nan,0.100718
132734.369856,0.430525,-nan,0.103767
134548.934805,0.434890,-nan,0.103475
136386.493993,0.432605,-nan,0.103984
138251.799579,0.435490,-nan,0.105633
140141.272833,0.435460,-nan,0.104291
142056.569541,0.431272,-nan,0.102735
143998.041569,0.432625,-nan,0.102248
145966.048433,0.436207,-nan,0.100787
147960.951016,0.432250,-nan,0.102255
149982.006330,0.434460,-nan,0.101303
152032.922579,0.433247,-nan,0.101522
154110.740836,0.433732,-nan,0.105568
156216.941813,0.432265,-nan,0.106507
158351.957575,0.430168,-nan,0.106069
160515.632613,0.431412,-nan,0.106062
162709.895658,0.432773,-nan,0.107551
164933.634840,0.429360,-nan,0.103285
167187.766044,0.433175,-nan,0.106169
169472.704158,0.432805,-nan,0.108003
171788.870341,0.428908,-nan,0.104758
174136.691069,0.431568,-nan,0.105968
176516.599517,0.433377,-nan,0.104746
178929.034001,0.423930,-nan,0.107317
181374.438491,0.433553,-nan,0.104350
183853.264834,0.430895,-nan,0.107500
186364.113225,0.429355,-nan,0.106909
188913.013026,0.426815,-nan,0.111425
191494.867685,0.434313,-nan,0.106290
194112.008544,0.434425,-nan,0.110471
196764.917940,0.426608,-nan,0.108896
199454.083534,0.432955,-nan,0.105715
202180.002339,0.433140,-nan,0.107570
204943.175736,0.431338,-nan,0.104634
207744.113095,0.430168,-nan,0.104590
210579.704721,0.431330,-nan,0.111519
213459.169689,0.425833,-nan,0.111431
216378.705915,0.432300,-nan,0.109987
219335.932106,0.431560,-nan,0.111961
222333.573485,0.425645,-nan,0.110064
225372.183993,0.429483,-nan,0.112316
228452.322422,0.428213,-nan,0.108503
231574.557220,0.428405,-nan,0.111022
234739.463189,0.427102,-nan,0.112677
237947.623330,0.432060,-nan,0.111500
241199.629075,0.429018,-nan,0.112451
244496.079807,0.432178,-nan,0.109095
247837.582734,0.436397,-nan,0.109629
251224.753721,0.430845,-nan,0.112506
254658.216650,0.428033,-nan,0.109502
258138.604705,0.433053,-nan,0.110370
261666.558683,0.428590,-nan,0.115222
265242.335703,0.423705,-nan,0.108620
268867.773807,0.428095,-nan,0.111694
272542.362490,0.431970,-nan,0.108120
276267.171259,0.426385,-nan,0.109441
280042.886374,0.432460,-nan,0.112380
283869.277867,0.427873,-nan,0.111311
287749.829091,0.431228,-nan,0.108796
291682.476675,0.431370,-nan,0.115704
295668.871238,0.427885,-nan,0.110414
299707.195989,0.433067,-nan,0.110440
303805.850372,0.425622,-nan,0.113030
307956.163097,0.431590,-nan,0.115475
312166.763059,0.430645,-nan,0.109335
316433.114879,0.433285,-nan,0.115662
320757.773970,0.424360,-nan,0.114687
325141.537804,0.421000,-nan,0.114371
329581.554357,0.426357,-nan,0.115094
334089.621296,0.424480,-nan,0.114007
338655.590041,0.425868,-nan,0.113921
343283.961561,0.429362,-nan,0.116253
347975.588373,0.426970,-nan,0.115121
352731.335373,0.423065,-nan,0.113434
357552.078405,0.435290,-nan,0.115839
362437.284213,0.423488,-nan,0.113734
367392.119243,0.429158,-nan,0.116189
372410.606499,0.424372,-nan,0.112651
377501.616658,0.423725,-nan,0.115218
382661.452631,0.423440,-nan,0.116724
387890.731280,0.422810,-nan,0.115399
393193.345086,0.429130,-nan,0.117747
398559.126196,0.425423,-nan,0.120608
404014.254078,0.428335,-nan,0.118228
409535.875721,0.426682,-nan,0.119308
415132.372302,0.426713,-nan,0.119651
420794.825220,0.428353,-nan,0.121936
426556.050036,0.420343,-nan,0.121932
432387.380769,0.426210,-nan,0.123042
438296.775385,0.426225,-nan,0.120844
444286.932793,0.423777,-nan,0.121812
450358.956754,0.423782,-nan,0.121820
456513.966872,0.418117,-nan,0.122383
462753.096700,0.424208,-nan,0.119535
469077.496198,0.427387,-nan,0.124888
475488.330398,0.421605,-nan,0.117253
481986.781189,0.420040,-nan,0.121725
488563.066833,0.422390,-nan,0.125779
495237.639538,0.424397,-nan,0.120793
502018.959080,0.419345,-nan,0.122479
508880.940902,0.420657,-nan,0.127481
515835.147781,0.424130,-nan,0.125739
522885.639738,0.420880,-nan,0.124273
530031.864721,0.422993,-nan,0.129825
537274.017334,0.418973,-nan,0.124779
544597.996001,0.414023,-nan,0.131242
552060.812158,0.419285,-nan,0.133972
559606.466786,0.415743,-nan,0.133648
567254.960509,0.420352,-nan,0.132331
575004.237023,0.419842,-nan,0.130308
582865.100406,0.414390,-nan,0.133056
590832.118295,0.419377,-nan,0.131411
598896.126854,0.418525,-nan,0.136119
607084.759899,0.414845,-nan,0.131638
615383.267982,0.416533,-nan,0.134844
623790.101858,0.411062,-nan,0.133405
632325.096805,0.405565,-nan,0.136451
640964.672963,0.415393,-nan,0.137620
649717.816382,0.410770,-nan,0.137233
658579.914096,0.409137,-nan,0.140596
667607.916016,0.407808,-nan,0.139424
676722.145098,0.411915,-nan,0.141154
685963.924941,0.409155,-nan,0.141605
695356.103749,0.410293,-nan,0.141528
704856.259121,0.405442,-nan,0.142607
714487.664417,0.412087,-nan,0.143325
724243.045453,0.407315,-nan,0.146865
734155.961608,0.402530,-nan,0.145732
744188.831150,0.403185,-nan,0.146159
754346.805060,0.400815,-nan,0.147893
764653.390529,0.405968,-nan,0.147871
