0.000000,0.995000,0.000000,0.000000
1.002898,0.848402,0.001665,0.026612
1.016680,0.847281,0.001769,0.026802
1.030779,0.846002,0.001649,0.027144
1.044637,0.844890,0.001738,0.027140
1.059200,0.843455,0.001707,0.027337
1.073450,0.842352,0.001673,0.027404
1.088478,0.841162,0.001710,0.027539
1.103206,0.839852,0.001734,0.027781
1.118413,0.838602,0.001702,0.027770
1.133879,0.837207,0.001749,0.028133
1.149241,0.835910,0.001711,0.027978
1.165237,0.834450,0.001750,0.028304
1.181175,0.833045,0.001735,0.028540
1.197435,0.831736,0.001731,0.028569
1.213801,0.830445,0.001777,0.028367
1.230405,0.829167,0.001765,0.028530
1.247217,0.827819,0.001718,0.028780
1.264535,0.826152,0.001695,0.028702
1.281920,0.825081,0.001742,0.028421
1.299558,0.823607,0.001760,0.028257
1.317368,0.822300,0.001799,0.028432
1.335410,0.820940,0.001820,0.028631
1.353679,0.819605,0.001796,0.028883
1.372207,0.818676,0.001786,0.029096
1.391087,0.817245,0.001755,0.029142
1.410167,0.815648,0.001756,0.029290
1.429470,0.813686,0.001756,0.029223
1.449098,0.812621,0.001811,0.029530
1.469103,0.811150,0.001790,0.029725
1.489296,0.809867,0.001749,0.029678
1.509610,0.808207,0.001803,0.030115
1.530279,0.806743,0.001851,0.030059
1.551565,0.805307,0.001776,0.029984
1.572748,0.803857,0.001804,0.029670
1.594283,0.802462,0.001783,0.029466
1.616319,0.800893,0.001742,0.029586
1.638330,0.799310,0.001899,0.029614
1.660852,0.797719,0.001741,0.029802
1.683730,0.796131,0.001836,0.029879
1.706868,0.794755,0.001833,0.029624
1.730373,0.793712,0.001851,0.030161
1.754059,0.792086,0.001870,0.030114
1.778107,0.790712,0.001810,0.030758
1.802690,0.788967,0.001806,0.030607
1.827344,0.787069,0.001896,0.030636
1.852344,0.785531,0.001859,0.031195
1.877836,0.784064,0.001863,0.031262
1.903663,0.782588,0.001876,0.031469
1.929779,0.780983,0.001803,0.031589
1.956125,0.779464,0.001839,0.032070
1.983043,0.778362,0.001890,0.032045
2.010454,0.776838,0.001906,0.032453
2.038043,0.775440,0.001892,0.032775
2.066026,0.774126,0.001885,0.032561
2.094342,0.772383,0.001932,0.032482
2.123191,0.771233,0.001865,0.032136
2.152334,0.769490,0.001881,0.032654
2.181842,0.768167,0.001883,0.033037
2.211909,0.766990,0.001883,0.033312
2.242260,0.765879,0.001823,0.033678
2.273061,0.764502,0.001903,0.033382
2.304201,0.763098,0.001919,0.033335
2.336005,0.761750,0.001910,0.033087
2.367943,0.760029,0.001899,0.033234
2.400592,0.758640,0.001855,0.033530
2.433540,0.757226,0.001902,0.034168
2.466877,0.755995,0.001953,0.034150
2.500825,0.754726,0.001903,0.033936
2.535139,0.753286,0.001951,0.034442
2.570060,0.752057,0.001905,0.034512
2.605272,0.750688,0.001910,0.034597
2.641175,0.748590,0.001990,0.034534
2.677540,0.747274,0.001923,0.034470
2.714107,0.745833,0.001939,0.034591
2.751549,0.744469,0.001939,0.034758
2.789272,0.743307,0.001975,0.034392
2.827749,0.742371,0.001968,0.034952
2.866626,0.741245,0.001992,0.034971
2.905938,0.740071,0.001938,0.034904
2.945793,0.738502,0.001967,0.035364
2.986397,0.737679,0.001972,0.036127
3.027540,0.735902,0.001995,0.035988
3.068924,0.734638,0.001924,0.036057
3.111190,0.732836,0.002057,0.036372
3.153917,0.731481,0.002001,0.036925
3.197196,0.730143,0.002035,0.036752
3.241112,0.728029,0.002009,0.036883
3.285644,0.726026,0.002061,0.036973
3.330801,0.725107,0.002012,0.036776
3.376716,0.723552,0.001988,0.036692
3.423083,0.722226,0.001961,0.036524
3.470184,0.720357,0.002047,0.036250
3.517942,0.719502,0.002013,0.036090
3.566105,0.718600,0.001985,0.036639
3.615199,0.716890,0.002027,0.037214
3.664789,0.714800,0.002006,0.037163
3.715232,0.713455,0.001982,0.037540
3.766230,0.712586,0.002056,0.037948
3.818021,0.711040,0.002051,0.038257
3.870514,0.710202,0.002075,0.038834
3.923800,0.708390,0.002009,0.039332
3.977580,0.707252,0.002142,0.039470
4.032258,0.705860,0.002099,0.039858
4.087657,0.704479,0.002053,0.040047
4.143812,0.702688,0.002050,0.039642
4.200860,0.702514,0.002115,0.039706
4.258698,0.701217,0.002083,0.039574
4.317113,0.699210,0.002057,0.039173
4.376555,0.698181,0.002127,0.038901
4.436608,0.696248,0.002068,0.039040
4.497654,0.695105,0.002109,0.038643
4.559374,0.694086,0.002106,0.038533
4.622101,0.692238,0.002103,0.038527
4.685644,0.691343,0.002073,0.039259
4.750072,0.690250,0.002034,0.039305
4.815398,0.688764,0.002101,0.039555
4.881529,0.688012,0.002064,0.039606
4.948537,0.686740,0.002169,0.039661
5.016799,0.685610,0.002096,0.040047
5.085553,0.684136,0.002085,0.039681
5.155508,0.682333,0.002120,0.039880
5.226498,0.681207,0.002142,0.039772
5.298274,0.679614,0.002086,0.040577
5.371252,0.678210,0.002194,0.040959
5.444936,0.676295,0.002157,0.041145
5.519868,0.674986,0.002188,0.041767
5.595681,0.673705,0.002192,0.040671
5.672582,0.671890,0.002195,0.040486
5.750729,0.670567,0.002272,0.040169
5.829578,0.668888,0.002103,0.040806
5.909706,0.667795,0.002195,0.040590
5.990993,0.666857,0.002190,0.041387
6.073320,0.665583,0.002201,0.040920
6.156994,0.664176,0.002241,0.041223
6.241681,0.663531,0.002202,0.041298
6.327321,0.662295,0.002238,0.041966
6.414338,0.661293,0.002246,0.041597
6.502502,0.660481,0.002180,0.041456
6.591837,0.659298,0.002246,0.042445
6.682447,0.657267,0.002232,0.042410
6.774368,0.656260,0.002154,0.042317
6.867431,0.655514,0.002163,0.042255
6.961881,0.654488,0.002287,0.043010
7.057830,0.652867,0.002166,0.043454
7.154732,0.651633,0.002180,0.043430
7.253043,0.650100,0.002243,0.044288
7.352737,0.649295,0.002248,0.044158
7.453873,0.647943,0.002243,0.044046
7.556334,0.647302,0.002276,0.044244
7.660162,0.645714,0.002336,0.043817
7.765697,0.644421,0.002264,0.043610
7.872580,0.643755,0.002321,0.043950
7.980692,0.642879,0.002234,0.043756
8.090174,0.642162,0.002244,0.043895
8.201660,0.640469,0.002298,0.044143
8.314376,0.639067,0.002226,0.043905
8.428750,0.637940,0.002256,0.043865
8.544563,0.636510,0.002305,0.044146
8.662104,0.634950,0.002291,0.044823
8.781141,0.633698,0.002346,0.044666
8.901882,0.631614,0.002357,0.044736
9.024360,0.630536,0.002363,0.045047
9.148269,0.628840,0.002338,0.045047
9.273996,0.626962,0.002397,0.045031
9.401818,0.626290,0.002327,0.045013
9.531013,0.624910,0.002419,0.045111
9.662079,0.622752,0.002327,0.045045
9.794826,0.622050,0.002358,0.045267
9.929597,0.620702,0.002398,0.045637
10.066030,0.620024,0.002349,0.045418
10.204520,0.618305,0.002404,0.046021
10.344811,0.617862,0.002335,0.046374
10.487121,0.617262,0.002406,0.046329
10.631267,0.616774,0.002450,0.047102
10.777571,0.615550,0.002441,0.046826
10.925753,0.614260,0.002370,0.047647
11.075974,0.612271,0.002439,0.047626
11.228171,0.610674,0.002436,0.048165
11.382524,0.608821,0.002415,0.047853
11.539119,0.606962,0.002449,0.047731
11.697847,0.605710,0.002442,0.048160
11.858824,0.604990,0.002442,0.048655
12.021711,0.604898,0.002402,0.048532
12.187070,0.603414,0.002534,0.049563
12.354458,0.602981,0.002396,0.049702
12.524561,0.601381,0.002421,0.050119
12.696806,0.600333,0.002455,0.049904
12.871293,0.599357,0.002421,0.050027
13.048214,0.597919,0.002439,0.050375
13.227746,0.596695,0.002556,0.049869
13.409642,0.596045,0.002494,0.049589
13.594035,0.595888,0.002434,0.049440
13.780933,0.595310,0.002465,0.049244
13.970540,0.594212,0.002531,0.049272
14.162505,0.592760,0.002491,0.049598
14.357298,0.592721,0.002459,0.049449
14.554561,0.591581,0.002514,0.048964
14.754973,0.590424,0.002500,0.048571
14.957710,0.590040,0.002423,0.049608
15.163495,0.588205,0.002497,0.049907
15.371976,0.586710,0.002533,0.049926
15.583447,0.586545,0.002528,0.049348
15.797670,0.585526,0.002572,0.049642
16.014981,0.585014,0.002500,0.049805
16.235206,0.583998,0.002396,0.050539
16.458489,0.582781,0.002594,0.050211
16.684832,0.580502,0.002524,0.051344
16.914397,0.578776,0.002515,0.051104
17.147074,0.577705,0.002560,0.051181
17.382581,0.577374,0.002606,0.051196
17.621838,0.576471,0.002622,0.052081
17.863862,0.576869,0.002572,0.051446
18.109753,0.576176,0.002630,0.051744
18.358833,0.574388,0.002581,0.052096
18.611269,0.573457,0.002529,0.052986
18.867309,0.572017,0.002487,0.053628
19.126657,0.570924,0.002601,0.054662
19.389742,0.569236,0.002604,0.053356
19.656333,0.566524,0.002686,0.054823
19.926794,0.566460,0.002632,0.054039
20.200638,0.565857,0.002696,0.054220
20.478694,0.564355,0.002656,0.053556
20.760325,0.563026,0.002586,0.054142
21.045642,0.562167,0.002614,0.053778
21.335141,0.561986,0.002657,0.053785
21.628547,0.560752,0.002634,0.053031
21.925926,0.560805,0.002612,0.053202
22.227432,0.559914,0.002719,0.053111
22.532947,0.559981,0.002595,0.053161
22.843148,0.559457,0.002722,0.054182
23.157171,0.558390,0.002650,0.053898
23.475644,0.557131,0.002680,0.054293
23.798689,0.556231,0.002738,0.053183
24.125858,0.556526,0.002653,0.053200
24.457712,0.555469,0.002562,0.053516
24.794064,0.553752,0.002704,0.054081
25.135178,0.552202,0.002608,0.053266
25.480704,0.552326,0.002648,0.053957
25.831031,0.552426,0.002667,0.053986
26.186309,0.552140,0.002658,0.053687
26.546529,0.549957,0.002650,0.054544
26.911387,0.547712,0.002640,0.054575
27.281753,0.546536,0.002742,0.054309
27.656863,0.545514,0.002825,0.054024
28.037287,0.544340,0.002627,0.054332
28.422997,0.543819,0.002734,0.054661
28.813840,0.541855,0.002720,0.053764
29.210064,0.541681,0.002804,0.055348
29.611806,0.542993,0.002731,0.054902
30.019278,0.540850,0.002809,0.055600
30.431963,0.541931,0.002727,0.055303
30.850661,0.541214,0.002760,0.055475
31.274907,0.539924,0.002771,0.055753
31.704926,0.539398,0.002758,0.056638
32.141196,0.536383,0.002775,0.057088
32.583061,0.534795,0.002848,0.058317
33.031129,0.534533,0.002768,0.058715
33.485445,0.533369,0.002921,0.058825
33.945847,0.533812,0.002775,0.060707
34.412667,0.534467,0.002759,0.058957
34.886120,0.533969,0.002789,0.060303
35.365942,0.533407,0.002788,0.060200
35.852439,0.531945,0.002857,0.059328
36.345341,0.532090,0.002892,0.059601
36.845418,0.531193,0.002840,0.060286
37.352215,0.529843,0.002842,0.061357
37.865867,0.527852,0.002753,0.060679
38.386395,0.526440,0.002804,0.061477
38.914548,0.525840,0.002904,0.061352
39.449713,0.524467,0.002945,0.061900
39.992301,0.524229,0.002881,0.062335
40.542387,0.523398,0.002866,0.062775
41.100048,0.521250,0.002852,0.062283
41.665287,0.518988,0.002864,0.060797
42.238244,0.518698,0.002920,0.062342
42.819210,0.517655,0.003037,0.063219
43.408179,0.517836,0.002847,0.062923
44.005097,0.516855,0.002968,0.062286
44.610502,0.515736,0.003067,0.063364
45.224009,0.513440,0.002919,0.061427
45.845986,0.513126,0.002974,0.061705
46.476505,0.513493,0.002944,0.062324
47.115678,0.512302,0.003095,0.062235
47.764104,0.510902,0.002956,0.061537
48.420832,0.510355,0.002967,0.061905
49.086884,0.509502,0.002978,0.060879
49.761912,0.509793,0.003040,0.062255
50.446192,0.507667,0.002958,0.060317
51.139902,0.507045,0.003036,0.061031
51.843601,0.507988,0.002975,0.060405
52.556659,0.506671,0.002889,0.061597
53.279389,0.505255,0.003048,0.063077
54.012041,0.503395,0.002895,0.062722
54.755009,0.503224,0.003075,0.062850
55.508117,0.502250,0.003067,0.064812
56.271642,0.504400,0.002969,0.064413
57.045635,0.502824,0.002972,0.064977
57.830241,0.499800,0.003083,0.064925
58.625714,0.500057,0.003125,0.064383
59.431951,0.499836,0.003018,0.065882
60.249478,0.499033,0.003138,0.066409
61.078038,0.498695,0.003089,0.066178
61.918137,0.498198,0.003082,0.065717
62.769767,0.497750,0.002977,0.065238
63.632957,0.499055,0.003093,0.065168
64.508254,0.498452,0.003145,0.064467
65.395605,0.497845,0.003161,0.065111
66.294937,0.496767,0.003014,0.064445
67.206920,0.496462,0.003067,0.064707
68.131423,0.493374,0.002991,0.063908
69.068294,0.494655,0.003107,0.064079
70.018308,0.493105,0.003118,0.064892
70.981547,0.491705,0.003118,0.064678
71.957789,0.490412,0.003208,0.067089
72.947598,0.489248,0.003248,0.066982
73.950732,0.489488,0.003158,0.068395
74.967618,0.490552,0.003004,0.069170
75.998622,0.490905,0.002986,0.069604
77.044045,0.488345,0.002959,0.068518
78.103879,0.489364,0.003167,0.070008
79.178131,0.487652,0.003200,0.067209
80.267110,0.488505,0.003104,0.067327
81.371113,0.486157,0.003203,0.068174
82.490567,0.484079,0.003193,0.068609
83.625452,0.484536,0.003152,0.069320
84.775379,0.484869,0.003220,0.066880
85.941146,0.484733,0.003200,0.068303
87.123266,0.484176,0.003183,0.067867
88.321648,0.482086,0.003022,0.068672
89.536646,0.482636,0.003076,0.069272
90.768095,0.483152,0.003040,0.069615
92.016432,0.482724,0.003229,0.068288
93.282106,0.482338,0.003226,0.068786
94.565094,0.481290,0.003208,0.070355
95.865996,0.481388,0.003387,0.070688
97.184256,0.481279,0.003222,0.071218
98.521180,0.478048,0.003190,0.071525
99.876089,0.477979,0.003258,0.069403
101.249880,0.477538,0.003161,0.071150
102.642512,0.477064,0.003133,0.070304
104.054412,0.477364,0.003280,0.070902
105.485785,0.475898,0.003202,0.070620
106.936615,0.474481,0.003468,0.072801
108.407426,0.476224,0.003232,0.071529
109.898560,0.473190,0.003311,0.069834
111.410095,0.472879,0.003267,0.070020
112.942276,0.471738,0.003130,0.067402
114.496156,0.469821,0.003274,0.068001
116.070836,0.471721,0.003284,0.067753
117.667227,0.472790,0.003337,0.068581
119.285627,0.470279,0.003427,0.069563
120.926648,0.471702,0.003242,0.069359
122.589781,0.468524,0.003325,0.070667
124.276033,0.468610,0.003379,0.071655
125.985204,0.470395,0.003338,0.071419
127.718173,0.468464,0.003267,0.071501
129.474703,0.467669,0.003432,0.070374
131.255780,0.468043,0.003477,0.070752
133.060753,0.467393,0.003428,0.072579
134.891223,0.467721,0.003426,0.072242
136.746648,0.466162,0.003258,0.070384
138.627615,0.465724,0.003335,0.071600
140.534212,0.466636,0.003381,0.071749
142.467253,0.465574,0.003396,0.073084
144.426803,0.465405,0.003461,0.074259
146.413610,0.463938,0.003365,0.074436
148.427274,0.464779,0.003395,0.073189
150.468760,0.463343,0.003457,0.072478
152.538669,0.462471,0.003350,0.070601
154.636635,0.464150,0.003421,0.071842
156.763467,0.464755,0.003393,0.071499
158.919698,0.464074,0.003441,0.071303
161.105505,0.461752,0.003398,0.071182
163.321653,0.464390,0.003323,0.073283
165.568270,0.460502,0.003352,0.071274
167.845422,0.459683,0.003442,0.072075
170.154069,0.459712,0.003500,0.072640
172.494394,0.459110,0.003453,0.074495
174.867125,0.457474,0.003373,0.074265
177.272402,0.456498,0.003468,0.071400
179.710785,0.456833,0.003588,0.074461
182.182462,0.453802,0.003423,0.075846
184.688340,0.453681,0.003440,0.074538
187.228706,0.451343,0.003458,0.075163
189.804212,0.449383,0.003543,0.075794
192.414643,0.449950,0.003564,0.076647
195.061226,0.451862,0.003590,0.078808
197.744243,0.451426,0.003672,0.080226
200.464330,0.450831,0.003658,0.079945
203.221675,0.452510,0.003509,0.080571
206.016950,0.453102,0.003566,0.078850
208.850683,0.450638,0.003578,0.077946
211.723353,0.449731,0.003759,0.077104
214.635672,0.446181,0.003600,0.077876
217.587773,0.447186,0.003530,0.075561
220.580341,0.449033,0.003634,0.076415
223.614702,0.446779,0.003547,0.078968
226.690531,0.449117,0.003540,0.081829
229.808323,0.448788,0.003547,0.080329
232.969533,0.450074,0.003459,0.078977
236.174018,0.448969,0.003608,0.079697
239.422692,0.447229,0.003718,0.081339
242.715759,0.446419,0.003759,0.081618
246.054344,0.445874,0.003655,0.078682
249.438522,0.447721,0.003704,0.078783
252.869446,0.444955,0.003664,0.078201
256.347841,0.445129,0.003554,0.079719
259.873879,0.446105,0.003676,0.081084
263.448109,0.447017,0.003563,0.079563
267.071915,0.445690,0.003573,0.075763
270.745409,0.443907,0.003641,0.078035
274.469653,0.444536,0.003606,0.080694
278.244800,0.443498,0.003775,0.079244
282.072273,0.445452,0.003662,0.081609
285.951725,0.443388,0.003794,0.081115
289.885151,0.442750,0.003601,0.080201
293.872264,0.443319,0.003530,0.080127
297.914564,0.443388,0.003549,0.082605
302.012461,0.442619,0.003682,0.082192
306.166510,0.442660,0.003868,0.081852
310.377717,0.440200,0.003888,0.081837
314.646907,0.443888,0.003785,0.083188
318.974981,0.441764,0.003840,0.078210
323.362406,0.438843,0.003732,0.083249
327.810103,0.438655,0.003715,0.081680
332.318983,0.440995,0.003681,0.083683
336.890122,0.439783,0.004007,0.083943
341.524093,0.437205,0.003920,0.084129
346.221898,0.438433,0.003956,0.084767
350.983994,0.439210,0.003761,0.083666
355.811438,0.442229,0.003782,0.084228
360.705705,0.441967,0.003696,0.083573
365.667150,0.442567,0.003699,0.083428
370.696953,0.440700,0.003658,0.082551
375.795810,0.439238,0.003744,0.082653
380.964942,0.440448,0.003792,0.082291
386.204902,0.437964,0.003807,0.084108
391.517212,0.438579,0.003936,0.084084
396.902886,0.435283,0.003890,0.084590
402.361940,0.434517,0.003888,0.084437
407.896185,0.438095,0.003762,0.085701
413.507107,0.437812,0.003891,0.084568
419.194792,0.435567,0.003960,0.084576
424.960968,0.434052,0.004015,0.085888
430.806051,0.435193,0.003766,0.085554
436.731407,0.435121,0.003755,0.086130
442.739000,0.437071,0.003957,0.084131
448.828685,0.435293,0.003927,0.082626
455.002221,0.434943,0.003795,0.083165
461.260985,0.435829,0.004073,0.083255
467.605268,0.437010,0.003755,0.083834
474.037364,0.436860,0.003926,0.081490
480.557704,0.433426,0.003898,0.082054
487.167956,0.433671,0.003849,0.082952
493.868584,0.436029,0.003816,0.084065
500.661689,0.436214,0.003928,0.085306
507.548321,0.437171,0.003847,0.086936
514.529662,0.438071,0.003787,0.084410
521.607265,0.440012,0.003779,0.085508
528.781379,0.439888,0.003748,0.085938
536.055021,0.438443,0.003788,0.084067
543.428337,0.440162,0.003816,0.083809
550.903245,0.440176,0.003791,0.083797
558.480410,0.438614,0.003680,0.086018
566.162712,0.438412,0.003652,0.088799
573.950417,0.436388,0.003863,0.087842
581.844823,0.435036,0.003752,0.087131
589.848246,0.433595,0.003656,0.086855
597.961703,0.435833,0.004071,0.086220
606.186550,0.435833,0.003920,0.086873
614.524746,0.437438,0.003860,0.087177
622.977301,0.437048,0.003680,0.085567
631.546352,0.434452,0.003965,0.086392
640.233239,0.435990,0.003690,0.088194
649.039403,0.435238,0.003709,0.084466
657.967402,0.431812,0.003945,0.087244
667.017583,0.432631,0.003972,0.083402
676.192475,0.436062,0.003960,0.084213
685.493583,0.436860,0.003946,0.085722
694.922189,0.433945,0.003805,0.086540
704.480960,0.433912,0.004002,0.084929
714.171049,0.434236,0.003831,0.084752
723.994614,0.432538,0.003999,0.082964
733.953069,0.430124,0.003789,0.082653
744.048622,0.432812,0.003579,0.083395
754.282948,0.431257,0.003677,0.081991
764.658224,0.430629,0.004048,0.084783
775.176099,0.434864,0.003933,0.086673
785.838357,0.432495,0.003716,0.086587
796.647754,0.432079,0.003906,0.086230
807.605633,0.435021,0.003959,0.086147
818.714265,0.434067,0.003777,0.084019
829.975648,0.434714,0.003905,0.084047
841.391865,0.435871,0.003742,0.084621
852.965354,0.435433,0.003593,0.083081
864.697737,0.436614,0.003795,0.083115
876.591659,0.435298,0.004005,0.086217
888.649321,0.434252,0.003920,0.087139
900.872531,0.434993,0.003783,0.086703
913.264230,0.434757,0.003911,0.084937
925.826186,0.432581,0.003843,0.085550
938.560775,0.436317,0.004121,0.086268
951.470771,0.434352,0.003769,0.083249
964.558346,0.431290,0.003859,0.086715
977.825855,0.430588,0.004008,0.086228
991.275982,0.428248,0.003849,0.084300
1004.910839,0.430821,0.003992,0.084686
1018.733344,0.432817,0.003963,0.084868
1032.745984,0.433202,0.003970,0.084404
1046.951611,0.432136,0.004315,0.086284
1061.352433,0.429893,0.003963,0.084916
1075.951433,0.428760,0.003821,0.083401
1090.751247,0.427386,0.004251,0.084575
1105.754341,0.430102,0.004031,0.087454
1120.963948,0.429845,0.003860,0.081987
1136.383053,0.427698,0.003978,0.086051
1152.014107,0.432869,0.004094,0.088761
1167.859898,0.434240,0.003968,0.088946
1183.923932,0.431012,0.003819,0.085356
1200.208722,0.430762,0.003914,0.085563
1216.717803,0.430386,0.003845,0.085806
1233.453858,0.430443,0.003844,0.083755
1250.419782,0.432962,0.004106,0.086469
1267.619626,0.430805,0.003715,0.085823
1285.055514,0.430605,0.003829,0.086730
1302.731867,0.428033,0.004322,0.083136
1320.650776,0.431026,0.004032,0.084720
1338.816084,0.432812,0.003726,0.086449
1357.232023,0.431548,0.004283,0.088267
1375.900515,0.427488,0.004024,0.084290
1394.826242,0.432421,0.003890,0.085600
1414.011952,0.430457,0.003868,0.090306
1433.461939,0.429114,0.003815,0.086802
1453.179320,0.427107,0.004077,0.086673
1473.167549,0.431262,0.003869,0.088107
1493.431291,0.431536,0.003803,0.087183
1513.973466,0.435155,0.003785,0.086321
1534.798083,0.434252,0.003784,0.085373
1555.909461,0.432552,0.003895,0.089136
1577.310909,0.433117,0.003881,0.088934
1599.007115,0.429302,0.004310,0.088267
1621.001573,0.431717,0.007018,0.087627
1643.298249,0.430152,0.003905,0.086467
1665.902077,0.433900,0.003979,0.088411
1688.816567,0.433393,0.003939,0.088062
1712.046791,0.429755,0.004292,0.085858
1735.595605,0.429357,0.003905,0.086465
1759.468948,0.429564,0.004084,0.086431
1783.670928,0.428205,0.004003,0.088044
1808.205204,0.427817,0.004473,0.090276
1833.077089,0.431293,0.004326,0.089840
1858.291127,0.433788,0.004730,0.089632
1883.852157,0.429583,0.004037,0.088102
1909.764905,0.430731,0.004031,0.089613
1936.033599,0.424993,0.004103,0.090374
1962.663913,0.422938,0.004078,0.090162
1989.660582,0.427524,0.004064,0.089559
2017.028164,0.426317,0.004194,0.091440
2044.772790,0.427893,0.004805,0.091752
2072.898452,0.427838,0.004036,0.091651
2101.411440,0.429305,0.003818,0.088121
2130.316671,0.429460,0.004227,0.086517
2159.618769,0.426771,0.004114,0.087495
2189.324770,0.429062,0.003913,0.086355
2219.438914,0.430933,0.004494,0.088294
2249.967471,0.429755,0.004172,0.089467
2280.915944,0.430007,0.004099,0.086110
2312.290064,0.432148,0.004030,0.091188
2344.095814,0.430045,0.004073,0.093097
2376.339261,0.426038,0.004497,0.089809
2409.026075,0.427169,0.005030,0.089913
2442.161984,0.429836,0.004328,0.087625
2475.754351,0.429736,0.004041,0.084122
2509.808501,0.431779,0.003999,0.088860
2544.330993,0.431910,0.004186,0.088082
2579.328467,0.432533,0.004276,0.085786
2614.807269,0.429026,0.004198,0.087050
2650.774150,0.430538,0.005214,0.087969
2687.235291,0.432679,0.003804,0.089233
2724.198793,0.428329,0.004312,0.090414
2761.670728,0.430086,0.005180,0.088561
2799.657333,0.430398,0.004580,0.089034
2838.166974,0.432079,0.004589,0.086225
2877.205985,0.424543,0.004660,0.087300
2916.781860,0.429686,0.004419,0.090275
2956.902803,0.426793,0.004180,0.086127
2997.575104,0.430579,0.004158,0.087546
3038.807004,0.429638,0.004298,0.088833
3080.606250,0.430307,0.004365,0.090053
3122.979901,0.430943,0.004055,0.087025
3165.936763,0.427400,0.003848,0.089319
3209.484301,0.427952,0.004327,0.087765
3253.631127,0.427788,0.004252,0.086608
3298.385199,0.427636,0.004515,0.089834
3343.754533,0.424914,0.003859,0.086566
3389.748409,0.431607,0.004203,0.089421
3436.374245,0.429917,0.003929,0.083844
3483.642017,0.429529,0.004096,0.086836
3531.559854,0.429312,0.004183,0.092301
3580.136826,0.424898,0.004050,0.093383
3629.381800,0.420912,0.004321,0.093458
3679.304140,0.425810,0.003866,0.092823
3729.913438,0.426407,0.004375,0.092282
3781.218890,0.427286,0.005022,0.093436
3833.229804,0.424560,0.004267,0.092060
3885.955841,0.428552,0.005276,0.095142
3939.407410,0.424162,0.004510,0.089424
3993.594283,0.427493,0.004067,0.090456
4048.526894,0.430348,0.004747,0.088496
4104.214411,0.428729,0.004750,0.087202
4160.668410,0.427750,0.004060,0.086685
4217.898657,0.425964,0.003952,0.084802
4275.916161,0.427014,0.003956,0.086015
4334.731898,0.425564,0.004005,0.087023
4394.356403,0.424162,0.003800,0.087162
4454.801398,0.427698,0.004094,0.088681
4516.077565,0.427457,0.004034,0.091053
4578.196429,0.427852,0.004161,0.089372
4641.169850,0.426790,0.003966,0.087464
4705.009402,0.424500,0.004066,0.088379
4769.727432,0.427764,0.004910,0.087649
4835.335329,0.421307,0.004222,0.088092
4901.845746,0.425586,0.003877,0.085372
4969.271033,0.425686,0.003984,0.086990
5037.623741,0.428119,0.004171,0.086874
5106.916559,0.428102,0.004121,0.088355
5177.162836,0.430631,0.003966,0.090425
5248.375101,0.427262,0.004218,0.091445
5320.566970,0.430610,0.004675,0.088560
5393.751685,0.429448,0.004055,0.089486
5467.943499,0.428943,0.004429,0.090033
5543.155699,0.426226,0.004425,0.089206
5619.401863,0.424650,0.003726,0.086494
5696.697448,0.425286,0.003982,0.087547
5775.056213,0.429893,0.003986,0.088724
-nan,0.427743,-nan,0.088174
5935.021523,0.425705,0.003903,0.088190
6016.625013,0.429733,0.754881,0.088194
6099.417871,0.432098,-nan,0.089217
6183.315898,0.429829,-nan,0.094479
-nan,0.428283,-nan,0.090340
6354.589860,0.427826,-nan,0.091876
6441.998154,0.426390,-nan,0.089714
6530.608049,0.425764,-nan,0.090584
6620.437215,0.431162,-nan,0.087022
6711.501933,0.429945,-nan,0.086512
6803.819180,0.429798,-nan,0.087707
6897.406192,0.433110,-nan,0.085151
6992.280728,0.429736,-nan,0.088568
7088.460129,0.426726,-nan,0.089217
7185.962873,0.425643,-nan,0.091910
7284.806427,0.426607,-nan,0.091299
7385.009684,0.426398,-nan,0.091904
7486.590831,0.433245,-nan,0.087419
7589.569720,0.429545,-nan,0.089977
7693.964775,0.430717,-nan,0.091996
7799.796104,0.429145,-nan,0.089040
7907.082911,0.430969,-nan,0.088195
8015.845818,0.424162,-nan,0.086922
8126.104443,0.432202,-nan,0.090811
8237.879130,0.435340,-nan,0.085043
8351.192391,0.430500,-nan,0.091126
8466.063874,0.428702,-nan,0.087687
8582.515575,0.429481,-nan,0.088500
8700.568548,0.429638,-nan,0.089717
8820.246033,0.426305,-nan,0.090570
8941.569247,0.425757,-nan,0.093268
9064.561274,0.430114,-nan,0.089002
9189.245173,0.428381,-nan,0.091052
9315.644021,0.430745,-nan,0.087217
9443.781625,0.429271,-nan,0.087495
9573.681670,0.427624,-nan,0.090391
9705.368533,0.430071,-nan,0.088234
9838.866761,0.429748,-nan,0.086042
9974.201405,0.429902,-nan,0.089338
10111.397376,0.436983,-nan,0.087003
10250.480731,0.431531,-nan,0.086960
10391.477234,0.429662,-nan,0.092919
10534.412917,0.424219,-nan,0.093497
10679.314897,0.419417,-nan,0.092883
10826.209721,0.424552,-nan,0.090550
10975.125328,0.423490,-nan,0.091482
11126.089272,0.430395,-nan,0.091332
11279.129343,0.425455,-nan,0.090399
11434.274958,0.425093,-nan,0.087574
11591.554470,0.426362,-nan,0.090910
11750.997688,0.427212,-nan,0.092463
11912.633697,0.426819,-nan,0.093878
12076.493028,0.428024,-nan,0.089122
12242.606630,0.422276,-nan,0.091353
12411.004293,0.421226,-nan,0.091729
12581.719043,0.429000,-nan,0.089525
12754.646114,0.425245,-nan,0.091750
12930.225122,0.427864,-nan,0.093412
13108.081554,0.424819,-nan,0.091216
13288.384519,0.423464,-nan,0.092177
13471.008470,0.424360,-nan,0.092043
13656.464094,0.429486,-nan,0.090833
13844.310516,0.429210,-nan,0.090924
14034.740290,0.429605,-nan,0.090981
14227.789362,0.426033,-nan,0.085470
14423.494177,0.427460,-nan,0.089592
14621.890739,0.426660,-nan,0.091378
14823.016156,0.428960,-nan,0.094494
15026.908692,0.429881,-nan,0.088534
15233.604877,0.429929,-nan,0.091809
15443.144823,0.430886,-nan,0.093588
15655.566566,0.428081,-nan,0.091672
15870.910465,0.423438,-nan,0.092149
16089.216129,0.425524,-nan,0.092500
16310.525294,0.426143,-nan,0.092237
16534.878050,0.426886,-nan,0.095707
16762.316946,0.422274,-nan,0.086508
16992.884314,0.424402,-nan,0.091938
17226.622796,0.428964,-nan,0.092412
17463.576660,0.422524,-nan,0.091260
17703.790306,0.428379,-nan,0.093938
17947.307464,0.424026,-nan,0.091174
18194.174309,0.426762,-nan,0.092567
18444.437078,0.424148,-nan,0.091928
18698.142134,0.429962,-nan,0.092089
18955.336779,0.426560,-nan,0.089216
19216.069414,0.425702,-nan,0.088974
19480.388461,0.428429,-nan,0.088932
19748.342709,0.427193,-nan,0.088625
20019.983166,0.429014,-nan,0.092261
20295.360357,0.428929,-nan,0.091775
20574.524857,0.428898,-nan,0.090639
20857.529717,0.425576,-nan,0.092846
21144.426969,0.424105,-nan,0.094066
21435.270469,0.425550,-nan,0.095391
21730.114734,0.424388,-nan,0.095668
22029.014622,0.426236,-nan,0.092721
22332.025843,0.422807,-nan,0.095435
22639.205023,0.432764,-nan,0.093685
22950.609532,0.429095,-nan,0.089436
23266.297590,0.430198,-nan,0.090024
23586.327658,0.428476,-nan,0.094555
23910.707109,0.424560,-nan,0.094749
24239.654779,0.426493,-nan,0.094493
24573.073746,0.425357,-nan,0.095777
24911.078858,0.423233,-nan,0.096702
25253.733341,0.430688,-nan,0.092309
25601.100552,0.425836,-nan,0.094777
25953.246660,0.426879,-nan,0.095020
26310.235665,0.428386,-nan,0.087245
26672.135979,0.424657,-nan,0.089571
27039.013880,0.433319,-nan,0.095030
27410.779674,0.427145,-nan,0.094235
27787.978169,0.429752,-nan,0.092399
28170.204403,0.431912,-nan,0.091652
28557.688621,0.429307,-nan,0.093828
28950.502733,0.429462,-nan,0.094938
29348.719298,0.430502,-nan,0.092540
29752.413731,0.434145,-nan,0.090638
30161.661861,0.427386,-nan,0.092882
30576.538016,0.434040,-nan,0.090933
30997.121645,0.430233,-nan,0.096770
31423.490058,0.426607,-nan,0.093947
31855.723279,0.430431,-nan,0.092670
32293.901957,0.425390,-nan,0.090125
32738.107753,0.432043,-nan,0.095655
33188.423814,0.426898,-nan,0.094116
33644.933748,0.426890,-nan,0.098502
34107.723188,0.425245,-nan,0.094746
34576.878700,0.430945,-nan,0.095906
35052.486974,0.428788,-nan,0.093894
35534.637180,0.421588,-nan,0.089908
36023.420036,0.422057,-nan,0.089809
36518.925398,0.428681,-nan,0.091545
37021.247053,0.428279,-nan,0.094691
37530.478253,0.422081,-nan,0.093858
38046.713446,0.427221,-nan,0.093459
38570.049771,0.428200,-nan,0.092558
39100.584774,0.430857,-nan,0.089689
39638.417219,0.428250,-nan,0.089255
40183.399470,0.431236,-nan,0.091723
40736.377943,0.425524,-nan,0.093626
41296.710857,0.421119,-nan,0.095522
41864.750908,0.425331,-nan,0.090903
42440.605245,0.426662,-nan,0.095545
43024.379759,0.429983,-nan,0.093716
43615.814783,0.425202,-nan,0.098473
44216.129708,0.425707,-nan,0.099187
44824.327086,0.423221,-nan,0.097251
45440.890210,0.422221,-nan,0.092515
46065.934021,0.424936,-nan,0.097018
46699.575504,0.426119,-nan,0.097503
47341.933117,0.422776,-nan,0.098448
47993.126226,0.428164,-nan,0.093027
48653.276286,0.426793,-nan,0.095800
49322.360591,0.422790,-nan,0.099781
50000.943139,0.423598,-nan,0.098372
50688.710970,0.428469,-nan,0.093208
51385.939083,0.423621,-nan,0.098234
52092.758124,0.421371,-nan,0.095571
52809.299464,0.427340,-nan,0.096645
53535.696625,0.424645,-nan,0.100414
54272.085465,0.422457,-nan,0.094604
55018.603841,0.425695,-nan,0.099146
55775.390155,0.426529,-nan,0.100626
56542.586049,0.423179,-nan,0.095864
57319.902003,0.424738,-nan,0.101019
58108.782122,0.428040,-nan,0.098977
58908.074115,0.426710,-nan,0.098590
59718.361030,0.421683,-nan,0.098789
60538.454071,0.425807,-nan,0.099591
61372.523988,0.426743,-nan,0.099094
62216.709119,0.421333,-nan,0.103146
63072.506532,0.420462,-nan,0.105999
63940.074996,0.427179,-nan,0.102381
64819.172247,0.421457,-nan,0.101316
65711.177178,0.428098,-nan,0.099497
66615.041248,0.422043,-nan,0.100738
67531.337765,0.423188,-nan,0.099803
68460.238310,0.418714,-nan,0.102049
69401.915572,0.427098,-nan,0.101865
70356.546021,0.422860,-nan,0.096789
71324.307781,0.418502,-nan,0.099062
72305.380545,0.425674,-nan,0.099386
73299.948568,0.424969,-nan,0.100273
74308.196774,0.418450,-nan,0.101627
75330.313488,0.422519,-nan,0.102127
76366.489696,0.416962,-nan,0.101236
77416.918409,0.421212,-nan,0.100612
78481.796240,0.417740,-nan,0.104600
79561.321021,0.423350,-nan,0.102341
80655.694680,0.428764,-nan,0.100844
81764.777399,0.419090,-nan,0.105276
82889.693763,0.416231,-nan,0.105017
84029.518796,0.420743,-nan,0.103890
85185.808356,0.422469,-nan,0.103731
86357.064987,0.420955,-nan,0.107530
87545.404798,0.419698,-nan,0.104935
88749.600745,0.415586,-nan,0.102449
89969.943362,0.420760,-nan,0.100017
91207.911593,0.423186,-nan,0.102032
92462.374384,0.425976,-nan,0.107661
93733.057087,0.417700,-nan,0.104723
95023.642107,0.424467,-nan,0.110634
96330.228814,0.414726,-nan,0.110938
97655.740081,0.416829,-nan,0.107608
98999.005127,0.418329,-nan,0.110914
100360.746644,0.412698,-nan,0.110537
101741.218690,0.417893,-nan,0.109449
103140.679922,0.416402,-nan,0.108488
104559.390182,0.416362,-nan,0.108320
105997.614977,0.421210,-nan,0.104663
107455.623554,0.413062,-nan,0.107923
108933.686222,0.413243,-nan,0.109586
110432.080339,0.415148,-nan,0.108378
111951.084665,0.418402,-nan,0.108568
113490.331049,0.421324,-nan,0.110107
115050.699067,0.414826,-nan,0.108577
116634.616125,0.419610,-nan,0.108047
118238.937244,0.418433,-nan,0.112065
119865.325818,0.420107,-nan,0.110342
121514.085384,0.420390,-nan,0.109013
123185.524550,0.419629,-nan,0.110538
124879.953784,0.419779,-nan,0.108134
126597.690270,0.418462,-nan,0.109354
128338.888694,0.423021,-nan,0.106910
130104.371285,0.414131,-nan,0.113198
131893.970031,0.420162,-nan,0.112536
133708.185386,0.422286,-nan,0.111736
135543.246474,0.414464,-nan,0.111018
137411.822569,0.420152,-nan,0.113185
139298.908010,0.422724,-nan,0.115537
141218.048481,0.413779,-nan,0.112958
143160.517020,0.413490,-nan,0.110612
145129.704872,0.414964,-nan,0.116256
147125.978434,0.418795,-nan,0.114612
149149.711374,0.418198,-nan,0.112191
151201.280912,0.409093,-nan,0.115322
153281.069961,0.417224,-nan,0.115244
155389.466547,0.414457,-nan,0.112906
157526.864787,0.418348,-nan,0.117802
159693.662614,0.418864,-nan,0.113807
161889.863924,0.414071,-nan,0.111775
164117.082386,0.417864,-nan,0.115392
166371.370700,0.415479,-nan,0.117737
168663.028252,0.410260,-nan,0.115312
170983.005411,0.416964,-nan,0.116942
173333.881060,0.416793,-nan,0.113667
175719.133458,0.413038,-nan,0.114517
178136.168173,0.406267,-nan,0.116777
180586.449375,0.418340,-nan,0.118724
183070.434668,0.407902,-nan,0.118181
185588.587043,0.421683,-nan,0.115957
188141.376772,0.418733,-nan,0.121288
190729.280585,0.419102,-nan,0.119485
193350.989739,0.416371,-nan,0.117601
196011.733951,0.410317,-nan,0.121358
198708.539007,0.411567,-nan,0.117654
201437.022835,0.412762,-nan,0.119187
204212.647843,0.409212,-nan,0.125105
207016.406931,0.410143,-nan,0.122788
209869.217087,0.413971,-nan,0.122235
212754.800568,0.409367,-nan,0.124625
215682.470107,0.409867,-nan,0.121056
218648.505202,0.406295,-nan,0.120525
221656.746556,0.413410,-nan,0.121826
224705.657687,0.409286,-nan,0.123201
227796.507215,0.402864,-nan,0.123576
230922.823574,0.409257,-nan,0.126223
234105.568560,0.410664,-nan,0.122808
237326.491801,0.408814,-nan,0.123796
240590.942259,0.410257,-nan,0.128851
243896.613008,0.403243,-nan,0.130383
247252.539194,0.402412,-nan,0.125766
250656.188784,0.401074,-nan,0.128939
254102.573252,0.410252,-nan,0.131976
257599.216655,0.403917,-nan,0.126712
261139.845353,0.409143,-nan,0.130039
264734.562806,0.399050,-nan,0.130094
268376.013615,0.397550,-nan,0.130022
272064.845173,0.402876,-nan,0.130343
275804.377397,0.402614,-nan,0.133903
279603.219457,0.401674,-nan,0.133549
283449.640035,0.401781,-nan,0.133796
287348.518760,0.398993,-nan,0.132944
291299.058382,0.402352,-nan,0.131641
295307.902661,0.400590,-nan,0.133324
299366.215534,0.402750,-nan,0.136872
303480.125446,0.401912,-nan,0.138184
307662.261930,0.401469,-nan,0.138596
311890.136120,0.405648,-nan,0.136710
316183.135988,0.400790,-nan,0.136688
320533.472040,0.393098,-nan,0.138740
324942.036883,0.402210,-nan,0.138041
329412.059132,0.396788,-nan,0.137771
333943.155429,0.404129,-nan,0.139441
338536.577901,0.403731,-nan,0.139150
343193.183384,0.398267,-nan,0.140358
347913.840634,0.404017,-nan,0.138147
352699.266970,0.400002,-nan,0.140994
357535.747742,0.396288,-nan,0.142218
362466.472640,0.396590,-nan,0.140969
367445.926199,0.393131,-nan,0.144120
372509.173009,0.393114,-nan,0.142850
377630.773295,0.397383,-nan,0.143253
382827.456468,0.394202,-nan,0.144372
388087.195957,0.389021,-nan,0.145642
393422.780388,0.389274,-nan,0.143888
398835.011210,0.388540,-nan,0.145092
404326.953552,0.387562,-nan,0.147338
409881.998449,0.388776,-nan,0.151338
415529.055272,0.389040,-nan,0.148463
421241.636145,0.396281,-nan,0.149086
427031.710539,0.389212,-nan,0.150604
432907.667563,0.384260,-nan,0.150141
438863.917561,0.392862,-nan,0.153091
444904.360749,0.386267,-nan,0.152030
451024.065217,0.381907,-nan,0.149050
457227.947670,0.386695,-nan,0.151821
463517.165094,0.386850,-nan,0.152095
469891.151231,0.390157,-nan,0.153215
476353.336224,0.390138,-nan,0.152788
482908.646001,0.384724,-nan,0.152554
489538.023667,0.381038,-nan,0.151411
496283.676419,0.384126,-nan,0.153913
503109.003041,0.376836,-nan,0.153503
510022.136068,0.384619,-nan,0.154872
517031.268922,0.384138,-nan,0.158159
524150.234076,0.377512,-nan,0.157820
531363.602159,0.380290,-nan,0.158987
538678.207407,0.377843,-nan,0.160450
546079.741341,0.380467,-nan,0.159526
553593.560160,0.378290,-nan,0.162583
561214.089623,0.378740,-nan,0.164000
568933.646791,0.384302,-nan,0.162287
576759.387532,0.374888,-nan,0.161613
584682.432389,0.373195,-nan,0.159639
592732.660352,0.383700,-nan,0.164822
600854.971019,0.374629,-nan,0.164271
609153.391793,0.373205,-nan,0.164524
617531.382230,0.376386,-nan,0.163553
626022.334872,0.379129,-nan,0.166348
634635.017041,0.375705,-nan,0.168194
643367.468131,0.374367,-nan,0.166934
652201.783662,0.377033,-nan,0.168700
661172.982128,0.368036,-nan,0.168791
670277.875525,0.369855,-nan,0.170576
679495.843918,0.366712,-nan,0.170500
688817.068575,0.364617,-nan,0.171677
698320.193990,0.367231,-nan,0.173180
707918.285541,0.363479,-nan,0.172672
717656.025123,0.364690,-nan,0.175277
727507.373562,0.363052,-nan,0.177973
737531.159812,0.362462,-nan,0.176880
747689.064823,0.360581,-nan,0.179085
757976.138061,0.362017,-nan,0.177587
768378.993267,0.359983,-nan,0.179188
778961.256210,0.358838,-nan,0.177892
789686.828778,0.360012,-nan,0.179375
800515.117399,0.351719,-nan,0.177108
811551.735144,0.355000,-nan,0.181195
822694.571415,0.347793,-nan,0.179224
834020.049885,0.350305,-nan,0.181154
