0.000000,0.995000,0.000000,-nan
1.003051,0.850740,0.001725,0.029047
1.014164,0.849470,0.001767,0.029235
1.025431,0.848265,0.001750,0.028797
1.036959,0.847445,0.001705,0.028910
1.048592,0.846560,0.001664,0.028951
1.060398,0.845045,0.001676,0.028919
1.072382,0.843645,0.001704,0.029303
1.084493,0.843205,0.001696,0.029304
1.096548,0.841935,0.001695,0.029149
1.108675,0.840855,0.001693,0.029180
1.121222,0.839665,0.001698,0.028534
1.133717,0.838690,0.001727,0.028444
1.146561,0.837730,0.001714,0.028318
1.159377,0.836540,0.001753,0.028563
1.172381,0.835795,0.001696,0.028302
1.185463,0.834705,0.001739,0.028105
1.198666,0.833595,0.001750,0.028046
1.212266,0.832365,0.001822,0.028254
1.226059,0.831475,0.001707,0.028337
1.239613,0.830635,0.001727,0.028079
1.253418,0.829635,0.001728,0.027668
1.267434,0.828865,0.001775,0.027667
1.281928,0.827550,0.001763,0.027472
1.296032,0.826840,0.001684,0.027873
1.310544,0.825760,0.001812,0.028114
1.325327,0.824265,0.001725,0.028484
1.340345,0.823120,0.001788,0.028790
1.355273,0.821945,0.001699,0.028743
1.370401,0.820675,0.001817,0.029021
1.385645,0.819610,0.001708,0.028899
1.401401,0.818505,0.001776,0.028837
1.417007,0.816920,0.001796,0.028784
1.433008,0.815325,0.001744,0.028993
1.449159,0.814255,0.001758,0.029200
1.465361,0.813110,0.001811,0.029378
1.481795,0.812020,0.001811,0.029224
1.498443,0.810940,0.001855,0.029761
1.515139,0.809560,0.001715,0.029760
1.532317,0.808625,0.001775,0.029739
1.549346,0.806905,0.001806,0.030020
1.566817,0.805735,0.001810,0.030618
1.584330,0.804500,0.001803,0.030721
1.602139,0.803250,0.001789,0.030742
1.620068,0.801880,0.001769,0.030659
1.638260,0.800760,0.001800,0.030984
1.656629,0.799510,0.001804,0.030638
1.675476,0.798215,0.001784,0.030167
1.694181,0.797030,0.001780,0.029960
1.713303,0.795830,0.001753,0.030010
1.732267,0.794965,0.001754,0.029997
1.751747,0.794070,0.001823,0.029936
1.771524,0.792650,0.001742,0.030215
1.791250,0.791730,0.001773,0.030138
1.811330,0.789915,0.001843,0.029951
1.831732,0.789270,0.001831,0.029992
1.852240,0.787865,0.001799,0.030297
1.873088,0.786440,0.001850,0.030933
1.894052,0.785970,0.001873,0.031421
1.915394,0.784590,0.001803,0.031589
1.936831,0.783405,0.001846,0.031569
1.958614,0.782020,0.001804,0.031446
1.980373,0.781005,0.001916,0.031637
2.002881,0.779200,0.001863,0.031692
2.025323,0.778245,0.001788,0.031593
2.048119,0.777120,0.001941,0.031357
2.070952,0.776010,0.001868,0.031422
2.094212,0.775145,0.001876,0.031259
2.117734,0.774100,0.001805,0.031513
2.141627,0.772750,0.001895,0.030987
2.165543,0.771505,0.001850,0.031022
2.189837,0.770190,0.001900,0.031429
2.214469,0.769715,0.001858,0.030893
2.239468,0.768245,0.001876,0.030884
2.264482,0.766920,0.001866,0.030693
2.289988,0.765595,0.001916,0.030663
2.315616,0.764075,0.001980,0.030605
2.341468,0.763135,0.001945,0.030791
2.367745,0.762425,0.001897,0.030625
2.394329,0.761280,0.001898,0.030689
2.421174,0.760640,0.001962,0.030539
2.448616,0.758880,0.001903,0.031025
2.476042,0.758045,0.001869,0.031045
2.503715,0.756480,0.001924,0.031158
2.531841,0.755070,0.001949,0.030889
2.560494,0.754810,0.001914,0.031153
2.588948,0.753355,0.001859,0.031550
2.618201,0.751940,0.001971,0.031872
2.647310,0.750325,0.001916,0.032282
2.677275,0.748365,0.001885,0.032417
2.707266,0.747245,0.002031,0.033216
2.737464,0.745630,0.001881,0.033829
2.768422,0.744820,0.001936,0.033672
2.799589,0.743445,0.001965,0.034496
2.830980,0.742595,0.002020,0.034742
2.862726,0.741705,0.001998,0.034782
2.894851,0.740860,0.001904,0.035047
2.927367,0.738525,0.001993,0.035832
2.960193,0.737760,0.001940,0.035685
2.993425,0.736750,0.001979,0.035827
3.026976,0.735570,0.001932,0.035222
3.061025,0.734580,0.002064,0.035269
3.095475,0.733300,0.002022,0.035885
3.130196,0.731390,0.001918,0.035002
3.165266,0.729890,0.001979,0.035282
3.200873,0.728475,0.002014,0.035539
3.236800,0.727675,0.001964,0.036162
3.272976,0.727190,0.002056,0.035899
3.310106,0.726200,0.001994,0.036495
3.347064,0.724905,0.002002,0.037975
3.384626,0.724030,0.002039,0.037226
3.422656,0.722875,0.002021,0.036667
3.460999,0.721140,0.002017,0.036195
3.500199,0.720305,0.001930,0.036356
3.539360,0.719300,0.002053,0.035702
3.579127,0.718075,0.002019,0.036237
3.618938,0.717690,0.002030,0.036722
3.659780,0.716830,0.002044,0.037224
3.700915,0.715715,0.002016,0.037014
3.742471,0.714675,0.002084,0.036268
3.784411,0.713635,0.002060,0.036623
3.826973,0.712375,0.002123,0.036973
3.869966,0.710800,0.002143,0.037251
3.913219,0.710045,0.002097,0.037649
3.957457,0.708460,0.002147,0.038998
4.001891,0.707550,0.002110,0.039156
4.046794,0.706445,0.002038,0.039696
4.092356,0.704960,0.002083,0.040755
4.138178,0.703110,0.002124,0.041314
4.184751,0.701820,0.002074,0.042096
4.231753,0.700480,0.002013,0.042925
4.279034,0.699260,0.002112,0.041992
4.327281,0.697840,0.002072,0.041695
4.375755,0.697110,0.002102,0.041641
4.425068,0.696995,0.002028,0.042206
4.474889,0.695815,0.002085,0.042088
4.525043,0.693560,0.002102,0.041848
4.575825,0.691995,0.002209,0.041623
4.627327,0.691660,0.002139,0.041765
4.679278,0.690330,0.002139,0.041145
4.731935,0.688905,0.002123,0.040313
4.784812,0.687455,0.002122,0.040295
4.838683,0.687175,0.002161,0.040420
4.892865,0.685315,0.002244,0.040601
4.948176,0.684815,0.002098,0.041016
5.003286,0.683520,0.002096,0.041916
5.059860,0.681915,0.002154,0.042121
5.116501,0.681695,0.002172,0.042539
5.173884,0.681000,0.002182,0.042474
5.232379,0.680465,0.002149,0.042575
5.291016,0.678785,0.002070,0.042679
5.350286,0.677090,0.002156,0.043030
5.410329,0.676300,0.002200,0.042169
5.471420,0.674595,0.002165,0.042615
5.532637,0.673690,0.002161,0.043213
5.594945,0.672700,0.002215,0.043562
5.657426,0.671465,0.002267,0.043847
5.721235,0.670695,0.002229,0.043843
5.785549,0.670300,0.002198,0.044808
5.850322,0.670005,0.002222,0.044451
5.916304,0.669580,0.002143,0.045277
5.982711,0.668810,0.002232,0.045464
6.049980,0.667910,0.002195,0.045285
6.117739,0.666020,0.002186,0.044773
6.186754,0.665095,0.002303,0.044778
6.255852,0.663420,0.002178,0.045832
6.326244,0.661660,0.002256,0.045662
6.397434,0.661510,0.002090,0.045805
6.469225,0.660135,0.002222,0.044883
6.542016,0.659125,0.002143,0.044933
6.615521,0.657910,0.002072,0.045319
6.689810,0.657425,0.002238,0.045804
6.764790,0.657755,0.002221,0.045771
6.840824,0.656410,0.002223,0.045735
6.917753,0.655815,0.002275,0.046731
6.995493,0.654200,0.002220,0.048183
7.074150,0.653315,0.002209,0.048403
7.153724,0.652405,0.002224,0.047400
7.234020,0.651265,0.002288,0.047700
7.315119,0.650120,0.002256,0.047077
7.397058,0.649205,0.002218,0.046048
7.480308,0.647885,0.002336,0.045778
7.564198,0.646005,0.002228,0.046446
7.649280,0.644705,0.002162,0.046170
7.735140,0.644010,0.002307,0.046999
7.822127,0.642970,0.002245,0.047840
7.910128,0.641520,0.002299,0.047907
7.998898,0.640960,0.002326,0.048111
8.088783,0.639630,0.002316,0.048436
8.179886,0.638020,0.002352,0.047924
8.271613,0.637255,0.002329,0.047376
8.364297,0.636090,0.002337,0.049097
8.458353,0.635635,0.002302,0.049329
8.553649,0.635195,0.002249,0.049682
8.649670,0.634040,0.002337,0.050307
8.746678,0.632985,0.002269,0.051328
8.845051,0.632700,0.002259,0.051258
8.944186,0.630710,0.002369,0.050699
9.044915,0.629820,0.002337,0.051666
9.146557,0.629375,0.002307,0.051689
9.249135,0.628680,0.002292,0.051885
9.353194,0.627895,0.002413,0.051892
9.458304,0.626680,0.002335,0.051417
9.564794,0.627190,0.002496,0.051714
9.672236,0.626655,0.002379,0.051433
9.780615,0.624740,0.002327,0.051031
9.890841,0.624470,0.002326,0.050393
10.001764,0.623510,0.002400,0.051318
10.113938,0.622825,0.002350,0.051442
10.227692,0.622490,0.002360,0.052287
10.342642,0.622000,0.002341,0.052019
10.458654,0.621040,0.002420,0.050729
10.576243,0.620635,0.002462,0.050791
10.695301,0.618445,0.002263,0.050389
10.815230,0.617010,0.002560,0.050357
10.936709,0.615190,0.002428,0.050401
11.059653,0.612755,0.002371,0.050753
11.183795,0.611510,0.002484,0.050023
11.309617,0.609855,0.002294,0.049304
11.436574,0.608560,0.002470,0.050040
11.565167,0.606805,0.002581,0.050420
11.695099,0.604425,0.002456,0.048870
11.826527,0.603535,0.002487,0.048221
11.959419,0.602620,0.002377,0.049055
12.093805,0.601450,0.002558,0.047752
12.229833,0.600740,0.002509,0.048104
12.366820,0.599635,0.002480,0.048221
12.506195,0.597945,0.002513,0.048637
12.646642,0.596750,0.002533,0.049816
12.788707,0.596260,0.002503,0.050128
12.932164,0.595055,0.002488,0.050403
13.077814,0.594960,0.002541,0.050674
13.224617,0.593290,0.002546,0.050097
13.373414,0.593210,0.002465,0.050037
13.523482,0.591835,0.002483,0.050942
13.675461,0.590810,0.002477,0.050312
13.828884,0.590705,0.002460,0.050869
13.984195,0.589195,0.002619,0.052097
14.141418,0.589370,0.002585,0.049994
14.300566,0.587260,0.002510,0.049548
14.461310,0.586235,0.002475,0.049902
14.623884,0.586410,0.002587,0.050559
14.787906,0.585555,0.002449,0.050755
14.954200,0.585950,0.002561,0.051824
15.121997,0.584690,0.002535,0.051403
15.291870,0.583335,0.002448,0.051968
15.463984,0.583200,0.002516,0.050554
15.637744,0.583885,0.002567,0.050133
15.813365,0.584150,0.002502,0.052208
15.991177,0.583135,0.002530,0.052837
16.170805,0.581160,0.002387,0.052586
16.352398,0.579865,0.002634,0.052862
16.536149,0.579020,0.002567,0.052582
16.721932,0.577900,0.002452,0.052435
16.910045,0.578465,0.002678,0.051456
17.099937,0.579840,0.002593,0.050511
17.291906,0.579360,0.002467,0.050755
17.486232,0.577490,0.002643,0.052455
17.683058,0.578375,0.002528,0.052464
17.881560,0.576810,0.002526,0.052367
18.082284,0.576695,0.002558,0.054532
18.285765,0.576000,0.002547,0.054494
18.491100,0.574275,0.002586,0.053931
18.698716,0.573675,0.002531,0.054526
18.909147,0.572665,0.002580,0.054120
19.121238,0.574120,0.002521,0.052979
19.336487,0.571755,0.002648,0.052368
19.553757,0.570600,0.002665,0.053669
19.773377,0.570955,0.002721,0.055108
19.995271,0.571900,0.002623,0.055714
20.220340,0.571310,0.002554,0.056003
20.447573,0.569575,0.002470,0.055468
20.677271,0.569140,0.002687,0.054388
20.909590,0.567575,0.002500,0.055169
21.144674,0.567095,0.002592,0.055567
21.382129,0.566855,0.002708,0.056506
21.622285,0.567755,0.002573,0.056108
21.865421,0.567680,0.002677,0.056540
22.111083,0.565125,0.002646,0.057783
22.359559,0.563980,0.002466,0.057941
22.610614,0.561340,0.002642,0.058517
22.864881,0.561230,0.002848,0.057786
23.121712,0.560090,0.002642,0.058270
23.381521,0.558345,0.002676,0.058488
23.644377,0.556555,0.002693,0.059216
23.910275,0.557515,0.002648,0.059237
24.178731,0.555190,0.002700,0.058859
24.450727,0.554680,0.002757,0.058035
24.725436,0.554030,0.002559,0.056701
25.003105,0.552165,0.002661,0.056959
25.283878,0.552250,0.002751,0.056919
25.568429,0.552060,0.002740,0.057365
25.855436,0.551150,0.002610,0.057388
26.146049,0.548990,0.002704,0.054874
26.439919,0.548730,0.002692,0.053345
26.736931,0.548535,0.002604,0.055043
27.037484,0.546235,0.002645,0.057515
27.341367,0.546195,0.002748,0.058087
27.648518,0.545740,0.002638,0.057567
27.959338,0.546815,0.002784,0.058150
28.273638,0.546130,0.002569,0.056779
28.591405,0.545375,0.002619,0.055103
28.912364,0.544610,0.002737,0.054696
29.237406,0.544765,0.002723,0.055850
29.565912,0.542395,0.002678,0.057610
29.898161,0.541530,0.002735,0.058737
30.233958,0.540075,0.002873,0.057891
30.573929,0.539865,0.002900,0.058473
30.917717,0.539875,0.002768,0.059217
31.264643,0.538030,0.002674,0.060475
31.616541,0.536380,0.002671,0.060677
31.971647,0.536615,0.002763,0.059480
32.330879,0.535910,0.002720,0.059030
32.694141,0.536860,0.002772,0.059455
33.061523,0.537610,0.002750,0.060278
33.433063,0.536595,0.002792,0.059372
33.809060,0.536565,0.002735,0.058735
34.189123,0.533415,0.002771,0.058613
34.572816,0.531800,0.002673,0.058409
34.961387,0.532995,0.002732,0.056942
35.354562,0.532100,0.002859,0.056654
35.751720,0.530140,0.002914,0.057959
36.153276,0.529485,0.002802,0.058454
36.559783,0.528185,0.002719,0.058747
36.970727,0.526130,0.002839,0.057134
37.386096,0.526355,0.002813,0.056875
37.806292,0.524885,0.002911,0.058790
38.231083,0.525275,0.002896,0.061520
38.660980,0.525460,0.002894,0.061211
39.095017,0.523230,0.002803,0.063799
39.534633,0.522305,0.002957,0.063533
39.978582,0.522165,0.002835,0.060377
40.428271,0.522800,0.002828,0.058465
40.882459,0.524045,0.002881,0.058337
41.341944,0.521920,0.002910,0.060441
41.806649,0.521365,0.002808,0.062441
42.276286,0.518955,0.002960,0.061547
42.751601,0.518825,0.002925,0.058962
43.232011,0.519200,0.003114,0.060964
43.717803,0.520560,0.002859,0.061200
44.208711,0.518845,0.002908,0.062298
44.705853,0.518245,0.002820,0.062507
45.208322,0.516690,0.002915,0.063122
45.716179,0.514570,0.002942,0.063449
46.230146,0.515320,0.003062,0.064222
46.749675,0.515040,0.002908,0.065693
47.274900,0.515225,0.002881,0.066987
47.806411,0.512915,0.002917,0.065839
48.343675,0.512365,0.002840,0.066092
48.886874,0.514240,0.002853,0.067830
49.436497,0.510955,0.002872,0.067041
49.991587,0.510155,0.002968,0.066671
50.553716,0.508630,0.002954,0.065355
51.121841,0.505395,0.002961,0.065730
51.696247,0.508845,0.002828,0.063336
52.277171,0.507360,0.002960,0.063178
52.864634,0.506195,0.003037,0.063188
53.458714,0.504360,0.003096,0.063136
54.059522,0.504480,0.003024,0.063632
54.667289,0.503945,0.003044,0.065783
55.281499,0.503415,0.003035,0.064885
55.903027,0.502885,0.003044,0.066183
56.531181,0.502765,0.003070,0.063786
57.166532,0.505060,0.003036,0.062766
57.808723,0.502760,0.003086,0.063996
58.458539,0.499570,0.003132,0.064091
59.115286,0.498365,0.003116,0.066003
59.779699,0.496745,0.002971,0.063571
60.451525,0.496870,0.003189,0.062960
61.130926,0.495665,0.003059,0.066368
61.817877,0.494335,0.003120,0.066625
62.512803,0.493140,0.002950,0.064933
63.215126,0.490930,0.003033,0.065377
63.926125,0.491810,0.003044,0.065467
64.643934,0.491520,0.003148,0.065109
65.370657,0.489880,0.003039,0.063442
66.105307,0.490235,0.002992,0.064098
66.848059,0.489815,0.003102,0.063460
67.599262,0.490775,0.003180,0.066726
68.358890,0.491205,0.003092,0.065037
69.127345,0.487665,0.003165,0.067641
69.904139,0.491595,0.003089,0.066820
70.689953,0.492440,0.003070,0.066281
71.484402,0.492020,0.003098,0.063869
72.287663,0.492575,0.003072,0.067539
73.100204,0.491185,0.003093,0.067282
73.921918,0.490060,0.003025,0.067351
74.752473,0.491395,0.003118,0.066886
75.592643,0.489540,0.003110,0.068759
76.441938,0.488185,0.003176,0.066664
77.301226,0.488245,0.003245,0.065596
78.169921,0.488310,0.003259,0.067568
79.048513,0.486425,0.003126,0.065156
79.936671,0.487585,0.003175,0.064896
80.835310,0.487175,0.003382,0.066403
81.743408,0.484530,0.003028,0.067178
82.662008,0.485025,0.003139,0.067836
83.591503,0.485545,0.003078,0.068579
84.530609,0.483285,0.003276,0.067679
85.480699,0.483610,0.003068,0.065954
86.441308,0.482740,0.003142,0.065314
87.412742,0.480620,0.003220,0.065624
88.394890,0.481395,0.003033,0.064952
89.388590,0.481260,0.003072,0.066523
90.393265,0.480795,0.003233,0.067706
91.409179,0.480290,0.003305,0.068571
92.436593,0.481165,0.003263,0.068256
93.475030,0.480810,0.003105,0.067820
94.525827,0.480360,0.003271,0.068496
95.587899,0.479655,0.003077,0.066444
96.662425,0.478435,0.003183,0.066427
97.748766,0.479450,0.003193,0.067294
98.847467,0.479015,0.003306,0.068250
99.958473,0.480105,0.003318,0.070053
101.081835,0.479250,0.003293,0.072329
102.217774,0.477870,0.003426,0.071694
103.366471,0.475670,0.003080,0.071243
104.528467,0.472640,0.003156,0.068809
105.702777,0.472735,0.003202,0.068839
106.890701,0.474025,0.003136,0.069640
108.092306,0.472860,0.003351,0.070165
109.306781,0.470575,0.003164,0.069489
110.535446,0.468500,0.003175,0.071830
111.777454,0.469280,0.003148,0.070987
113.033925,0.467675,0.003374,0.069172
114.304404,0.469485,0.003498,0.071286
115.588762,0.471950,0.003344,0.070030
116.887957,0.470270,0.003195,0.071647
118.201649,0.465700,0.003345,0.071881
119.530149,0.464025,0.003468,0.074290
120.873428,0.467325,0.003490,0.076327
122.231737,0.469825,0.003452,0.075189
123.605876,0.467995,0.003387,0.074151
124.994402,0.466720,0.003501,0.073832
126.399575,0.466280,0.003399,0.074118
127.819875,0.467645,0.003269,0.072229
129.256581,0.466515,0.003382,0.074270
130.709590,0.466490,0.003470,0.072712
132.178428,0.467020,0.003382,0.073563
133.663619,0.464735,0.003248,0.073755
135.165875,0.462550,0.003422,0.073692
136.685364,0.463205,0.003404,0.073908
138.221433,0.462360,0.003458,0.073220
139.775128,0.462035,0.003330,0.072706
141.345367,0.465450,0.003413,0.073466
142.934071,0.464550,0.003482,0.071149
144.540595,0.461200,0.003246,0.072724
146.165035,0.462815,0.003438,0.072690
147.807905,0.462960,0.003354,0.071251
149.468663,0.464195,0.003339,0.069936
151.148850,0.464780,0.003325,0.071170
152.847665,0.461310,0.003405,0.069924
154.565049,0.460105,0.003400,0.071182
156.302757,0.456825,0.003298,0.072979
158.058886,0.460620,0.003236,0.071169
159.835570,0.461600,0.003385,0.073699
161.631848,0.458640,0.003608,0.074104
163.448365,0.459185,0.003331,0.072103
165.285175,0.459820,0.003323,0.076152
167.142943,0.461245,0.003247,0.075549
169.021311,0.458895,0.003522,0.073494
170.920512,0.458990,0.003277,0.074147
172.841769,0.460475,0.003257,0.072516
174.784276,0.461215,0.003393,0.075346
176.748746,0.460655,0.003424,0.072123
178.735015,0.461460,0.003426,0.071364
180.744008,0.460470,0.003556,0.072739
182.775295,0.461670,0.003330,0.074409
184.829545,0.460100,0.003437,0.076446
186.906636,0.461265,0.003363,0.076215
189.007196,0.459790,0.003555,0.074202
191.131854,0.462305,0.003372,0.073851
193.279428,0.460090,0.003241,0.073989
195.452141,0.459535,0.003396,0.073478
197.649056,0.455985,0.003510,0.075196
199.870084,0.455520,0.003436,0.074380
202.116247,0.455275,0.003468,0.074355
204.387939,0.455610,0.003397,0.072274
206.684950,0.456540,0.003495,0.075265
209.008008,0.456555,0.003448,0.074143
211.356696,0.452655,0.003446,0.076691
213.732121,0.452240,0.003571,0.075884
216.134396,0.449585,0.003416,0.074274
218.563667,0.450285,0.003493,0.077699
221.019723,0.449885,0.003509,0.076129
223.504012,0.452500,0.003477,0.074256
226.015910,0.446695,0.003699,0.076538
228.556177,0.444615,0.003591,0.076966
231.124810,0.446105,0.003517,0.077477
233.722479,0.442680,0.003331,0.073494
236.349266,0.441790,0.003667,0.078182
239.005289,0.442285,0.003647,0.078249
241.691341,0.445310,0.003427,0.075730
244.407898,0.444900,0.003589,0.077546
247.154681,0.445065,0.003556,0.079480
249.932742,0.443825,0.003792,0.083160
252.741628,0.445455,0.003717,0.079901
255.582212,0.444145,0.003698,0.077904
258.454640,0.446330,0.003860,0.079013
261.359134,0.448125,0.003382,0.075608
264.296481,0.443670,0.003604,0.076493
267.267167,0.442830,0.003588,0.075950
270.271123,0.441480,0.003859,0.080148
273.308600,0.440630,0.003573,0.078362
276.380013,0.440580,0.003540,0.077019
279.486084,0.443185,0.003504,0.076100
282.627198,0.442285,0.003783,0.075983
285.803684,0.441390,0.003534,0.077909
289.015989,0.441020,0.003779,0.078212
292.264296,0.439005,0.003775,0.079207
295.548885,0.437740,0.003881,0.078162
298.870804,0.437910,0.003822,0.076253
302.229706,0.435780,0.003607,0.077963
305.626428,0.438045,0.003675,0.081179
309.061390,0.436495,0.003702,0.078901
312.534986,0.438860,0.003906,0.080714
316.047013,0.439190,0.003676,0.081826
319.599543,0.433610,0.003777,0.083125
323.191150,0.436800,0.003627,0.081034
326.823617,0.439235,0.003508,0.079354
330.496887,0.437740,0.003695,0.081601
334.211254,0.438100,0.003694,0.081793
337.967755,0.436625,0.003835,0.077487
341.765778,0.438440,0.003991,0.083391
345.607305,0.440750,0.003682,0.078396
349.491332,0.438495,0.003786,0.081711
353.419194,0.436045,0.003848,0.079450
357.390971,0.436445,0.003635,0.077937
361.408028,0.436705,0.003787,0.080126
365.469513,0.439935,0.003457,0.079710
369.577151,0.439300,0.003801,0.081132
373.730896,0.436205,0.003604,0.076263
377.931514,0.431640,0.003855,0.077388
382.179080,0.433170,0.003603,0.078784
386.474307,0.435545,0.003752,0.078302
390.817765,0.434185,0.003618,0.077482
395.210291,0.434785,0.003778,0.077489
399.652035,0.437615,0.003792,0.075499
404.143577,0.435420,0.003684,0.075252
408.685689,0.439240,0.003660,0.077508
413.278788,0.435920,0.003870,0.076841
417.923558,0.436085,0.003725,0.078278
422.620577,0.435975,0.003657,0.074581
427.370591,0.436905,0.003658,0.079119
432.173817,0.433155,0.003859,0.075472
437.030831,0.436365,0.003525,0.076473
441.942815,0.436115,0.003889,0.079731
446.909889,0.439820,0.003833,0.079618
451.932757,0.441310,0.003730,0.080417
457.011868,0.440290,0.003774,0.079862
462.148665,0.437210,0.003775,0.078776
467.342338,0.435270,0.003725,0.080483
472.594743,0.438440,0.003636,0.080122
477.906180,0.437980,0.003883,0.079597
483.277297,0.436825,0.003472,0.076320
488.709171,0.438685,0.003690,0.079143
494.201609,0.436585,0.003689,0.079675
499.756198,0.434145,0.003993,0.075810
505.372758,0.439805,0.003645,0.075413
511.052057,0.439570,0.003472,0.077661
516.796039,0.437630,0.003595,0.077711
522.604783,0.439570,0.003613,0.080171
528.478177,0.439935,0.003558,0.080095
534.417623,0.436905,0.003998,0.082013
540.423926,0.447105,0.003748,0.080074
546.497707,0.448970,0.003883,0.075988
552.640056,0.449410,0.003378,0.076509
558.851001,0.448925,0.003669,0.080495
565.132259,0.447765,0.003563,0.080430
571.483604,0.442965,0.003691,0.079323
577.906223,0.436230,0.003773,0.077739
584.401689,0.442795,0.003831,0.081359
590.969689,0.442580,0.003790,0.078546
597.611186,0.439620,0.003756,0.081506
604.328450,0.436120,0.003757,0.080726
611.120197,0.432985,0.003734,0.079199
617.988879,0.439405,0.003416,0.081069
624.934391,0.440965,0.003638,0.080564
631.958076,0.440835,0.003782,0.083815
639.060629,0.438430,0.003760,0.086109
646.242516,0.443480,0.003598,0.084054
653.506244,0.439445,0.003714,0.079363
660.851123,0.436245,0.003822,0.083529
668.278108,0.436945,0.003509,0.085962
675.789256,0.436890,0.003695,0.084437
683.384395,0.439110,0.003704,0.084190
691.064808,0.435045,0.003666,0.082891
698.831843,0.433180,0.003673,0.078742
706.686043,0.436210,0.003728,0.081838
714.628068,0.432015,0.003661,0.081499
722.660265,0.432525,0.003679,0.082831
730.782344,0.431720,0.003877,0.076749
738.995661,0.434930,0.003959,0.082303
747.301358,0.427955,0.003845,0.080798
755.700113,0.430175,0.003757,0.082122
764.193679,0.431275,0.003922,0.081115
772.782417,0.432035,0.003902,0.086616
781.467565,0.436960,0.003674,0.082822
790.250831,0.436070,0.004233,0.084844
799.132033,0.438860,0.003809,0.082258
808.114133,0.434510,0.003929,0.083708
817.196015,0.437510,0.003606,0.084272
826.380667,0.438365,0.003649,0.085714
835.668593,0.437065,0.003755,0.085846
845.060831,0.434320,0.003995,0.090516
854.558744,0.437580,0.004125,0.089948
864.163049,0.437175,0.003901,0.087084
873.874996,0.443545,0.003781,0.083075
883.696578,0.442205,0.003816,0.079191
893.628364,0.441655,0.003758,0.085654
903.672272,0.439930,0.003852,0.084122
913.828358,0.439765,0.003683,0.084276
924.099663,0.434910,0.003841,0.086803
934.485373,0.428455,0.003800,0.085113
944.987823,0.431625,0.003725,0.080594
955.608621,0.431995,0.003828,0.081469
966.349045,0.429315,0.003886,0.081945
977.210254,0.429070,0.004221,0.083987
988.193033,0.432380,0.004057,0.084785
999.299178,0.433885,0.004119,0.082971
1010.530071,0.434060,0.003733,0.083414
1021.887910,0.429540,0.003886,0.084875
1033.372907,0.430330,0.003985,0.085295
1044.987150,0.431070,0.004329,0.085057
1056.731423,0.429070,0.003732,0.086814
1068.608444,0.426195,0.004115,0.084435
1080.618565,0.423130,0.004008,0.086739
1092.764139,0.424505,0.004260,0.085751
1105.045461,0.424575,0.004158,0.085684
1117.465113,0.430440,0.004481,0.093067
1130.024167,0.429235,0.003963,0.089836
1142.725027,0.426435,0.004894,0.089818
1155.568041,0.425260,0.004770,0.087644
1168.555607,0.430160,0.004572,0.089587
1181.688901,0.425440,0.003876,0.086993
1194.970481,0.421790,0.004514,0.085414
-nan,-nan,-nan,-nan
1221.981894,0.425985,0.004390,0.090686
1235.715640,0.420880,0.004015,0.089928
1249.603923,0.426770,0.003980,0.089180
1263.648278,0.428465,0.003961,0.087512
-nan,-nan,-nan,-nan
1292.212773,0.419560,0.004132,0.085143
1306.736070,0.429290,0.004693,0.087040
1321.422348,0.426715,0.003953,0.087063
1336.273904,0.431005,0.003991,0.086263
1351.292655,0.426455,0.004050,0.088860
1366.480088,0.428845,0.004174,0.088772
1381.837836,0.426870,0.004036,0.087413
1397.368701,0.429255,0.004464,0.094107
1413.074043,0.426210,0.004417,0.092270
1428.955436,0.429685,0.004193,0.091860
1445.015737,0.428690,0.004110,0.095193
1461.256329,0.424465,0.004046,0.088954
1477.679829,0.417115,0.004343,0.093912
1494.287144,0.420390,0.004255,0.097728
1511.081619,0.419320,0.004133,0.092437
1528.065096,0.422375,0.004416,0.090426
1545.239054,0.421650,0.004258,0.093177
1562.605792,0.422190,0.004278,0.090927
1580.168432,0.422180,0.004172,0.087064
1597.927643,0.424265,0.004062,0.085720
1615.887094,0.422325,0.004208,0.084550
1634.048778,0.417240,0.004243,0.086202
1652.413412,0.421415,0.004029,0.089194
1670.985192,0.416695,0.003998,0.094183
1689.765739,0.417990,0.003984,0.087358
1708.757175,0.421065,0.004085,0.090693
1727.961779,0.417240,0.004342,0.093834
1747.382831,0.417875,0.004213,0.088287
1767.021646,0.416075,0.004387,0.094013
1786.881430,0.419435,0.004204,0.094713
1806.964345,0.418445,0.004119,0.086605
1827.273179,0.419685,0.004044,0.087365
1847.810071,0.423545,0.004054,0.086792
1868.577648,0.418190,0.003910,0.089662
1889.578641,0.420125,0.004052,0.085021
1910.816444,0.417185,0.004434,0.089966
1932.292042,0.419410,0.003778,0.084716
1954.009134,0.417915,0.004662,0.087784
1975.970807,0.414450,0.005067,0.089383
1998.178482,0.419855,0.004019,0.089811
2020.636045,0.426930,0.004325,0.094884
2043.346179,0.428780,0.004354,0.092259
2066.311728,0.428415,0.004085,0.094316
2089.535534,0.426305,0.004746,0.093532
2113.019423,0.423095,0.004129,0.089632
2136.768317,0.424120,0.004106,0.088357
2160.783706,0.425925,0.005501,0.094865
2185.069497,0.424910,0.005703,0.092070
2209.627596,0.420565,0.005311,0.090617
2234.461432,0.426795,0.004092,0.095461
2259.574533,0.426360,0.003908,0.095159
2284.970659,0.421455,0.004528,0.093371
2310.651657,0.426635,0.004330,0.095067
2336.621068,0.417675,0.004513,0.095870
2362.883121,0.422215,0.004152,0.093350
2389.440067,0.418215,0.004972,0.092632
2416.294948,0.420030,0.004257,0.094527
2443.451915,0.423590,0.004198,0.089225
2470.913835,0.422490,0.004169,0.094770
2498.684558,0.418000,0.003951,0.092449
2526.767821,0.421030,0.003888,0.089256
2555.166725,0.422630,0.004985,0.089273
2583.884537,0.423515,0.004390,0.096223
2612.924824,0.421395,0.005754,0.088895
2642.291497,0.424275,0.003981,0.088537
2671.988616,0.422965,0.004117,0.089889
2702.019669,0.428090,0.004493,0.091978
2732.387960,0.426255,0.004480,0.092759
2763.097494,0.429005,0.004596,0.097035
2794.152710,0.427070,0.004933,0.094017
2825.556455,0.423615,0.005735,0.097265
2857.312734,0.422880,0.004924,0.093897
2889.426504,0.423890,0.004466,0.096471
2921.901290,0.422405,0.005267,0.093980
2954.741090,0.425645,0.008282,0.094512
2987.949500,0.425350,0.005095,0.094602
3021.531646,0.422960,0.005569,0.093547
3055.490278,0.426700,0.004299,0.091130
3089.831836,0.429590,0.004109,0.094036
3124.558174,0.430620,0.003766,0.090171
3159.676048,0.429255,0.004071,0.090081
3195.188221,0.430195,0.004283,0.092581
3231.098933,0.435530,0.004134,0.095639
3267.414014,0.428255,0.004128,0.086385
3304.136571,0.428500,0.003701,0.081817
3341.272123,0.429270,0.003949,0.087015
3378.825024,0.433075,0.004073,0.088210
3416.799921,0.428310,0.003798,0.085213
3455.202355,0.427245,0.003969,0.084605
3494.035335,0.423915,0.004136,0.082725
3533.305090,0.428610,0.003780,0.087614
3573.016385,0.435890,0.003937,0.087824
3613.173937,0.430250,0.003666,0.083171
3653.782975,0.435975,0.003695,0.084858
3694.848125,0.435760,0.003759,0.081030
3736.375113,0.428360,0.003980,0.088952
3778.368982,0.431455,0.003921,0.088479
3820.834297,0.430505,0.004155,0.091027
3863.777213,0.427765,0.003964,0.086593
3907.202653,0.420940,0.004055,0.084415
3951.116170,0.423240,0.004085,0.086477
3995.523284,0.430660,0.003801,0.081477
4040.429621,0.424085,0.004121,0.084361
4085.840445,0.423655,0.003768,0.077289
4131.761725,0.431845,0.003901,0.085318
4178.199306,0.427455,0.004017,0.084143
4225.158566,0.430065,0.004197,0.081190
4272.645070,0.433450,0.003804,0.079474
4320.666182,0.428970,0.004027,0.084610
4369.227025,0.428345,0.003925,0.084598
4418.333155,0.429030,0.004180,0.088568
4467.991148,0.429425,0.004032,0.085786
4518.207519,0.423735,0.004040,0.084264
4568.988267,0.432815,0.004410,0.086659
4620.339536,0.433085,0.004449,0.084237
4672.268292,0.428085,0.005036,0.084176
4724.780687,0.426855,0.003864,0.084097
4777.882681,0.420200,0.003887,0.084179
4831.582164,0.422100,0.003994,0.087640
4885.884806,0.425385,0.004635,0.090354
4940.798045,0.425940,0.004239,0.092855
4996.328171,0.425745,0.004597,0.084217
5052.482450,0.423735,0.004068,0.090143
5109.268364,0.425990,0.003946,0.089370
5166.691873,0.431510,0.004472,0.091024
5224.761116,0.425640,0.003847,0.085009
5283.483099,0.424225,0.004439,0.088459
5342.864214,0.432785,0.003894,0.089948
5402.914087,0.438790,0.004093,0.091135
5463.637558,0.434700,0.004026,0.088964
5525.044311,0.438995,0.003765,0.083718
5587.141222,0.437680,0.003891,0.089809
5649.935674,0.430200,0.003976,0.086739
5713.435544,0.436485,0.003791,0.083941
5777.649812,0.433590,0.003890,0.084310
5842.585703,0.432775,0.004103,0.084327
5908.251124,0.425240,0.003662,0.077084
5974.654838,0.430480,0.003833,0.087123
6041.804737,0.431365,0.004000,0.083354
6109.709417,0.418790,0.004056,0.083778
6178.376958,0.421915,0.003979,0.086464
6247.817195,0.424895,0.004134,0.092539
6318.037042,0.422285,0.003927,0.093520
6389.046721,0.425240,0.004747,0.089313
6460.853602,0.419405,0.004203,0.086986
6533.468841,0.420660,0.013161,0.088767
6606.755032,0.422950,3.201185,0.090065
6681.154450,0.418993,0.004197,0.084922
6756.244973,0.421748,0.004315,0.088037
6832.179348,0.425105,0.003783,0.084182
6908.966818,0.427044,0.003788,0.083392
6986.617200,0.433813,0.003741,0.083392
7065.141327,0.427204,0.003842,0.088381
7144.547378,0.428141,0.003953,0.087347
7224.845358,0.433307,0.003637,0.083374
7306.046939,0.435371,0.003879,0.089365
7388.160477,0.434243,0.003921,0.088147
7471.196640,0.430085,0.003554,0.086258
7555.166820,0.429309,0.003970,0.087879
7640.080048,0.433888,0.003811,0.090515
7725.948388,0.426934,0.004287,0.089595
7812.781149,0.424499,0.004035,0.087423
7900.590370,0.422886,0.003702,0.089745
7989.385543,0.424218,0.003996,0.088117
8079.179792,0.433783,0.003976,0.088761
8169.982425,0.431759,0.004177,0.085395
8261.806222,0.429389,0.004111,0.087341
8354.661748,0.431894,0.004934,0.090225
8448.561002,0.436027,0.004271,0.089476
8543.514976,0.431683,0.003847,0.087387
8639.537200,0.431748,0.004754,0.083562
8736.638362,0.425967,0.003997,0.088998
8834.738527,0.424168,2.043898,0.089547
8934.126336,0.427410,0.004168,0.090252
9034.538182,0.423705,0.004131,0.086529
9136.078543,0.435567,0.003931,0.089135
9238.759776,0.429975,0.003644,0.082876
9342.595734,0.427580,0.004213,0.088980
9447.598274,0.426657,0.004125,0.089722
9553.781327,0.426270,0.004518,0.082165
9661.157138,0.430633,0.004098,0.085080
9769.740475,0.426491,0.003758,0.084448
9879.544372,0.425648,0.004450,0.084565
9990.581639,0.422209,0.004359,0.086806
10102.866752,0.431436,0.003806,0.088901
10216.414327,0.419754,0.004122,0.084423
10331.238088,0.424352,0.003827,0.082264
10447.352360,0.433594,0.003845,0.086943
10564.771230,0.429719,0.003717,0.083131
10683.510743,0.421586,0.004143,0.077193
10803.584016,0.431817,0.003825,0.087454
10925.006639,0.428479,0.004168,0.088620
11047.794481,0.430105,0.003910,0.089352
11171.962398,0.426601,0.004168,0.092075
11297.525503,0.432620,0.003933,0.087459
11424.500353,0.422144,0.004597,0.092816
11552.902139,0.414413,0.004734,0.093648
11682.746220,0.422440,0.003929,0.092152
11814.050194,0.421928,0.004485,0.089332
11946.829837,0.416953,0.004652,0.101075
12081.101623,0.417666,0.004049,0.090703
12216.883301,0.416260,0.004855,0.092140
12354.190165,0.425191,0.004175,0.094992
12493.041032,0.422139,0.005548,0.092599
12633.451464,0.425457,0.004165,0.088475
12775.440574,0.428951,0.003711,0.086398
12919.025515,0.425587,0.003821,0.084299
13064.224362,0.423901,0.004111,0.084207
13211.055010,0.427656,0.004285,0.091014
13359.535786,0.422359,0.003872,0.083481
13509.685518,0.419433,0.004026,0.083241
13661.522879,0.424558,0.004030,0.083164
13815.066704,0.430251,0.004388,0.090277
13970.336014,0.430452,0.004211,0.089704
14127.350165,0.427731,0.003829,0.089540
14286.129943,0.422726,0.004114,0.087207
14446.693930,0.425517,0.007734,0.089519
14609.062235,0.420612,0.004652,0.095359
14773.255245,0.420341,0.004288,0.088502
14939.293753,0.424393,0.003974,0.086767
15107.198618,0.420838,0.004337,0.088008
15276.990662,0.422716,0.003895,0.089091
15448.680670,0.426812,0.315812,0.084919
15622.320589,0.425492,0.003818,0.086859
15797.902167,0.424482,0.003974,0.086726
15975.457026,0.424754,0.003989,0.089989
16155.007029,0.424935,0.003703,0.083742
16336.575337,0.427472,0.003427,0.088267
16520.184470,0.425206,0.003982,0.091952
16705.857288,0.434905,0.003974,0.093517
16893.616983,0.427533,0.004285,0.089763
17083.486720,0.425663,0.004085,0.088254
17275.490194,0.424769,0.004561,0.085373
17469.651598,0.421799,0.003735,0.089964
17665.995940,0.419734,0.004488,0.094325
17864.546318,0.422035,0.004078,0.089314
18065.328538,0.427131,0.003906,0.087822
18268.367054,0.426985,0.003845,0.080562
18473.688195,0.430121,0.004956,0.089135
18681.315910,0.429035,0.003906,0.088180
18891.278028,0.427211,0.004179,0.093501
19103.599824,0.429970,0.003670,0.087140
19318.307401,0.433940,0.003837,0.083259
19535.429078,0.429060,0.003860,0.083263
19754.990210,0.423653,0.004107,0.080550
19977.019439,0.428633,0.003711,0.083422
20201.543976,0.428598,0.004143,0.084622
20428.591943,0.432171,0.004367,0.088450
20658.191832,0.429146,0.003989,0.082559
20890.371967,0.430035,0.004374,0.089468
21125.161885,0.421859,0.004312,0.087399
21362.590501,0.423231,0.004326,0.084062
21602.687325,0.433226,0.003695,0.088883
21845.483157,0.429312,0.004207,0.085479
22091.007831,0.429653,0.003703,0.085749
22339.291355,0.428628,0.003852,0.080083
22590.366355,0.425000,0.004734,0.090208
22844.262397,0.428166,0.004143,0.085601
23101.012427,0.432548,0.003790,0.088628
23360.647681,0.428251,0.003906,0.085853
23623.201348,0.431729,0.003876,0.090960
23888.706206,0.433472,0.004326,0.091510
24157.194258,0.434719,0.004271,0.090921
24428.700544,0.420015,0.004026,0.090295
24703.258359,0.415613,0.004172,0.092047
24980.901372,0.425337,0.004229,0.086018
25261.665409,0.430025,0.004143,0.095037
25545.585170,0.421714,0.003952,0.084267
25832.695279,0.424367,0.005015,0.093810
26123.032939,0.432231,0.004606,0.091023
26416.632875,0.426121,0.006224,0.092539
26713.532909,0.431719,0.003703,0.091334
27013.770213,0.419653,0.004299,0.089192
27317.382232,0.415437,0.005144,0.093238
27624.405177,0.427764,0.004354,0.083925
27934.880105,0.428322,0.004340,0.088946
28248.844725,0.421558,0.004606,0.090371
28566.336982,0.426241,0.003654,0.089379
28887.398198,0.430367,0.003751,0.085574
29212.067559,0.425472,0.003891,0.087512
29540.386248,0.428568,0.003798,0.090743
29872.394919,0.435799,0.004515,0.089612
30208.134632,0.418276,0.004071,0.088948
30547.648245,0.420156,0.003997,0.092691
30890.977698,0.425065,0.004100,0.096200
31238.165815,0.419487,0.004085,0.092000
31589.256014,0.423457,0.004299,0.088008
31944.292124,0.421628,0.004100,0.084866
32303.318468,0.422975,0.003967,0.084621
32666.380032,0.427045,0.003798,0.087966
33033.522123,0.426256,0.004528,0.088874
33404.790526,0.422241,0.004554,0.090294
33780.231530,0.422030,0.004367,0.087114
34159.891942,0.425910,0.004395,0.087565
34543.820217,0.431719,0.004422,0.087546
34932.063301,0.421779,0.003814,0.086500
35324.669499,0.425050,0.005371,0.091207
35721.688143,0.423276,0.005027,0.090132
36123.169577,0.431698,0.003088,0.084789
36529.162840,0.426367,0.004200,0.088063
36939.719137,0.427829,0.004502,0.089451
37354.890133,0.424965,0.003686,0.081600
37774.726794,0.430095,0.003967,0.083260
38198.515253,0.431950,13.947580,0.093861
38628.609555,0.431915,0.004554,0.095290
39062.761904,0.424561,0.005003,0.092978
39501.793767,0.428861,0.003654,0.092505
39945.760645,0.420529,0.004172,0.089263
40394.716077,0.423372,0.003383,0.084873
40848.717862,0.428075,0.004026,0.077915
41307.822568,0.429204,0.004085,0.086312
41772.087193,0.421618,0.004285,0.087606
42241.569399,0.431860,0.003967,0.089374
42716.328442,0.423851,0.004172,0.090721
43196.423254,0.427888,0.003555,0.088471
43681.914102,0.427626,0.003782,0.088710
44172.861448,0.412077,0.004056,0.087754
44669.326097,0.429894,0.004606,0.088545
45171.371220,0.430343,0.004172,0.085923
45679.058861,0.427198,0.004683,0.088927
46192.454868,0.425439,0.046972,0.093852
46709.921237,0.429899,26.627372,0.091249
47236.613976,0.434124,0.005304,0.082451
47767.512804,0.422358,0.003164,0.091615
48304.379079,0.422212,0.003845,0.092018
48847.278392,0.421012,0.002930,0.083819
49396.279967,0.425471,0.003654,0.088662
49951.451975,0.421959,0.004834,0.091172
50512.863160,0.430506,0.003521,0.089813
51080.584723,0.426508,0.004143,0.081213
51654.685957,0.423229,0.003521,0.090780
52235.241162,0.424241,0.003588,0.080650
52822.319555,0.434858,0.004580,0.089108
53415.997474,0.427171,0.002930,0.083685
54016.347405,0.421503,0.003088,0.089000
54623.444826,0.426584,0.005940,0.087401
55237.365658,0.424489,0.003088,0.084264
55858.186218,0.429104,0.002072,0.089583
56485.984225,0.425471,0.004312,0.087812
57120.838160,0.425339,0.004312,0.089554
57762.827796,0.426215,0.004422,0.093742
58412.032298,0.417105,0.003453,0.087505
59068.532940,0.429216,0.005167,0.090704
59732.413266,0.424853,0.004834,0.084741
60403.753697,0.430633,0.003906,0.088233
61082.640131,0.424474,0.005481,0.091148
61769.156995,0.423345,0.007469,0.083760
62463.389323,0.429990,0.005819,0.097051
63165.423749,0.431194,0.004200,0.081733
63875.349232,0.429939,0.003782,0.088068
64593.253051,0.425617,0.002392,0.083462
65319.225743,0.423289,0.000977,0.089135
66053.358210,0.422925,-nan,0.090455
66795.741369,0.428704,0.004143,0.091058
67546.468028,0.430380,0.004980,0.096589
68305.632110,0.416306,-nan,0.092421
69071.847057,0.426083,26.851603,0.092285
69849.655622,0.431264,0.025372,0.088472
