0.000000,0.995000,0.000000,0.000000
1.002932,0.851664,0.001653,0.027916
1.016630,0.850279,0.001685,0.027961
1.030662,0.849112,0.001752,0.027873
1.044763,0.847669,0.001698,0.027841
1.059156,0.846521,0.001730,0.027979
1.073661,0.845714,0.001682,0.027798
1.088403,0.844529,0.001733,0.028007
1.103326,0.843081,0.001736,0.027913
1.118405,0.841633,0.001687,0.027811
1.133914,0.839929,0.001761,0.028130
1.149263,0.838579,0.001728,0.028173
1.165111,0.837271,0.001742,0.027905
1.181144,0.836040,0.001691,0.027934
1.197411,0.834702,0.001759,0.027674
1.213799,0.833476,0.001755,0.027708
1.230348,0.831945,0.001785,0.027592
1.247304,0.830743,0.001763,0.027738
1.264348,0.829236,0.001710,0.027863
1.281917,0.827621,0.001705,0.027657
1.299347,0.826331,0.001734,0.027747
1.317140,0.824979,0.001713,0.027878
1.335255,0.823174,0.001711,0.028142
1.353607,0.821619,0.001724,0.028191
1.372214,0.820081,0.001741,0.028348
1.391026,0.818760,0.001733,0.028563
1.410094,0.817390,0.001780,0.028666
1.429657,0.815990,0.001802,0.028795
1.449162,0.814581,0.001733,0.028952
1.468944,0.813062,0.001783,0.028800
1.489273,0.811862,0.001854,0.028829
1.509665,0.810707,0.001736,0.029544
1.530324,0.809007,0.001774,0.029493
1.551454,0.807693,0.001859,0.029565
1.572871,0.806102,0.001795,0.029694
1.594227,0.804593,0.001773,0.029691
1.616163,0.803112,0.001808,0.030152
1.638443,0.801990,0.001782,0.030525
1.660863,0.800381,0.001846,0.030524
1.683672,0.798693,0.001837,0.030883
1.706777,0.797388,0.001790,0.030915
1.730325,0.796143,0.001811,0.031160
1.754060,0.794871,0.001848,0.031442
1.778131,0.793652,0.001894,0.031346
1.802547,0.792295,0.001835,0.031603
1.827312,0.790845,0.001824,0.031831
1.852396,0.789269,0.001839,0.032130
1.877729,0.787743,0.001806,0.032477
1.903522,0.787055,0.001800,0.032887
1.929756,0.785612,0.001865,0.033012
1.956383,0.783940,0.001877,0.033016
1.983173,0.782417,0.001864,0.032991
2.010267,0.781183,0.001909,0.033080
2.037996,0.779895,0.001873,0.033056
2.066021,0.778998,0.001915,0.033257
2.094421,0.777248,0.001875,0.033360
2.123034,0.776040,0.001824,0.033588
2.152400,0.774310,0.001854,0.033742
2.181925,0.773217,0.001928,0.033878
2.211877,0.772012,0.001854,0.033902
2.242184,0.770698,0.001905,0.033660
2.273052,0.769390,0.001871,0.033452
2.304177,0.768033,0.001906,0.033286
2.335924,0.766576,0.001903,0.033465
2.367880,0.764902,0.001911,0.033182
2.400525,0.763281,0.001928,0.033212
2.433528,0.762055,0.001940,0.033485
2.467028,0.760736,0.001971,0.033570
2.500806,0.759024,0.001918,0.033839
2.535245,0.758340,0.001918,0.033604
2.569955,0.757210,0.001913,0.033584
2.605474,0.755479,0.001925,0.033573
2.641140,0.753648,0.001839,0.033697
2.677522,0.752269,0.001903,0.034111
2.714259,0.750714,0.001917,0.034448
2.751600,0.749207,0.001953,0.034869
2.789377,0.747626,0.001980,0.035346
2.827728,0.746402,0.001985,0.035457
2.866605,0.744660,0.001882,0.036017
2.905904,0.743648,0.001965,0.035897
2.945794,0.742367,0.001954,0.035959
2.986301,0.740402,0.001972,0.036480
3.027311,0.738531,0.001977,0.036291
3.068924,0.737010,0.001985,0.035929
3.111239,0.735698,0.001982,0.035388
3.153891,0.734440,0.001990,0.035328
3.197253,0.733052,0.002008,0.035364
3.241219,0.731776,0.001978,0.036147
3.285698,0.730367,0.001998,0.036096
3.330936,0.729107,0.002063,0.036651
3.376654,0.727669,0.002055,0.037382
3.422939,0.726240,0.002012,0.037221
3.470063,0.724783,0.001983,0.036661
3.517830,0.723205,0.001940,0.037099
3.566088,0.721769,0.001992,0.037393
3.615212,0.720512,0.001983,0.037693
3.664810,0.719579,0.002008,0.037367
3.715094,0.718198,0.001984,0.037971
3.766072,0.716993,0.002026,0.038084
3.817970,0.715388,0.002059,0.037623
3.870538,0.714067,0.002015,0.038161
3.923586,0.712736,0.002018,0.038129
3.977487,0.711840,0.002028,0.038391
4.032136,0.710343,0.002003,0.038519
4.087837,0.709050,0.002093,0.038149
4.143956,0.707145,0.002059,0.037898
4.201012,0.705710,0.002116,0.037852
4.258562,0.704126,0.002047,0.036976
4.317093,0.702729,0.002030,0.037038
4.376383,0.701233,0.002054,0.037352
4.436845,0.700033,0.002113,0.037618
4.497580,0.698833,0.002097,0.037281
4.559530,0.697507,0.002087,0.037334
4.622157,0.696464,0.002054,0.037831
4.685675,0.695638,0.002078,0.038198
4.750203,0.693983,0.002058,0.038161
4.815416,0.692693,0.002101,0.038208
4.881546,0.690838,0.002053,0.038662
4.948668,0.689852,0.002119,0.039463
5.016638,0.689102,0.002119,0.040052
5.085648,0.687250,0.002145,0.040539
5.155516,0.685271,0.002121,0.040525
5.226476,0.683567,0.002109,0.040240
5.298201,0.682562,0.002126,0.040151
5.371103,0.680919,0.002085,0.040118
5.444791,0.680200,0.002158,0.040653
5.519648,0.678571,0.002193,0.040806
5.595654,0.676500,0.002072,0.041515
5.672713,0.675683,0.002157,0.041392
5.750550,0.674260,0.002172,0.042085
5.829493,0.673621,0.002166,0.042061
5.909711,0.671798,0.002146,0.042117
5.990953,0.671119,0.002173,0.042294
6.073447,0.669571,0.002254,0.042796
6.157046,0.668705,0.002213,0.042899
6.241564,0.666895,0.002224,0.042602
6.327408,0.665679,0.002171,0.042430
6.414420,0.664902,0.002146,0.042406
6.502343,0.663298,0.002165,0.042310
6.591919,0.662457,0.002182,0.041302
6.682510,0.660650,0.002176,0.041090
6.774385,0.659290,0.002206,0.041774
6.867580,0.658036,0.002199,0.042420
6.962283,0.657233,0.002187,0.042587
7.057736,0.656276,0.002227,0.043102
7.154641,0.655938,0.002249,0.044018
7.253059,0.654771,0.002239,0.043651
7.352893,0.652962,0.002208,0.043652
7.453793,0.650524,0.002126,0.043324
7.556537,0.648971,0.002198,0.043133
7.660358,0.647500,0.002235,0.043570
7.765588,0.645379,0.002326,0.043857
7.872233,0.644243,0.002309,0.044060
7.980664,0.643483,0.002309,0.044506
8.090395,0.642762,0.002258,0.044592
8.201664,0.642069,0.002288,0.044466
8.314521,0.641445,0.002243,0.045803
8.428563,0.640619,0.002267,0.045861
8.544337,0.639371,0.002281,0.046125
8.662072,0.638790,0.002265,0.045666
8.781226,0.637917,0.002257,0.046620
8.901888,0.636517,0.002203,0.046857
9.024257,0.634719,0.002331,0.047016
9.148513,0.633679,0.002241,0.046765
9.274239,0.631562,0.002313,0.046629
9.401575,0.630469,0.002276,0.046587
9.530813,0.629581,0.002355,0.046422
9.662152,0.628110,0.002277,0.047364
9.794789,0.626745,0.002375,0.048103
9.929563,0.626250,0.002334,0.047712
10.065988,0.625102,0.002368,0.046867
10.204434,0.623326,0.002278,0.047497
10.344734,0.622843,0.002381,0.046649
10.487044,0.621912,0.002354,0.047725
10.631265,0.620626,0.002280,0.047765
10.777537,0.619357,0.002366,0.048332
10.925675,0.618750,0.002284,0.047948
11.075865,0.616905,0.002428,0.047910
11.228208,0.615450,0.002438,0.047981
11.382629,0.614955,0.002431,0.048320
11.539301,0.614188,0.002410,0.048285
11.697597,0.613462,0.002405,0.048869
11.858734,0.611852,0.002419,0.050334
12.021890,0.610448,0.002405,0.049834
12.187051,0.609293,0.002410,0.049572
12.354473,0.608469,0.002416,0.049780
12.524369,0.607719,0.002404,0.048542
12.696725,0.606548,0.002439,0.048733
12.871343,0.605233,0.002471,0.049839
13.048440,0.604324,0.002486,0.049209
13.227630,0.604071,0.002484,0.048759
13.409637,0.603724,0.002504,0.048623
13.594136,0.602681,0.002452,0.048183
13.781045,0.601593,0.002425,0.048618
13.970559,0.600226,0.002527,0.049141
14.162677,0.597750,0.002426,0.049681
14.357418,0.596460,0.002444,0.050330
14.554650,0.594402,0.002486,0.050765
14.754950,0.593250,0.002525,0.050481
14.957867,0.592100,0.002477,0.051370
15.163461,0.591062,0.002545,0.051499
15.372010,0.590271,0.002486,0.051556
15.583553,0.590076,0.002504,0.052339
15.797829,0.589107,0.002508,0.051903
16.014853,0.587988,0.002506,0.052458
16.235241,0.587002,0.002515,0.052213
16.458383,0.585645,0.002435,0.052646
16.684879,0.585145,0.002478,0.052106
16.914231,0.584262,0.002577,0.052809
17.146868,0.584502,0.002498,0.051669
17.382841,0.583493,0.002588,0.051591
17.621758,0.583481,0.002643,0.051943
17.864220,0.581905,0.002509,0.051489
18.109905,0.580457,0.002523,0.051996
18.358710,0.579667,0.002573,0.052713
18.611111,0.578290,0.002486,0.051717
18.867257,0.576983,0.002469,0.051311
19.126667,0.576581,0.002567,0.051659
19.389686,0.576126,0.002474,0.050770
19.656364,0.575140,0.002527,0.049869
19.926566,0.574498,0.002534,0.050493
20.200759,0.573321,0.002601,0.049828
20.478566,0.572519,0.002589,0.050347
20.760122,0.571245,0.002583,0.051207
21.045660,0.569612,0.002655,0.051101
21.335154,0.568664,0.002590,0.051927
21.628526,0.567238,0.002591,0.052559
21.925902,0.566421,0.002675,0.052645
22.227574,0.565883,0.002626,0.053772
22.533114,0.564688,0.002595,0.054268
22.843101,0.564845,0.002617,0.053792
23.157180,0.563269,0.002636,0.054258
23.475756,0.561852,0.002690,0.053603
23.798571,0.560198,0.002612,0.054659
24.125786,0.560410,0.002706,0.054453
24.457567,0.559481,0.002706,0.054385
24.794075,0.558826,0.002696,0.055895
25.134953,0.559662,0.002703,0.055759
25.480689,0.557521,0.002718,0.056101
25.831255,0.556683,0.002691,0.056663
26.186387,0.556740,0.002604,0.058007
26.546486,0.555945,0.002695,0.057370
26.911566,0.555869,0.002772,0.058441
27.281589,0.556198,0.002696,0.059759
27.656895,0.554143,0.002722,0.059905
28.037375,0.552488,0.002694,0.059124
28.422781,0.551817,0.002773,0.058650
28.813756,0.551238,0.002674,0.057984
29.210056,0.550393,0.002644,0.057779
29.611700,0.549424,0.002665,0.057693
30.019006,0.547829,0.002701,0.059008
30.431856,0.547660,0.002751,0.057979
30.850427,0.547862,0.002716,0.057564
31.274628,0.546271,0.002667,0.057797
31.704855,0.545119,0.002759,0.057131
32.140979,0.545683,0.002697,0.057343
32.582895,0.544548,0.002802,0.057550
33.031094,0.543086,0.002784,0.058693
33.485537,0.542657,0.002890,0.058678
33.945861,0.543126,0.002737,0.059430
34.412923,0.541029,0.002785,0.059368
34.885836,0.540326,0.002671,0.059006
35.365969,0.539352,0.002765,0.059689
35.852319,0.537621,0.002766,0.059650
36.345486,0.536831,0.002851,0.060878
36.845396,0.536600,0.002837,0.060764
37.352104,0.535486,0.002843,0.060296
37.865815,0.534812,0.002877,0.060114
38.386397,0.534514,0.002836,0.061116
38.914385,0.533912,0.002792,0.062042
39.449649,0.533388,0.002818,0.062192
39.992387,0.530219,0.002869,0.060718
40.542271,0.527814,0.002804,0.060972
41.099930,0.527990,0.002863,0.062276
41.665132,0.526871,0.002877,0.061317
42.238284,0.526126,0.002840,0.062541
42.818971,0.525626,0.002846,0.062185
43.408161,0.524979,0.002855,0.062062
44.005184,0.523719,0.002951,0.062825
44.610192,0.524502,0.002865,0.063217
45.224038,0.524926,0.002955,0.063931
45.846067,0.524019,0.002784,0.063420
46.476459,0.521731,0.002923,0.063143
47.115558,0.521202,0.002873,0.064776
47.763645,0.519617,0.002753,0.063877
48.420574,0.520607,0.002888,0.063289
49.086620,0.520667,0.002907,0.064006
49.761667,0.517929,0.002940,0.063097
50.446233,0.516271,0.002855,0.063694
51.140169,0.515321,0.002925,0.063743
51.843339,0.516586,0.002981,0.063789
52.556500,0.515421,0.003009,0.063600
53.279387,0.515745,0.003008,0.061932
54.012043,0.515790,0.003013,0.061208
54.754852,0.515421,0.003005,0.062147
55.507978,0.515874,0.002970,0.062429
56.271624,0.514945,0.002953,0.063259
57.045276,0.514074,0.002840,0.063666
57.829958,0.514148,0.003061,0.063123
58.625470,0.513250,0.002943,0.065291
59.431514,0.513724,0.002884,0.063734
60.249253,0.513888,0.002851,0.063130
61.077746,0.511507,0.002920,0.063858
61.917951,0.512736,0.002853,0.062871
62.769845,0.512564,0.002958,0.063594
63.632896,0.513648,0.002909,0.063410
64.508317,0.511579,0.002946,0.063362
65.395392,0.508314,0.002998,0.062766
66.294947,0.508802,0.003021,0.062786
67.206566,0.505671,0.003042,0.061547
68.131095,0.507476,0.003027,0.061545
69.068065,0.507898,0.002971,0.062200
70.018118,0.508174,0.003077,0.062863
70.981169,0.506029,0.002979,0.063862
71.957448,0.504948,0.002883,0.063524
72.947227,0.503714,0.003112,0.063075
73.950543,0.504726,0.003039,0.063065
74.967457,0.504038,0.003018,0.063645
75.998734,0.504717,0.002969,0.065733
77.044148,0.502188,0.003183,0.065103
78.103639,0.502100,0.003023,0.066071
79.178207,0.502412,0.003103,0.067220
80.266955,0.501864,0.003000,0.067280
81.371106,0.501121,0.003014,0.069861
82.490538,0.499957,0.003072,0.069974
83.624925,0.499267,0.003100,0.069162
84.775026,0.498029,0.003119,0.070149
85.941115,0.498333,0.003076,0.069978
87.123266,0.497712,0.003210,0.069115
88.321603,0.495076,0.003192,0.069149
89.536420,0.495838,0.003037,0.068679
90.767771,0.492379,0.003067,0.068736
92.016336,0.492157,0.003153,0.069927
93.282025,0.492960,0.003273,0.071037
94.564967,0.492752,0.003251,0.071730
95.865774,0.493514,0.003109,0.070827
97.184189,0.492586,0.003232,0.071426
98.521061,0.492207,0.003135,0.071176
99.876267,0.490224,0.003150,0.073344
101.250050,0.490681,0.003271,0.069537
102.642590,0.494036,0.003251,0.071314
104.054136,0.491243,0.003176,0.072269
105.485222,0.492571,0.003139,0.073359
106.936227,0.493236,0.003162,0.073045
108.407203,0.490493,0.003152,0.073067
109.898194,0.492088,0.003243,0.071996
111.409881,0.489467,0.003393,0.072999
112.942395,0.488671,0.003158,0.070917
114.495686,0.488131,0.003144,0.069168
116.070672,0.487786,0.003259,0.071017
117.666926,0.489605,0.003109,0.071065
119.285323,0.488207,0.003201,0.071105
120.926428,0.488202,0.003078,0.071537
122.589572,0.487845,0.003215,0.072785
124.275776,0.484471,0.003243,0.073081
125.985169,0.486648,0.003377,0.072426
127.717816,0.486271,0.003312,0.074496
129.474718,0.487083,0.003259,0.076657
131.255610,0.483319,0.003256,0.075510
133.060847,0.484100,0.003250,0.074701
134.891099,0.483345,0.003162,0.076096
136.746433,0.483490,0.003371,0.075002
138.627217,0.482229,0.003236,0.074155
140.534081,0.480586,0.003151,0.073250
142.467092,0.480238,0.003411,0.073628
144.426749,0.479269,0.003296,0.073733
146.413125,0.480652,0.003315,0.074999
148.427046,0.478395,0.003343,0.073163
150.468704,0.477129,0.003402,0.072901
152.538289,0.475895,0.003423,0.073378
154.636526,0.477850,0.003338,0.072385
156.763559,0.477114,0.003403,0.072625
158.919467,0.477795,0.003317,0.073547
161.105519,0.478055,0.003312,0.074684
163.321420,0.478567,0.003308,0.076926
165.567680,0.478124,0.003329,0.075338
167.845416,0.474398,0.003433,0.073344
170.153958,0.473938,0.003280,0.073558
172.494456,0.473136,0.003349,0.073314
174.866947,0.472964,0.003390,0.070856
177.271980,0.470626,0.003295,0.071450
179.710433,0.471921,0.003418,0.073402
182.182208,0.472293,0.003416,0.074511
184.688148,0.470374,0.003364,0.073137
187.228566,0.471202,0.003246,0.073033
189.803518,0.470126,0.003394,0.073112
192.414448,0.472614,0.003371,0.074864
195.061143,0.471598,0.003386,0.074776
197.744145,0.472450,0.003346,0.078068
200.464220,0.468864,0.003403,0.074470
203.221347,0.469938,0.003356,0.073961
206.016763,0.470950,0.003452,0.075557
208.850595,0.469007,0.003465,0.075944
211.723200,0.470255,0.003588,0.075297
214.635153,0.471379,0.003435,0.077203
217.587285,0.470581,0.003574,0.079015
220.580237,0.469224,0.003502,0.079581
223.614450,0.467764,0.003391,0.078232
226.690097,0.468014,0.003526,0.080135
229.808369,0.469833,0.003523,0.079705
232.969253,0.469700,0.003656,0.079257
236.173497,0.466924,0.003442,0.075408
239.421781,0.467526,0.003204,0.077947
242.715298,0.465667,0.003441,0.075460
246.054032,0.465645,0.003414,0.078928
249.438309,0.465955,0.003560,0.079138
252.869276,0.467055,0.003505,0.079525
256.347260,0.468967,0.003382,0.079893
259.873578,0.466383,0.003452,0.079822
263.447669,0.464957,0.003380,0.079598
267.071791,0.464869,0.003421,0.076290
270.745007,0.464581,0.003273,0.076735
274.469398,0.463252,0.003548,0.076080
278.244547,0.466121,0.003422,0.079900
282.071630,0.465310,0.003442,0.079459
285.951667,0.465288,0.003533,0.080779
289.884807,0.463424,0.003592,0.079164
293.872226,0.462621,0.003534,0.080420
297.914575,0.462988,0.003666,0.080242
302.012280,0.460848,0.003637,0.079332
306.166192,0.461250,0.003496,0.079914
310.377453,0.460243,0.003510,0.078838
314.646665,0.459190,0.003466,0.079406
318.974579,0.457757,0.003638,0.079178
323.362131,0.461407,0.003411,0.079969
327.809781,0.459774,0.003582,0.080414
332.318901,0.461848,0.003530,0.081999
336.889846,0.461407,0.003651,0.079742
341.523567,0.459476,0.003569,0.080580
346.221384,0.459002,0.003535,0.079062
350.983661,0.460650,0.003493,0.079871
355.811222,0.460288,0.003526,0.081082
360.705552,0.459919,0.003656,0.082949
365.666763,0.460781,0.003545,0.083239
370.696582,0.460548,0.003654,0.082302
375.795660,0.461569,0.003526,0.080685
380.964547,0.460874,0.003416,0.082808
386.204871,0.456817,0.003593,0.081862
391.516920,0.458695,0.003586,0.079697
396.902365,0.455974,0.003512,0.079798
402.361631,0.458190,0.003546,0.081100
407.895901,0.458064,0.003486,0.081070
413.506573,0.456121,0.003565,0.081517
419.194376,0.458617,0.003526,0.078981
424.960387,0.458798,0.003551,0.080429
430.805497,0.455210,0.003484,0.080869
436.731589,0.454279,0.003737,0.080412
442.738572,0.454250,0.003425,0.081256
448.828479,0.457793,0.003706,0.085960
455.001936,0.455817,0.003640,0.082155
461.260422,0.458236,0.003798,0.083760
467.605226,0.458279,0.003654,0.081846
474.037106,0.456617,0.003761,0.083554
480.557616,0.453640,0.003502,0.084073
487.167351,0.455086,0.003803,0.084074
493.868143,0.454650,0.003851,0.080919
500.661591,0.453026,0.003864,0.085928
507.548254,0.449833,0.003882,0.084234
514.529422,0.451679,0.003636,0.082263
521.607103,0.449676,0.003691,0.081672
528.781173,0.451371,0.003636,0.080110
536.054416,0.451648,0.003578,0.081824
543.428214,0.452010,0.003646,0.082428
550.903026,0.452879,0.003920,0.082922
558.480729,0.453019,0.004098,0.085870
566.162528,0.453710,0.003855,0.082858
573.950194,0.452983,0.003664,0.083814
581.844630,0.452200,0.003706,0.084522
589.848228,0.449269,0.003721,0.082670
597.961219,0.450652,0.003496,0.086817
606.186320,0.453252,0.003767,0.086379
614.524263,0.452062,0.003963,0.088884
622.977022,0.450714,0.003770,0.089979
631.546278,0.448164,0.004194,0.089418
640.233140,0.448569,0.003759,0.088759
649.039589,0.448462,0.004464,0.089032
657.967059,0.447964,0.004854,0.086800
667.017321,0.450026,0.004016,0.085699
676.192393,0.448731,0.004530,0.086691
685.493459,0.451467,0.004519,0.087817
694.921986,0.454179,0.003760,0.088426
704.480701,0.455226,0.004399,0.087247
714.170697,0.454412,0.004192,0.086712
723.994380,0.454150,0.004271,0.085937
733.953050,0.454114,0.005206,0.086060
744.048400,0.452417,0.003780,0.085094
754.282893,0.455090,0.005713,0.085776
764.657944,0.453967,0.003744,0.086555
775.175685,0.451788,0.004596,0.084064
785.838400,0.453774,0.003786,0.087950
796.647480,0.455910,0.004420,0.085967
807.605425,0.451814,0.003937,0.082652
818.714168,0.452943,0.004218,0.081686
829.975355,0.454067,0.003746,0.081236
841.392020,0.453919,0.004250,0.083141
852.965293,0.452002,0.003768,0.083550
864.697715,0.453848,0.003625,0.081172
876.591517,0.453350,0.004077,0.084927
888.648873,0.451976,0.003766,0.085838
900.872269,0.453574,0.003869,0.084420
913.264379,0.449857,0.003875,0.083919
925.826156,0.450921,0.003914,0.083676
938.560746,0.449981,0.003741,0.083634
951.470534,0.447369,0.003766,0.085590
964.558124,0.449729,0.003777,0.082280
977.825373,0.448567,0.003826,0.084571
991.275477,0.449826,0.003762,0.083758
1004.910803,0.451424,0.003890,0.084336
1018.733127,0.454152,0.003603,0.084861
1032.745835,0.454150,0.003671,0.082986
1046.951443,0.449912,0.003767,0.085065
1061.352185,0.450757,0.003753,0.084701
1075.951019,0.450571,0.003633,0.087163
1090.750735,0.450129,0.003703,0.087695
1105.754211,0.455633,0.003926,0.086128
1120.963621,0.453407,0.003744,0.082297
1136.382725,0.449090,0.003947,0.084070
1152.013764,0.448088,0.003814,0.086702
1167.859611,0.453157,0.003519,0.085769
1183.923467,0.454279,0.003588,0.085523
1200.208470,0.453148,0.004033,0.087227
1216.717372,0.455340,0.003641,0.085558
1233.453321,0.454552,0.003780,0.081269
1250.419587,0.456388,0.003687,0.084288
1267.619219,0.457567,0.003762,0.082118
1285.055125,0.459017,0.003572,0.084880
1302.731329,0.457083,0.003589,0.084947
1320.650389,0.453252,0.003665,0.082965
1338.816277,0.450298,0.003768,0.082419
1357.231891,0.452776,0.020394,0.082791
1375.900561,0.448269,0.012869,0.083647
1394.826030,0.446014,0.009974,0.085376
1414.011493,0.450043,0.003609,0.082629
1433.461709,0.445724,0.003785,0.081764
1453.178976,0.446171,0.003689,0.081141
1473.167583,0.448121,0.003730,0.082748
1493.430976,0.449205,0.003870,0.082063
1513.973180,0.452819,0.003585,0.087356
1534.797851,0.452438,0.003682,0.083659
1555.909122,0.453326,0.003764,0.085100
1577.310457,0.452960,0.003494,0.087164
1599.006713,0.451683,0.003623,0.084220
1621.001264,0.450755,0.003757,0.085808
1643.298064,0.452898,0.003554,0.084063
1665.901782,0.449095,0.003670,0.082714
1688.816357,0.452567,0.003630,0.083106
1712.046224,0.451643,0.003731,0.082286
1735.595450,0.450938,0.003550,0.082685
1759.468494,0.450455,0.003775,0.082352
1783.670328,0.450002,0.003681,0.083170
1808.204873,0.451181,0.003656,0.082564
1833.076536,0.449755,0.003720,0.080415
1858.290488,0.446200,0.003711,0.080223
1883.851593,0.453381,0.003629,0.082545
1909.764240,0.452298,0.003589,0.082531
1936.032731,0.453317,0.003575,0.082272
1962.663308,0.450902,0.003568,0.080670
1989.659950,0.456688,0.003602,0.078990
2017.027994,0.454307,0.003584,0.080748
2044.772056,0.456898,0.003537,0.079562
2072.897964,0.453917,0.003677,0.079520
2101.410965,0.451395,0.003575,0.080530
2130.316089,0.452731,0.003508,0.077338
2159.618625,0.457571,0.003600,0.080198
2189.324242,0.452648,0.003513,0.077846
2219.438538,0.452293,0.003796,0.083440
2249.967211,0.452610,0.003587,0.083203
2280.915295,0.455067,0.003651,0.081846
2312.289705,0.453650,0.003670,0.079240
2344.095152,0.463783,0.003464,0.081078
2376.338630,0.455114,0.003664,0.078853
2409.025322,0.455850,0.003478,0.081166
2442.161586,0.452712,0.003508,0.080050
2475.753694,0.452500,0.003521,0.080457
2509.808054,0.452436,0.003615,0.080836
2544.330687,0.448410,0.003833,0.077718
2579.328246,0.446890,0.003717,0.087278
2614.806981,0.447702,0.003817,0.086761
2650.773761,0.444831,0.003877,0.086883
2687.235234,0.449621,0.003834,0.086041
2724.198433,0.449840,0.003939,0.085912
2761.669987,0.446221,0.003804,0.084554
2799.656901,0.448267,0.003765,0.081967
2838.166590,0.443555,0.003680,0.086441
2877.205709,0.445369,0.003606,0.087029
2916.781731,0.451579,0.003564,0.084601
2956.902315,0.448279,0.003690,0.082528
2997.574632,0.453276,0.003716,0.079989
3038.806496,0.450348,0.003587,0.081233
3080.605483,0.453569,0.003548,0.082692
3122.979443,0.451169,0.003542,0.084722
3165.936161,0.456100,0.003654,0.082344
3209.483944,0.452069,0.003479,0.084746
3253.630692,0.452412,0.003521,0.083490
3298.384721,0.452648,0.003573,0.081271
3343.754310,0.452610,0.003603,0.080531
3389.747867,0.454126,0.003474,0.079311
3436.374052,0.452971,0.003734,0.078336
3483.641673,0.455357,0.003544,0.081032
3531.559299,0.453455,0.003511,0.079827
3580.136130,0.450595,0.003512,0.080462
3629.381368,0.446919,0.003784,0.083359
3679.304088,0.449669,0.003872,0.083733
3729.913227,0.450140,0.003850,0.087711
3781.218118,0.453874,0.003747,0.081771
3833.229135,0.452583,0.003441,0.081791
3885.955614,0.445964,0.003940,0.082456
3939.407318,0.455802,0.003953,0.083139
3993.594222,0.447455,0.003755,0.084259
4048.526415,0.451869,0.003692,0.083443
4104.214373,0.447405,0.003655,0.082287
4160.667940,0.445852,0.003611,0.079657
4217.898402,0.447095,0.004349,0.083945
4275.915849,0.448260,0.003771,0.085063
4334.731583,0.449440,0.003811,0.082606
4394.356039,0.450986,0.003644,0.084593
4454.800715,0.449717,0.003859,0.085663
4516.077167,0.446581,0.003789,0.081822
4578.195718,0.449210,0.003700,0.082049
4641.169275,0.454495,0.003637,0.083750
4705.009340,0.451869,0.003681,0.080608
4769.726744,0.450721,0.003653,0.083336
4835.334742,0.454752,0.003562,0.078408
4901.845399,0.458955,0.003513,0.081895
4969.270622,0.455974,0.003557,0.080648
5037.623689,0.449676,0.003701,0.081857
5106.916293,0.457586,0.003685,0.086249
5177.162304,0.456760,0.003356,0.084424
5248.374762,0.452748,0.003768,0.084974
5320.566500,0.453564,0.003714,0.083621
5393.751801,0.450526,0.003722,0.085122
5467.943051,0.449293,0.003735,0.087528
5543.155148,0.448476,0.004002,0.084376
5619.401830,0.453110,0.003870,0.083677
5696.697014,0.449786,0.003908,0.082573
5775.055713,0.454476,0.003575,0.083839
-nan,0.455579,-nan,0.082980
5935.021148,0.452810,0.003663,0.082900
6016.657655,0.457350,0.003455,0.082593
6099.417527,0.456521,0.003616,0.083215
6183.315388,0.452162,0.003677,0.078905
-nan,0.454605,-nan,0.080764
6354.589632,0.454952,0.003914,0.082425
6441.997499,0.456071,0.003670,0.082406
6530.607506,0.457360,0.003683,0.079748
6620.436814,0.453393,0.003507,0.078058
6711.501561,0.453324,0.003492,0.080325
6803.818994,0.451024,0.003570,0.082691
6897.406206,0.450326,0.003608,0.083767
6992.280550,0.447383,0.003937,0.079929
7088.460324,0.447686,0.004025,0.082689
7185.962456,0.451245,0.003485,0.080105
7284.805691,0.449698,0.003608,0.083912
7385.009138,0.448952,0.003770,0.085829
7486.590476,0.454717,0.003675,0.082274
7589.569215,0.451148,0.003680,0.082114
7693.964403,0.453502,0.003589,0.081907
7799.795505,0.454407,0.003501,0.083965
7907.082306,0.455843,0.003523,0.081305
8015.845067,0.456879,0.003443,0.083790
8126.103909,0.456055,0.003541,0.084255
8237.879417,0.457583,0.003627,0.085998
8351.191998,0.452819,0.003609,0.078302
8466.063554,0.450226,0.003751,0.082441
8582.514820,0.448479,0.003468,0.079457
8700.568377,0.447481,0.003656,0.084200
8820.245288,0.452264,0.003578,0.083146
8941.568764,0.451590,0.003617,0.086939
9064.561099,0.448917,0.003719,0.083722
9189.244657,0.449843,0.003588,0.084252
9315.643452,0.451736,0.003711,0.086199
9443.781108,0.448293,0.003642,0.082993
9573.681242,0.451445,0.003559,0.081861
9705.368255,0.452548,0.003574,0.085928
9838.866528,0.453898,0.003678,0.081469
9974.201202,0.449860,0.003808,0.076443
10111.397027,0.455164,0.003758,0.078366
10250.480005,0.454921,0.003540,0.083573
10391.476441,0.452760,0.003481,0.082293
10534.412416,0.455124,0.003644,0.083120
10679.314126,0.459633,0.003695,0.081292
10826.209035,0.450886,0.003719,0.084972
10975.124564,0.454469,0.003623,0.081545
11126.088587,0.453917,0.003841,0.085192
11279.128904,0.454860,0.003405,0.081280
11434.274450,0.453343,0.003472,0.084757
11591.554203,0.447810,0.003596,0.083138
11750.997026,0.448571,0.003546,0.081131
11912.632773,0.457519,0.003405,0.079098
12076.492541,0.455824,0.003715,0.080580
12242.605512,0.458529,0.003470,0.080596
12411.004293,0.453281,0.003762,0.084663
12581.718631,0.453052,0.003551,0.078912
12754.781387,0.450705,0.003592,0.080326
12930.224624,0.448031,0.003613,0.079060
13108.080796,0.448736,0.003782,0.083666
13288.383972,0.448007,0.003956,0.084729
13471.166851,0.449740,0.003400,0.082126
13656.464281,0.450355,0.003666,0.083539
13844.310355,0.449029,0.003798,0.087196
14034.740018,0.448883,0.003617,0.083116
14227.789180,0.448526,0.003613,0.080120
14423.493806,0.450595,0.003876,0.085155
14621.890414,0.452621,0.003427,0.083146
14823.016016,0.449833,0.003625,0.084281
15026.907901,0.455607,0.003546,0.083421
15233.604397,0.449614,0.003642,0.081334
15443.144149,0.453433,0.003580,0.080571
15655.566307,0.453586,0.003743,0.079766
15870.909986,0.451924,0.003461,0.081262
16089.215973,0.450714,0.003662,0.080748
16310.524569,0.457367,0.003504,0.086643
16534.877408,0.453460,0.003596,0.085723
16762.316363,0.454926,0.003202,0.083479
16992.883822,0.454698,0.003303,0.081727
17226.622384,0.457369,0.003538,0.077490
17463.576632,0.455126,0.003837,0.081016
17703.789493,0.453788,0.003571,0.084465
17947.306930,0.452012,0.003613,0.083184
18194.174022,0.452233,0.003711,0.083034
18444.436828,0.451381,0.003461,0.082417
18698.141639,0.450438,0.003806,0.081158
18955.336477,0.454483,0.003629,0.079786
19216.068958,0.448876,0.004143,0.080984
19480.388051,0.451669,0.003929,0.086672
19748.342412,0.454095,0.004285,0.084795
20019.892256,0.449110,4.158573,0.081775
20295.359782,0.453674,-nan,0.082609
20574.524673,0.452617,-nan,0.084112
20857.529033,0.453202,-nan,0.081973
21144.426329,0.452031,-nan,0.084829
21435.270305,0.445674,-nan,0.083495
21730.114207,0.453955,-nan,0.083142
22029.014244,0.453564,-nan,0.085780
22332.025557,0.448764,-nan,0.085077
22639.204836,0.449340,-nan,0.083241
22950.609271,0.450757,-nan,0.090194
23266.297369,0.452588,-nan,0.083697
23586.327396,0.449531,-nan,0.080696
23910.759614,0.452171,-nan,0.081670
24239.654570,0.449552,-nan,0.083908
24573.073565,0.451683,-nan,0.086973
24911.078289,0.452033,-nan,0.081736
25253.732569,0.458038,-nan,0.085025
25601.100366,0.454076,-nan,0.080602
25953.246046,0.447702,-nan,0.083902
26310.235706,0.448862,-nan,0.085455
26672.135324,0.456743,-nan,0.080583
27039.013632,0.451840,-nan,0.086205
27410.937555,0.450338,-nan,0.086287
27787.978100,0.448612,-nan,0.083006
28170.100159,0.449955,-nan,0.083761
28557.688199,0.450919,-nan,0.084643
28950.502297,0.454148,-nan,0.088807
29348.719313,0.453224,-nan,0.082003
29752.413465,0.453376,-nan,0.085802
30161.660982,0.448231,-nan,0.083933
30576.537897,0.445824,-nan,0.084595
30997.120943,0.455169,-nan,0.081507
31423.489851,0.450260,-nan,0.085026
31855.723048,0.455395,-nan,0.084217
32293.901425,0.451471,-nan,0.084230
32738.107733,0.456445,-nan,0.088813
33188.423508,0.450198,-nan,0.084243
33644.933361,0.451555,-nan,0.086117
34107.723004,0.445555,-nan,0.085933
34576.878210,0.446314,-nan,0.085874
35052.486589,0.451610,-nan,0.085336
35534.637107,0.448033,-nan,0.090087
36023.419794,0.446005,-nan,0.092366
36518.925249,0.451888,-nan,0.084837
37021.246500,0.449098,-nan,0.085549
37530.326374,0.451595,-nan,0.087882
38046.713051,0.447693,-nan,0.083695
38570.049490,0.450990,-nan,0.087214
39100.584592,0.452393,-nan,0.084345
39638.416872,0.447350,-nan,0.084390
40183.647297,0.449862,-nan,0.085908
40736.377518,0.452600,-nan,0.083982
41296.710397,0.454340,-nan,0.091176
41864.037429,0.449219,-nan,0.088200
42440.604667,0.446331,-nan,0.093462
43024.379499,0.448421,-nan,0.084845
43616.184320,0.448352,-nan,0.087141
44216.128996,0.449193,-nan,0.095255
44824.326358,0.449840,-nan,0.089975
45440.889577,0.447102,-nan,0.090371
46065.697380,0.445833,-nan,0.088260
46699.575134,0.449633,-nan,0.094489
47341.932592,0.452117,-nan,0.089495
47993.125848,0.441767,-nan,0.089160
48653.275972,0.451707,-nan,0.087474
49322.506592,0.451207,-nan,0.089136
50000.942843,0.448519,-nan,0.088567
50688.710872,0.447638,-nan,0.089926
51385.939144,0.444883,-nan,0.091423
52092.758065,0.445436,-nan,0.091129
52809.298904,0.455455,-nan,0.082587
53535.696244,0.445379,-nan,0.092665
54272.085396,0.445190,-nan,0.090838
55018.603483,0.447138,-nan,0.092368
55775.389747,0.450005,-nan,0.087205
56542.585838,0.449369,-nan,0.090037
57320.334716,0.453152,-nan,0.089462
58108.781933,0.447798,-nan,0.088575
58908.074101,0.445255,-nan,0.088516
59718.360657,0.448626,-nan,0.087167
60539.792797,0.446648,-nan,0.088753
61372.523502,0.447502,-nan,0.091502
62216.708900,0.448098,-nan,0.090648
63072.506053,0.450881,-nan,0.088833
63939.205659,0.441969,-nan,0.093504
64819.577048,0.444740,-nan,0.091934
65711.176839,0.444569,-nan,0.092110
66615.040743,0.446881,-nan,0.092980
67531.337291,0.449190,-nan,0.089663
68460.237866,0.449045,-nan,0.090631
69401.915309,0.448060,-nan,0.092825
70356.545857,0.450105,-nan,0.089492
71324.306834,0.443419,-nan,0.090040
72305.380125,0.449288,-nan,0.092334
73299.948029,0.449762,-nan,0.089930
74308.196258,0.454390,-nan,0.091659
75330.313169,0.446574,-nan,0.090631
76366.489188,0.448074,-nan,0.090259
77416.917931,0.453038,-nan,0.090694
78481.795521,0.448519,-nan,0.091847
79561.320472,0.450305,-nan,0.087352
80655.694523,0.451531,-nan,0.087998
81765.121706,0.448157,-nan,0.092775
82889.809445,0.451119,-nan,0.090414
84029.967117,0.445698,-nan,0.090090
85185.808209,0.447005,-nan,0.095676
86357.547685,0.443126,-nan,0.093420
87545.404219,0.449852,-nan,0.090125
88749.600332,0.451214,-nan,0.092727
89970.360175,0.450069,-nan,0.089903
91207.911775,0.437831,-nan,0.093000
92460.494140,0.445583,-nan,0.094126
93734.316604,0.449238,-nan,0.093446
95023.641572,0.441674,-nan,0.094573
96330.701593,0.447786,-nan,0.096336
97655.739787,0.454086,-nan,0.095839
98999.004521,0.453267,-nan,0.098112
100360.746120,0.443914,-nan,0.091272
101741.218532,0.448583,-nan,0.097282
103140.679501,0.442921,-nan,0.093415
104559.389582,0.450407,-nan,0.087957
105997.614558,0.451955,-nan,0.090912
107455.622763,0.442764,-nan,0.091921
108933.685825,0.448757,-nan,0.095889
110431.759018,0.446152,-nan,0.096706
111948.523470,0.439248,-nan,0.095536
113490.982991,0.445521,-nan,0.098223
115052.062916,0.441183,-nan,0.097225
116634.616045,0.443538,-nan,0.096473
118238.936924,0.447243,-nan,0.094170
119865.325561,0.446786,-nan,0.094370
121514.085072,0.449140,-nan,0.090655
123185.523884,0.442460,-nan,0.097174
124879.953435,0.444790,-nan,0.096275
126597.689566,0.445274,-nan,0.094012
128339.053873,0.447512,-nan,0.100316
130104.370662,0.447714,-nan,0.098360
131893.969643,0.447462,-nan,0.094932
133708.184908,0.442255,-nan,0.093373
135547.354263,0.442507,-nan,0.093360
137411.822269,0.447829,-nan,0.097468
139301.935569,0.446871,-nan,0.096225
141218.048162,0.447321,-nan,0.097672
143160.516773,0.448086,-nan,0.096671
145129.704282,0.446998,-nan,0.096036
147125.977949,0.446179,-nan,0.093987
149149.711080,0.446245,-nan,0.094244
151201.280464,0.442424,-nan,0.099194
153281.069639,0.446317,-nan,0.099226
155389.466366,0.446669,-nan,0.096516
157526.864419,0.453100,-nan,0.092405
159693.662528,0.443438,-nan,0.096779
161890.265082,0.442945,-nan,0.097265
164117.082358,0.449721,-nan,0.094648
166374.529619,0.439860,-nan,0.096119
168663.027895,0.450312,-nan,0.094259
170983.005269,0.444493,-nan,0.099133
173334.894065,0.445869,-nan,0.098016
175719.133265,0.446367,-nan,0.093875
178136.168091,0.444379,-nan,0.097586
180586.448918,0.447681,-nan,0.097125
183070.433848,0.449500,-nan,0.092793
185587.550507,0.447310,-nan,0.097046
188141.314968,0.447938,-nan,0.093965
190729.280596,0.445371,-nan,0.096054
193351.812144,0.442883,-nan,0.100334
196012.368751,0.445388,-nan,0.097270
198708.538612,0.445667,-nan,0.095101
201441.155473,0.447317,-nan,0.096105
204212.647475,0.442002,-nan,0.098471
207021.613378,0.442267,-nan,0.097608
209869.216692,0.444655,-nan,0.098187
212755.989516,0.443038,-nan,0.099903
215682.469850,0.446714,-nan,0.100432
218649.204158,0.443960,-nan,0.098954
221656.746313,0.448229,-nan,0.098615
224705.657385,0.440338,-nan,0.097817
227795.547176,0.446033,-nan,0.101354
230929.870958,0.439700,-nan,0.101200
234106.334952,0.438745,-nan,0.098030
237326.491550,0.438950,-nan,0.098368
240590.941734,0.446255,-nan,0.097759
243900.294780,0.440100,-nan,0.101387
247252.067696,0.444438,-nan,0.100698
250656.188623,0.443114,-nan,0.100669
254103.989934,0.444386,-nan,0.097810
257599.216498,0.442567,-nan,0.100097
261142.519718,0.446379,-nan,0.100885
264734.561941,0.445495,-nan,0.098765
268376.013087,0.444045,-nan,0.102585
272067.552631,0.444031,-nan,0.102448
275809.869478,0.443564,-nan,0.100432
279603.662618,0.443029,-nan,0.098150
283448.183678,0.442088,-nan,0.102007
287348.518500,0.448248,-nan,0.103207
291301.026622,0.445364,-nan,0.101074
295307.902255,0.443226,-nan,0.103371
299369.892440,0.445467,-nan,0.098868
303487.756115,0.443988,-nan,0.099260
307662.261308,0.443095,-nan,0.102489
311894.187251,0.446776,-nan,0.102538
316184.323813,0.445886,-nan,0.101048
320530.293787,0.445195,-nan,0.102987
324942.231746,0.442252,-nan,0.104575
329412.058719,0.441669,-nan,0.102857
333941.658941,0.439426,-nan,0.102577
338536.577544,0.445157,-nan,0.101777
343193.182973,0.444519,-nan,0.103148
347906.612279,0.439812,-nan,0.104429
352699.430585,0.443810,-nan,0.102135
357550.847397,0.444900,-nan,0.104065
362468.996248,0.445136,-nan,0.104636
367454.794318,0.442814,-nan,0.104163
372509.172693,0.446702,-nan,0.104967
377633.074738,0.443467,-nan,0.102758
382819.179364,0.437805,-nan,0.104364
388093.286800,0.444998,-nan,0.109871
393431.549800,0.439533,-nan,0.106793
398843.241236,0.442557,-nan,0.105217
404329.370958,0.439519,-nan,0.106156
409890.962725,0.438295,-nan,0.107428
415529.054766,0.440495,-nan,0.106797
421240.994205,0.443069,-nan,0.109361
427038.963622,0.448352,-nan,0.109255
432912.928343,0.438850,-nan,0.109920
438867.690050,0.442550,-nan,0.108651
444904.360147,0.434352,-nan,0.110799
451023.303241,0.443533,-nan,0.107854
457227.947250,0.446679,-nan,0.108043
463517.164682,0.442024,-nan,0.107997
469892.890621,0.440800,-nan,0.111729
476356.315455,0.442438,-nan,0.108857
482908.460634,0.438514,-nan,0.107910
489551.103538,0.437536,-nan,0.110836
496284.929127,0.441910,-nan,0.109310
503109.742668,0.441581,-nan,0.110919
510026.485953,0.442648,-nan,0.111126
517047.266640,0.436300,-nan,0.108918
524159.304687,0.441881,-nan,0.107718
531369.169717,0.438371,-nan,0.111429
538678.206980,0.436321,-nan,0.108879
546074.642240,0.435936,-nan,0.111867
553599.274517,0.433081,-nan,0.113429
561214.089215,0.437226,-nan,0.115005
568933.646360,0.439619,-nan,0.111176
576757.997794,0.440248,-nan,0.113548
584692.771853,0.434629,-nan,0.110773
592718.539578,0.431512,-nan,0.116818
600888.415106,0.437224,-nan,0.116221
609153.696792,0.437926,-nan,0.113616
617532.668396,0.437121,-nan,0.115373
626024.539398,0.437181,-nan,0.116033
634636.941313,0.436705,-nan,0.117571
643367.467823,0.436024,-nan,0.119449
652214.799567,0.438500,-nan,0.118308
661183.387380,0.434414,-nan,0.122201
670283.079575,0.433002,-nan,0.117637
679502.891890,0.442433,-nan,0.121207
688849.523790,0.438805,-nan,0.120537
698324.719719,0.436767,-nan,0.121031
707927.023526,0.434255,-nan,0.119648
717653.803805,0.428171,-nan,0.125423
727534.195534,0.431664,-nan,0.124086
737537.908867,0.434729,-nan,0.125232
747682.714484,0.433521,-nan,0.125077
757976.488911,0.423629,-nan,0.128572
768402.533360,0.433371,-nan,0.126543
778971.989079,0.428217,-nan,0.123445
789686.828448,0.433288,-nan,0.127705
800549.051753,0.428888,-nan,0.125737
811559.810453,0.428464,-nan,0.123061
822723.786444,0.427331,-nan,0.125918
834035.311028,0.427110,-nan,0.125984
