0.000000,0.995000,0.000000,0.000000
1.002905,0.845375,0.001689,0.026285
1.016705,0.844127,0.001732,0.026432
1.030519,0.842945,0.001694,0.026713
1.044496,0.841695,0.001734,0.026573
1.058823,0.840262,0.001734,0.026637
1.073182,0.838967,0.001729,0.026800
1.087848,0.837510,0.001744,0.027346
1.102722,0.835667,0.001761,0.027652
1.117715,0.834637,0.001735,0.027551
1.132922,0.833135,0.001746,0.027747
1.148396,0.831823,0.001741,0.027853
1.164065,0.830497,0.001766,0.028034
1.180008,0.828958,0.001739,0.028337
1.196045,0.827860,0.001753,0.028421
1.212343,0.826590,0.001757,0.028646
1.228809,0.825262,0.001729,0.028632
1.245683,0.824030,0.001756,0.028436
1.262531,0.822617,0.001754,0.028525
1.279871,0.820720,0.001755,0.028774
1.297327,0.819342,0.001759,0.028941
1.315083,0.818230,0.001800,0.029119
1.332975,0.817020,0.001809,0.029230
1.351137,0.815232,0.001793,0.029007
1.369540,0.813525,0.001765,0.029253
1.388237,0.812110,0.001768,0.029464
1.407079,0.810670,0.001777,0.029698
1.426291,0.808985,0.001769,0.029561
1.445788,0.807557,0.001773,0.029290
1.465519,0.806040,0.001822,0.028992
1.485529,0.804875,0.001782,0.029353
1.505720,0.803523,0.001774,0.029184
1.526197,0.801843,0.001786,0.029014
1.547057,0.800460,0.001823,0.029141
1.568257,0.799683,0.001819,0.029220
1.589618,0.798205,0.001793,0.029401
1.611252,0.796647,0.001850,0.028990
1.633279,0.795220,0.001799,0.029314
1.655544,0.794113,0.001885,0.029586
1.678204,0.792615,0.001782,0.029410
1.701182,0.791425,0.001813,0.029697
1.724145,0.789883,0.001894,0.030139
1.747766,0.788590,0.001827,0.030427
1.771707,0.787235,0.001813,0.030642
1.795869,0.785478,0.001825,0.030835
1.820525,0.783825,0.001857,0.030947
1.845236,0.782388,0.001833,0.031324
1.870501,0.780855,0.001859,0.031920
1.895950,0.779598,0.001877,0.032152
1.921845,0.777918,0.001873,0.032279
1.948011,0.776360,0.001894,0.032455
1.974595,0.774807,0.001890,0.032414
2.001521,0.773760,0.001859,0.032465
2.028773,0.772360,0.001873,0.032309
2.056653,0.770785,0.001856,0.032202
2.084528,0.769455,0.001871,0.032663
2.113039,0.768070,0.001857,0.032545
2.141946,0.765985,0.001942,0.032767
2.171067,0.764045,0.001941,0.033290
2.200776,0.762548,0.001889,0.033514
2.230867,0.760968,0.001890,0.033538
2.261298,0.759460,0.001873,0.033484
2.292139,0.757857,0.001984,0.033604
2.323444,0.756330,0.001906,0.033718
2.355125,0.754632,0.001977,0.033726
2.387348,0.753217,0.001949,0.034287
2.419694,0.751833,0.001936,0.034782
2.452908,0.750052,0.001977,0.034606
2.486398,0.748765,0.002011,0.034376
2.520302,0.747330,0.001938,0.034743
2.554553,0.745672,0.001945,0.034889
2.589524,0.743872,0.001953,0.035148
2.625039,0.742358,0.001939,0.035784
2.660715,0.741085,0.001948,0.035867
2.697260,0.739625,0.001948,0.036019
2.733966,0.738342,0.002012,0.036641
2.771303,0.736365,0.001986,0.036502
2.809156,0.734920,0.002024,0.036330
2.847400,0.733400,0.001935,0.036175
2.886208,0.732247,0.001971,0.036467
2.925788,0.730205,0.001992,0.036543
2.965631,0.728557,0.002000,0.036027
3.006105,0.726995,0.001978,0.036020
3.047060,0.725058,0.002014,0.035845
3.088797,0.723325,0.001964,0.036008
3.130950,0.722160,0.002012,0.036109
3.173777,0.721023,0.002017,0.036382
3.217219,0.719325,0.002011,0.036330
3.260996,0.717723,0.002084,0.036004
3.305627,0.716280,0.002015,0.035856
3.350426,0.714483,0.002079,0.036111
3.396356,0.712590,0.002028,0.035845
3.442791,0.711313,0.002011,0.036132
3.489647,0.709993,0.002016,0.036220
3.537484,0.708813,0.002084,0.036068
3.585697,0.707640,0.002061,0.036575
3.634766,0.706455,0.002093,0.036935
3.684250,0.705160,0.002094,0.037371
3.734717,0.703093,0.002074,0.037370
3.785643,0.701613,0.002115,0.037433
3.837292,0.699963,0.002043,0.037043
3.890023,0.698457,0.002104,0.037145
3.942894,0.697400,0.002053,0.037292
3.996785,0.696285,0.002077,0.037094
4.051193,0.694875,0.002076,0.037883
4.106747,0.692810,0.001993,0.037963
4.162680,0.691355,0.002093,0.038186
4.219553,0.689823,0.002087,0.038618
4.277310,0.687905,0.002122,0.038545
4.335764,0.686117,0.002160,0.038907
4.394718,0.684400,0.002119,0.038807
4.454942,0.683010,0.002099,0.039212
4.515667,0.681827,0.002121,0.038981
4.577501,0.679937,0.002071,0.039703
4.639912,0.679052,0.002155,0.039723
4.703344,0.677510,0.002160,0.040325
4.767622,0.676790,0.002136,0.039905
4.832704,0.674820,0.002166,0.040350
4.898677,0.673155,0.002253,0.040210
4.965629,0.671907,0.002137,0.040956
5.033362,0.670857,0.002185,0.041212
5.102095,0.669492,0.002177,0.041550
5.171812,0.668245,0.002164,0.041295
5.242399,0.666870,0.002259,0.041765
5.314094,0.665435,0.002165,0.041753
5.386774,0.664370,0.002187,0.041762
5.460245,0.662770,0.002199,0.041518
5.534709,0.660907,0.002248,0.042409
5.610403,0.659782,0.002256,0.042007
5.687038,0.658490,0.002205,0.041844
5.764629,0.657167,0.002189,0.041506
5.843480,0.655792,0.002266,0.041374
5.923273,0.654660,0.002281,0.041512
6.003988,0.653600,0.002220,0.042346
6.086196,0.651903,0.002227,0.042685
6.169209,0.650915,0.002270,0.042618
6.253593,0.649132,0.002228,0.042864
6.339064,0.647965,0.002272,0.043297
6.425705,0.646450,0.002304,0.043515
6.513354,0.644975,0.002216,0.043581
6.602506,0.643935,0.002276,0.043439
6.692516,0.642397,0.002239,0.044021
6.783941,0.641162,0.002227,0.044115
6.876600,0.639870,0.002386,0.044167
6.970585,0.637337,0.002288,0.043987
7.065805,0.636150,0.002316,0.044768
7.162281,0.634947,0.002313,0.045241
7.260254,0.633892,0.002358,0.045453
7.359269,0.632492,0.002326,0.045572
7.459853,0.631625,0.002443,0.046520
7.561715,0.630228,0.002327,0.046389
7.665074,0.630015,0.002341,0.045723
7.769812,0.628297,0.002299,0.046586
7.875963,0.627100,0.002405,0.045475
7.983439,0.626327,0.002311,0.045933
8.092591,0.624518,0.002278,0.045272
8.203280,0.622927,0.002302,0.045637
8.315077,0.621840,0.002369,0.045277
8.428884,0.620295,0.002392,0.045304
8.543955,0.619123,0.002388,0.045444
8.660609,0.617443,0.002365,0.045710
8.778864,0.615950,0.002365,0.045851
8.898854,0.614100,0.002405,0.046142
9.020512,0.612353,0.002392,0.045694
9.143836,0.610550,0.002394,0.045151
9.268725,0.610198,0.002406,0.045980
9.395355,0.609433,0.002360,0.046929
9.523686,0.608185,0.002366,0.046409
9.653617,0.607020,0.002411,0.047100
9.785583,0.605487,0.002404,0.046807
9.919339,0.604335,0.002453,0.047405
10.054769,0.603468,0.002427,0.047592
10.192062,0.602813,0.002509,0.047311
10.331470,0.601425,0.002552,0.047568
10.472604,0.600523,0.002381,0.047033
10.615647,0.598700,0.002501,0.047776
10.760834,0.597200,0.002462,0.047961
10.907875,0.595393,0.002430,0.047861
11.056790,0.594213,0.002429,0.047919
11.207661,0.592570,0.002491,0.048070
11.360908,0.591590,0.002397,0.047527
11.516110,0.590375,0.002499,0.047589
11.673783,0.589680,0.002497,0.047826
11.832936,0.588537,0.002475,0.048537
11.994810,0.587303,0.002516,0.048719
12.158537,0.585013,0.002527,0.048548
12.324678,0.583818,0.002568,0.049188
12.493029,0.583083,0.002548,0.049404
12.663945,0.581538,0.002533,0.049596
12.836772,0.580530,0.002565,0.049947
13.012040,0.579570,0.002543,0.050616
13.189932,0.577585,0.002510,0.050943
13.370265,0.575880,0.002537,0.050987
13.552996,0.574832,0.002572,0.050656
13.738047,0.573440,0.002547,0.050153
13.925661,0.572358,0.002581,0.050990
14.116144,0.570630,0.002622,0.051407
14.308981,0.568210,0.002598,0.050907
14.504522,0.567085,0.002617,0.050665
14.702627,0.564883,0.002545,0.051227
14.903446,0.564377,0.002650,0.051268
15.107093,0.563383,0.002533,0.051473
15.313402,0.562470,0.002658,0.051317
15.522779,0.561695,0.002590,0.051488
15.734827,0.561047,0.002674,0.051834
15.949893,0.559900,0.002617,0.051385
16.167848,0.559405,0.002694,0.050923
16.388617,0.557878,0.002676,0.051217
16.612815,0.556125,0.002725,0.051331
16.839678,0.555098,0.002688,0.051086
17.069615,0.554438,0.002673,0.051549
17.302825,0.553703,0.002643,0.052062
17.539367,0.552540,0.002621,0.052828
17.778883,0.552890,0.002705,0.053059
18.022025,0.551472,0.002638,0.053455
18.268505,0.551060,0.002701,0.053718
18.517689,0.549750,0.002709,0.053829
18.770897,0.548825,0.002644,0.053832
19.027232,0.547855,0.002670,0.053655
19.287164,0.546082,0.002745,0.054443
19.550855,0.544272,0.002697,0.054570
19.817927,0.542615,0.002686,0.055255
20.088881,0.542767,0.002734,0.055916
20.363381,0.541295,0.002766,0.054598
20.641763,0.540583,0.002776,0.054350
20.923467,0.539717,0.002762,0.053986
21.209481,0.539540,0.002758,0.054340
21.499480,0.537490,0.002826,0.054319
21.792961,0.536100,0.002769,0.054378
22.090831,0.534445,0.002791,0.054774
22.392676,0.533355,0.002790,0.054690
22.698649,0.532490,0.002804,0.055854
23.008930,0.531143,0.002831,0.055885
23.323401,0.530300,0.002811,0.055802
23.642059,0.529280,0.002853,0.057229
23.965238,0.528293,0.002878,0.057556
24.292498,0.527593,0.002848,0.058116
24.624514,0.526088,0.002789,0.059685
24.961151,0.524778,0.002861,0.060519
25.301957,0.522490,0.002876,0.060214
25.647790,0.521970,0.002939,0.061537
25.998181,0.521020,0.002913,0.061138
26.353436,0.520385,0.002931,0.059986
26.713808,0.518808,0.002937,0.059601
27.078760,0.517605,0.002902,0.059339
27.448727,0.516038,0.002889,0.060575
27.823729,0.515838,0.002848,0.061359
28.204043,0.515278,0.002950,0.060798
28.589560,0.514342,0.002992,0.061593
28.980012,0.513083,0.002985,0.061858
29.376205,0.512897,0.002943,0.061258
29.777588,0.512372,0.002925,0.061717
30.184353,0.512058,0.002959,0.063585
30.596788,0.510460,0.003030,0.063323
31.015009,0.509882,0.003064,0.063115
31.438655,0.508738,0.003065,0.062269
31.868421,0.507528,0.003004,0.063641
32.303800,0.506710,0.002912,0.063250
32.745043,0.504545,0.002950,0.063461
33.192804,0.504435,0.003000,0.063180
33.646561,0.502612,0.003047,0.063976
34.106048,0.502422,0.002984,0.064209
34.572093,0.501367,0.003014,0.064653
35.044813,0.500613,0.003075,0.065608
35.523554,0.499492,0.002977,0.064936
36.009095,0.498602,0.003078,0.064361
36.501064,0.497000,0.002902,0.064112
36.999802,0.497260,0.002965,0.063993
37.505653,0.495767,0.003054,0.065406
38.018079,0.493822,0.003052,0.064976
38.537436,0.493323,0.002990,0.064277
39.064094,0.492990,0.002934,0.064292
39.598062,0.490848,0.003107,0.064172
40.139253,0.488955,0.003096,0.064831
40.687973,0.488855,0.003183,0.065841
41.243603,0.487805,0.003099,0.066694
41.807346,0.486740,0.003105,0.066073
42.378591,0.485417,0.003194,0.065515
42.957698,0.483970,0.003171,0.065787
43.544825,0.485052,0.003168,0.066070
44.139803,0.484285,0.003161,0.066008
44.742878,0.483130,0.003221,0.064922
45.354406,0.483210,0.003209,0.065169
45.974232,0.480455,0.003230,0.063775
46.602715,0.479880,0.003189,0.063171
47.239392,0.479465,0.003175,0.063818
47.884869,0.478970,0.003276,0.063876
48.539400,0.479065,0.003290,0.064679
49.202638,0.478485,0.003223,0.065120
49.874999,0.477288,0.003281,0.064713
50.556370,0.473985,0.003099,0.064074
51.247433,0.473070,0.003302,0.064772
51.947899,0.473683,0.003245,0.063018
52.657533,0.472212,0.003195,0.063540
53.377425,0.468795,0.003352,0.063843
54.106819,0.467045,0.003252,0.062939
54.845996,0.465355,0.003250,0.064163
55.595745,0.463615,0.003325,0.065309
56.355390,0.461853,0.003420,0.064459
57.125802,0.459673,0.003440,0.065528
57.906422,0.459207,0.003398,0.067099
58.697777,0.458268,0.003405,0.066984
59.499967,0.456538,0.003383,0.066329
60.313054,0.456170,0.003329,0.065600
61.137115,0.455663,0.003471,0.067955
61.972441,0.455638,0.003396,0.068747
62.819513,0.454360,0.003473,0.068834
63.678075,0.454220,0.003433,0.068087
64.548282,0.452668,0.003482,0.067735
65.430534,0.452790,0.003428,0.067452
66.324403,0.453448,0.003418,0.069034
67.230861,0.449550,0.003535,0.069691
68.149441,0.449320,0.003522,0.072143
69.081122,0.446410,0.003591,0.073814
70.025065,0.446377,0.003544,0.073039
70.982003,0.446125,0.003507,0.074435
71.952147,0.443835,0.003629,0.072511
72.935344,0.442640,0.003532,0.071003
73.932059,0.442765,0.003493,0.071649
74.942331,0.443470,0.003629,0.070856
75.966450,0.442267,0.003576,0.071794
77.004846,0.440100,0.003516,0.072105
78.057053,0.441028,0.003532,0.073061
79.123805,0.438443,0.003601,0.071926
80.205201,0.436270,0.003744,0.072404
81.301263,0.435630,0.003569,0.072244
82.412267,0.434803,0.003672,0.072736
83.538378,0.435300,0.003568,0.072539
84.680064,0.435925,0.003667,0.072397
85.837365,0.435132,0.003698,0.073377
87.010512,0.433388,0.003773,0.074232
88.199431,0.433808,0.003700,0.073860
89.405228,0.433232,0.003721,0.073877
90.626850,0.431638,0.003801,0.073056
91.865393,0.430732,0.003753,0.073654
93.121047,0.429957,0.003870,0.074166
94.393476,0.430888,0.004077,0.075080
95.683234,0.429585,0.003690,0.076480
96.990887,0.428277,0.003689,0.077888
98.316557,0.427773,0.003802,0.076770
99.659827,0.426585,0.003716,0.075578
101.022060,0.425690,0.003776,0.077011
102.402689,0.424880,0.003869,0.077344
103.802186,0.425807,0.003767,0.076596
105.220713,0.426015,0.003810,0.076565
106.658798,0.425233,0.003845,0.074509
108.116083,0.422502,0.003834,0.074527
109.593758,0.422492,0.003622,0.075614
111.091537,0.419540,0.003860,0.076087
112.609635,0.419290,0.003881,0.075324
114.148739,0.418112,0.003958,0.075757
115.708686,0.414913,0.003806,0.076655
117.289838,0.415675,0.003882,0.077193
118.893116,0.413367,0.004014,0.077984
120.517957,0.414742,0.004148,0.080772
122.164595,0.413232,0.003874,0.078797
123.834175,0.410925,0.003982,0.079594
125.526832,0.409920,0.003956,0.079398
127.242282,0.408062,0.004070,0.080161
128.980931,0.408010,0.004195,0.079512
130.743956,0.407483,0.003970,0.079084
132.530720,0.407700,0.004147,0.078493
134.341921,0.407233,0.004219,0.078490
136.177936,0.406835,0.003954,0.080477
138.038972,0.406725,0.004095,0.080618
139.925307,0.404247,0.004039,0.079566
141.837650,0.403435,0.003979,0.080562
143.776237,0.401128,0.004362,0.079352
145.741015,0.401585,0.004223,0.079728
147.732756,0.403255,0.004275,0.079965
149.751641,0.400728,0.004118,0.080283
151.798216,0.400107,0.004144,0.080656
153.872734,0.397613,0.004274,0.081007
155.975683,0.395550,0.004374,0.079386
158.107553,0.394510,0.004435,0.080608
160.268256,0.392422,0.004395,0.081267
162.458314,0.392110,0.004300,0.079092
164.678634,0.389365,0.004593,0.081636
166.929246,0.388082,0.004673,0.080815
169.210695,0.387363,0.004606,0.080057
171.522894,0.388285,0.004693,0.079747
173.866964,0.389018,0.004608,0.080168
176.243470,0.386268,0.004550,0.081909
178.651837,0.387345,0.004709,0.080961
181.093475,0.388255,0.004745,0.081451
183.568283,0.386592,0.004611,0.079201
186.076997,0.385310,0.004350,0.078723
188.619999,0.386438,0.004409,0.078210
191.197801,0.385517,0.004314,0.078196
193.810591,0.385773,0.004389,0.080776
196.459554,0.383795,0.004791,0.080898
199.144515,0.384460,0.004677,0.081555
201.865944,0.382268,0.004539,0.082987
204.624847,0.380710,0.004562,0.082850
207.421331,0.381145,0.004723,0.082704
210.256085,0.380820,0.004375,0.082265
213.129740,0.380385,0.004566,0.082108
216.042311,0.381785,0.004626,0.083459
218.994854,0.378760,0.004953,0.085119
221.987716,0.377392,0.004735,0.085053
225.021600,0.374270,0.004552,0.085203
228.096821,0.374055,0.004717,0.085894
231.214014,0.373978,0.004669,0.084579
234.374187,0.373128,0.004946,0.084071
237.577083,0.373430,0.004754,0.082742
240.823734,0.371665,0.004551,0.083641
244.115271,0.371485,0.004630,0.083281
247.451537,0.369463,0.004846,0.083072
250.833005,0.369852,0.004838,0.082126
254.260922,0.367787,0.004625,0.082484
257.736284,0.366540,0.004610,0.083088
261.258745,0.367725,0.004948,0.084667
264.829130,0.366435,0.005129,0.086052
268.448716,0.367123,0.005347,0.087178
272.117257,0.366510,0.005116,0.088549
275.835968,0.365375,0.005000,0.088344
279.605986,0.367045,0.005302,0.086572
283.427329,0.364703,0.006456,0.086262
287.300841,0.365333,0.005144,0.085846
291.227248,0.364005,0.006775,0.086801
295.207195,0.361375,0.007172,0.087710
299.241273,0.362940,0.005038,0.087009
303.331575,0.361817,0.007055,0.087245
307.476650,0.360617,0.005733,0.088994
311.679108,0.358510,0.006667,0.087880
315.938764,0.358055,0.005776,0.087636
320.256125,0.357408,0.005902,0.088812
324.632918,0.357637,0.005230,0.088830
329.069792,0.360198,0.005280,0.089791
333.566748,0.359543,0.005187,0.090348
338.125864,0.357493,0.005451,0.090630
342.746834,0.357415,0.005486,0.089688
347.431001,0.355723,0.005400,0.089844
352.179196,0.356840,0.005305,0.090856
356.992284,0.357768,0.005408,0.094908
361.871478,0.358922,0.005659,0.092935
366.816860,0.357053,0.005663,0.092418
371.829561,0.355865,0.005328,0.091253
376.911485,0.354695,0.005300,0.092433
382.062535,0.354798,0.005731,0.093192
387.284442,0.352080,0.006042,0.092935
392.577527,0.352825,0.006101,0.092451
397.942718,0.350508,0.006834,0.092016
403.381181,0.350410,0.006704,0.094650
408.894184,0.348992,0.008625,0.095057
414.481953,0.348587,0.008230,0.093212
420.146751,0.348055,0.005866,0.092600
425.888669,0.347725,0.006319,0.093151
431.709134,0.347400,0.009111,0.093311
437.607296,0.348860,0.076471,0.092172
443.590198,0.349627,0.006134,0.093884
449.652239,0.348589,0.005937,0.093366
455.797646,0.346693,0.006541,0.094167
462.026457,0.346006,0.005918,0.094681
468.341148,0.342501,0.006120,0.096185
474.742076,0.341973,0.006150,0.093594
481.230088,0.341576,0.006277,0.096889
487.807004,0.339817,0.006657,0.095594
494.473657,0.342229,0.007477,0.094912
501.231366,0.343809,0.006740,0.096909
508.081417,0.344512,0.005882,0.095637
515.025550,0.343544,0.007111,0.097376
522.063935,0.342246,0.005875,0.096615
529.199540,0.338852,0.007282,0.095673
536.431473,0.340545,0.007054,0.096378
543.762441,0.339772,0.005945,0.097172
551.194241,0.336638,0.006636,0.094619
558.726826,0.337834,0.005926,0.094996
566.362922,0.337324,0.005824,0.094728
574.103540,0.336923,0.006299,0.095018
581.949900,0.336781,0.007232,0.095850
589.903656,0.333389,0.008967,0.098165
597.964885,0.334470,0.006562,0.096667
606.136934,0.332664,0.006873,0.095585
614.421446,0.335788,0.006818,0.097497
622.818027,0.333844,0.007016,0.096762
631.330284,0.333644,0.007357,0.096539
639.958663,0.333624,0.007109,0.097320
648.704621,0.335420,0.007000,0.096845
657.569746,0.337854,0.007796,0.098946
666.556908,0.333664,0.008289,0.098098
675.666428,0.336051,0.007381,0.099366
684.900627,0.336041,0.006629,0.098752
694.261164,0.333074,0.007384,0.097646
703.749742,0.332191,0.007597,0.097243
713.367606,0.333847,0.007068,0.097046
723.116850,0.332509,0.007529,0.097990
732.999519,0.334407,0.007136,0.097365
743.017326,0.331173,0.007464,0.096629
753.171471,0.329242,0.011220,0.097115
763.464961,0.330093,0.006651,0.100222
773.899496,0.326367,0.008008,0.100445
784.476162,0.328307,0.007360,0.100946
795.192019,0.328135,0.236771,0.100129
806.065414,0.328149,0.008586,0.101716
817.081807,0.327720,0.023112,0.103802
828.248333,0.326389,0.009444,0.102809
839.567868,0.329285,0.008162,0.101978
851.039917,0.327016,0.106973,0.104205
862.673375,0.326937,0.008080,0.101058
874.463232,0.322381,0.007312,0.099959
886.414386,0.322692,0.008875,0.100317
898.528634,0.322730,0.007451,0.101237
910.808658,0.323633,0.007733,0.104770
923.256419,0.323234,0.008443,0.103310
935.874521,0.318578,0.007506,0.099052
948.664874,0.319405,0.008582,0.102344
961.630191,0.315595,0.009302,0.100342
974.771996,0.314400,0.007114,0.101143
988.086141,0.314942,0.199651,0.101507
1001.598932,0.315118,0.008848,0.101547
1015.286981,0.318323,0.007490,0.104476
1029.163497,0.317011,0.009848,0.104000
1043.228248,0.318937,0.010031,0.104912
1057.485698,0.320930,0.008389,0.107232
1071.938543,0.316916,0.008105,0.104501
1086.588363,0.314957,0.008806,0.104894
1101.439059,0.311280,0.009365,0.104991
1116.491776,0.313482,0.007672,0.104700
1131.751322,0.313286,0.016639,0.104368
1147.218824,0.313228,0.022780,0.106157
1162.868561,0.311109,0.636721,0.105562
1178.789970,0.314839,0.008847,0.107528
1194.900909,0.312101,0.014757,0.107007
1211.231266,0.308987,0.014818,0.105727
1227.784418,0.309589,0.008941,0.107914
1244.564404,0.311955,0.009445,0.110184
1261.574118,0.309841,0.012973,0.110221
1278.815519,0.306199,0.010435,0.110528
1296.292696,0.311136,0.009651,0.111370
1314.005211,0.311403,0.154478,0.110734
1331.966667,0.307616,0.010523,0.112806
1350.171866,0.307686,0.017071,0.111781
1368.623001,0.309745,0.010623,0.110001
1387.328686,0.309839,0.012191,0.111508
1406.276226,0.309743,0.315389,0.108893
1425.499772,0.309243,0.210769,0.108507
1444.989921,0.309335,0.009876,0.108917
1464.738227,0.307533,0.010596,0.107047
1484.757018,0.307083,0.009621,0.111232
1505.022620,0.308751,0.664678,0.106371
1525.617912,0.306542,0.010057,0.105121
1546.464534,0.304466,0.145502,0.106864
1567.602995,0.306907,0.008622,0.111225
1589.027471,0.306497,0.010220,0.107888
1610.722853,0.307715,0.589878,0.111154
1632.759237,0.305457,0.014122,0.110422
1655.061934,0.306821,0.339938,0.108347
1677.692360,0.305361,0.009690,0.108658
1700.599703,0.307717,0.556405,0.111143
1723.848181,0.307500,0.388701,0.112423
1747.399483,0.308456,0.742196,0.113019
1771.296200,0.308121,0.228932,0.111129
1795.492629,0.306608,0.455605,0.110643
1820.051363,0.308432,0.008968,0.109774
1844.925499,0.308983,0.057548,0.111099
1870.133990,0.307952,0.343717,0.108928
1895.691486,0.310354,0.330868,0.111642
1921.598102,0.306085,0.442818,0.111643
1947.847896,0.305457,0.550108,0.108067
1974.458924,0.306481,0.697458,0.109018
2001.476404,0.306960,0.012205,0.109633
2028.817825,0.306672,0.400977,0.111455
2056.514123,0.306661,0.968513,0.109781
2084.654453,0.306233,0.242839,0.110601
2113.149861,0.299651,0.168854,0.108289
2142.011336,0.304272,0.599561,0.110227
2171.306780,0.300418,0.162992,0.107684
2200.957204,0.303536,0.856397,0.106084
2231.049950,0.306557,0.394100,0.106931
2261.537689,0.306687,0.614562,0.110616
2292.432252,0.306571,0.834445,0.110420
2323.796151,0.306835,0.009664,0.107244
2355.554982,0.308680,0.011722,0.108862
2387.722503,0.308546,0.799458,0.109096
2420.380654,0.307474,0.011992,0.106422
2453.447460,0.304660,0.381826,0.106634
2486.990535,0.306925,0.010437,0.105352
2520.976423,0.303135,0.117892,0.104411
2555.401643,0.302364,1.025600,0.107504
2590.335133,0.301955,0.755039,0.106075
2625.761055,0.302673,0.010376,0.105901
2661.645372,0.302539,0.059645,0.105760
2698.021189,0.304527,0.045683,0.105554
2734.872366,0.304200,0.759977,0.105647
2772.273542,0.306377,0.010232,0.106405
2810.141885,0.305132,0.521755,0.110554
2848.534111,0.305779,1.064411,0.111504
2887.500131,0.300489,0.014270,0.111457
2926.962144,0.299027,0.009373,0.107741
2966.916086,0.303242,1.204999,0.110386
3007.422322,0.302113,1.786850,0.110001
3048.573591,0.298328,1.324015,0.107640
3090.272445,0.303308,0.289676,0.110596
3132.457276,0.301654,1.467520,0.107340
3175.328282,0.307116,0.011762,0.108241
3218.698674,0.304413,0.793855,0.109296
3262.686192,0.300134,0.698501,0.106620
3307.306103,0.299612,0.011202,0.109299
3352.498283,0.299331,0.349855,0.106664
3398.322892,0.304347,0.064152,0.107022
3444.768522,0.304349,0.010620,0.107132
3491.848166,0.298947,0.011845,0.110180
3539.572367,0.302481,0.045293,0.107171
3587.822284,0.303639,2.381245,0.107714
3636.942690,0.301335,1.173709,0.104078
3686.687756,0.303771,0.010974,0.108440
3737.062497,0.302792,0.220230,0.109074
3788.147285,0.299081,0.013048,0.109038
3839.836199,0.302170,2.071388,0.111239
3892.398486,0.302222,0.010025,0.109977
3945.541009,0.301231,1.087514,0.111045
3999.510560,0.301143,0.223305,0.110742
4054.180408,0.301989,0.010811,0.112130
4109.588906,0.300364,0.011552,0.115027
4165.678140,0.298532,1.630650,0.113498
4222.600884,0.298638,2.127111,0.108513
4280.273040,0.296176,2.216442,0.113501
4338.868842,0.297863,0.687897,0.108904
4398.049709,0.294904,2.114952,0.108650
4458.282314,0.299906,1.003634,0.108499
4519.172694,0.297537,1.065847,0.107687
4581.000272,0.299845,0.014553,0.109882
4643.463368,0.298401,2.348191,0.109533
4707.046021,0.297804,0.510494,0.107309
4771.402822,0.297553,0.012502,0.109695
4836.612688,0.296728,0.032133,0.109258
4902.715329,0.293339,0.025601,0.110420
4969.588647,0.295349,2.241211,0.114028
5037.614716,0.299007,0.782917,0.111368
5106.385490,0.299110,1.721420,0.113319
5176.187150,0.302161,1.943707,0.109045
5246.859143,0.301287,3.108190,0.107631
5318.716479,0.299146,0.667177,0.107504
5391.422334,0.300392,0.009617,0.112093
5464.950599,0.302114,2.756972,0.113262
-nan,-nan,-nan,-nan
5615.302389,0.301427,3.321730,0.110804
5692.144762,0.299708,2.303728,0.113748
5769.897668,0.298842,2.961668,0.112035
5848.803329,0.297771,2.413465,0.113494
-nan,-nan,-nan,-nan
6009.763593,0.299073,2.302156,0.113441
6092.010878,0.295778,0.012461,0.112367
6175.269390,0.300927,0.009167,0.112069
6259.545024,0.302464,2.511330,0.113388
6345.055111,0.301718,3.057889,0.112763
6431.935488,0.308655,0.013728,0.113283
6519.723955,0.305981,2.750682,0.111747
6608.905750,0.304076,1.157822,0.110236
6699.050194,0.305050,3.567952,0.110855
6790.827314,0.305716,0.010451,0.110471
6883.463877,0.297244,3.566916,0.108576
6977.588949,0.298708,3.118052,0.107575
7072.907595,0.302399,2.943358,0.108286
7169.719277,0.298528,0.757504,0.104269
7267.692207,0.304180,0.897596,0.107099
7366.985216,0.300813,1.405493,0.108515
7467.724024,0.304244,0.476301,0.105514
7569.786437,0.299252,0.786498,0.108641
7673.002327,0.303034,4.214412,0.112996
7777.931981,0.302988,3.172954,0.109136
7884.432989,0.306217,0.024635,0.109566
7991.899159,0.301078,4.432213,0.111436
8101.299121,0.306563,2.305031,0.114052
8212.100598,0.302293,1.554147,0.110883
8324.115765,0.297564,4.745083,0.114954
8438.021240,0.305982,2.769944,0.108144
8553.364924,0.303730,2.171356,0.105251
8670.190289,0.314440,4.000479,0.104537
8788.744999,0.314271,2.648840,0.105870
8908.750490,0.310491,3.400245,0.108881
9030.335153,0.307286,6.555995,0.105261
9153.903139,0.307053,3.868365,0.105958
9279.130996,0.314257,3.764516,0.106034
9406.083251,0.311617,0.010103,0.105818
9534.636654,0.307777,0.023277,0.104889
9664.615333,0.305322,5.604184,0.107252
9796.871386,0.302051,3.896553,0.103269
9930.241566,0.300996,8.442488,0.106408
10066.590073,0.305768,2.484848,0.103539
10203.999659,0.303720,3.323709,0.105402
10343.323441,0.301811,5.945732,0.104276
10485.045670,0.302646,0.555872,0.108447
10628.267643,0.303121,3.557310,0.109988
10773.289937,0.303765,4.694691,0.109563
10919.946017,0.303990,10.433596,0.105839
11070.110113,0.310888,0.010712,0.105127
11221.306066,0.313531,3.768630,0.107939
11374.528155,0.313193,2.981766,0.107580
11530.082382,0.304987,2.765920,0.108247
11687.805796,0.308515,0.011913,0.104726
11847.030481,0.303419,7.163380,0.110697
12009.032276,0.294392,7.028748,0.112147
12173.344595,0.299513,4.153089,0.113816
12339.602863,0.294043,7.024412,0.107880
12508.453010,0.300892,2.309037,0.111443
12679.047930,0.303729,7.039753,0.115624
12852.504699,0.298738,6.221811,0.110843
13027.654918,0.298445,10.947705,0.112440
13205.967959,0.297704,9.649200,0.114350
13386.668074,0.305556,7.072348,0.115512
13569.687146,0.308062,5.152120,0.114881
13754.254367,0.308670,14.634484,0.113842
13942.881729,0.305969,7.662215,0.115668
14133.820771,0.303549,3.903922,0.111793
14326.871587,0.304509,5.894035,0.110127
14522.807775,0.300751,5.787108,0.110035
14720.998729,0.302570,7.884824,0.107734
14922.704118,0.297319,0.110755,0.108296
15125.605262,0.304546,13.986121,0.111363
15332.669240,0.299996,8.571285,0.112220
15542.436348,0.306294,9.470266,0.113051
15755.185043,0.296643,4.016515,0.110754
15970.212664,0.298954,8.631895,0.112795
16188.804194,0.302286,4.322120,0.109856
16409.126518,0.294858,12.882675,0.113638
16633.795995,0.300362,9.452827,0.116607
16861.661530,0.303289,3.783214,0.114126
17091.607523,0.298853,9.304445,0.112397
17325.332887,0.300976,9.334074,0.112082
17562.317722,0.295525,8.851485,0.109656
17801.045757,0.293568,15.471835,0.110558
18045.793838,0.308922,4.683583,0.108635
18292.512468,0.301059,4.836627,0.104648
18541.686176,0.294704,11.300648,0.112149
18794.786883,0.299064,15.658890,0.112085
19052.647913,0.305847,4.098940,0.113394
19312.651534,0.299330,10.957379,0.112373
19575.986697,0.293406,14.963886,0.109392
19844.080077,0.290655,10.947220,0.110888
20115.225136,0.294542,11.266335,0.110999
20390.567272,0.292913,9.355739,0.111030
20668.860737,0.302467,14.164397,0.108555
20951.619412,0.302026,10.201236,0.107862
21237.972489,0.308922,10.031849,0.114448
21527.546270,0.305118,14.848142,0.111449
21822.402142,0.307677,11.811048,0.101848
22121.007462,0.301925,6.757941,0.111616
22422.948115,0.301972,9.628873,0.112263
22730.069934,0.302642,0.009158,0.103852
23040.451709,0.302560,5.056987,0.107278
23354.177379,0.303184,17.168951,0.114334
23672.705553,0.299593,24.106045,0.111597
23996.460297,0.294766,20.786532,0.121449
24323.584489,0.295559,23.295379,0.120103
24657.170724,0.300541,20.842569,0.107404
24995.056921,0.303681,11.507400,0.111479
25335.408302,0.309393,24.003436,0.110151
25682.198968,0.303452,17.447120,0.106349
26034.049092,0.304262,13.232220,0.113654
26387.851889,0.307831,25.903428,0.115556
26748.808588,0.301287,26.630950,0.115398
27115.797329,0.292668,13.332643,0.116114
27483.380918,0.295266,33.866602,0.120119
27859.505988,0.301477,32.192878,0.117297
28241.854043,0.300932,24.999139,0.115701
28626.782731,0.288531,28.904740,0.116913
29018.274358,0.293113,29.022931,0.116722
29416.201094,0.295238,23.093021,0.118529
29818.715195,0.296918,15.362827,0.120340
30220.790815,0.303620,42.879115,0.120472
30638.090405,0.300260,27.769165,0.114237
31057.712153,0.290449,20.853013,0.115259
31482.136842,0.295972,19.132636,0.115687
31910.909532,0.298629,33.952308,0.115864
32346.768839,0.295767,33.867960,0.107847
32789.662311,0.300909,20.683146,0.123624
33237.425609,0.295815,29.691654,0.105511
33694.006869,0.305154,11.353249,0.107571
34154.350275,0.306094,15.452720,0.116594
34620.883492,0.300599,15.374933,0.109888
35094.556504,0.292591,14.979342,0.110587
35572.839231,0.302241,22.638898,0.110732
36057.765883,0.297540,33.619136,0.112449
36548.707748,0.308665,42.437975,0.112773
37051.186025,0.299557,25.161549,0.113249
37558.271238,0.303914,23.030165,0.113921
38068.349011,0.296107,41.145846,0.113971
38589.861628,0.311883,35.736626,0.119062
39120.669236,0.306137,8.054849,0.113405
39653.513297,0.292823,30.155480,0.120698
40189.167449,0.294428,56.357104,0.115356
40743.297470,0.291241,35.244537,0.114602
41297.903716,0.294490,40.540209,0.115526
41866.575878,0.302459,29.064721,0.105641
42434.888130,0.285082,47.808900,0.116450
43015.178096,0.297458,40.258551,0.119616
43605.508625,0.302384,26.927685,0.120135
44198.474836,0.296682,50.008439,0.120705
44807.105876,0.300588,23.850687,0.109453
45414.460950,0.300754,50.000003,0.115651
46038.880027,0.302475,28.293197,0.110159
46670.725525,0.296385,13.458975,0.107426
47305.336739,0.305541,34.467532,0.108782
47953.663139,0.305957,25.132083,0.108850
48603.873648,0.298252,53.626290,0.118262
49264.109750,0.281631,77.797143,0.112303
49938.680621,0.314221,64.012181,0.122359
50628.090470,0.304093,34.994941,0.116778
51317.976972,0.289782,42.239922,0.116100
52017.791828,0.285068,55.026333,0.103104
52733.852534,0.302723,30.011110,0.108756
53456.328422,0.304860,8.837388,0.113505
54181.654437,0.298397,54.248022,0.111524
54922.591875,0.309594,53.309643,0.109539
55675.332380,0.310953,44.034088,0.110255
56434.613760,0.282242,49.452692,0.112973
57203.225019,0.286931,61.364821,0.113277
57988.192069,0.290000,44.714065,0.105777
58781.057240,0.292570,30.574005,0.106724
59583.193800,0.301781,48.778447,0.118078
60396.252012,0.324032,60.829204,0.121303
61213.405693,0.288991,94.723810,0.128306
62054.942672,0.292855,62.939187,0.112290
62909.153471,0.281573,40.332076,0.122918
63749.074019,0.295434,132.716587,0.118845
64625.798749,0.297892,100.358546,0.123444
65524.180082,0.307978,44.663490,0.124773
66407.100082,0.273860,88.200851,0.124756
67328.339929,0.285850,32.416202,0.113725
68238.242177,0.298611,96.063298,0.117126
69174.474244,0.287372,83.954663,0.128251
70105.488717,0.292708,128.666330,0.122497
71079.234508,0.308264,77.372086,0.117178
72060.575396,0.283734,1.156306,0.105856
73035.780287,0.295825,70.238087,0.117391
74028.832406,0.302905,91.354253,0.120720
75039.905529,0.297972,117.876840,0.124579
76070.968597,0.285522,77.269933,0.100423
77121.321060,0.288450,0.014907,0.125121
78149.837109,0.271808,116.587846,0.119354
79240.845315,0.288588,46.173117,0.108541
80292.695469,0.289272,145.748204,0.115428
81415.428815,0.312752,92.153511,0.111248
82529.028580,0.304085,70.838328,0.107493
83651.935159,0.305286,89.546863,0.118650
84778.314619,0.297225,169.525680,0.120508
85963.494003,0.273199,37.104090,0.104218
87126.196149,0.295649,125.732130,0.110706
88285.375164,0.266584,189.842027,0.133069
89514.536040,0.294808,135.891043,0.117511
90753.917330,0.274740,82.185645,0.111497
92005.308474,0.292059,0.010653,0.104460
93181.966772,0.281971,263.683170,0.149020
94496.264652,0.265362,158.433066,0.130641
95802.411174,0.300500,182.249379,0.106389
97080.721643,0.284416,215.059728,0.123028
98465.675261,0.301339,11.044388,0.123044
99761.630176,0.278929,216.564002,0.128937
101176.520168,0.288276,0.022312,0.105439
102503.431308,0.282069,225.713490,0.115995
103935.590198,0.272385,117.306969,0.124052
105324.532085,0.298301,251.502874,0.130985
106769.448638,0.290103,226.638430,0.123495
108275.900858,0.293571,57.354260,0.118975
109699.966913,0.270000,271.491339,0.135415
111254.296968,0.304235,69.944840,0.096478
112755.134087,0.285179,180.960178,0.117793
114226.215132,0.266646,358.716713,0.133798
115848.365824,0.291513,231.191278,0.124995
117370.718183,0.269527,323.775060,0.139248
119035.306534,0.295896,186.251447,0.121967
120694.532627,0.329531,67.417975,0.114051
122352.664379,0.282381,0.006623,0.106495
123924.247366,0.288333,371.670161,0.145340
125709.440519,0.292155,78.816442,0.117408
127428.427973,0.312456,72.227101,0.108733
129068.617636,0.280089,294.717139,0.139516
130945.249314,0.297959,0.005859,0.105351
132704.906904,0.308469,207.558040,0.110939
134515.859885,0.231042,87.638123,0.121813
136264.446269,0.258452,444.784344,0.113916
138251.805885,0.303333,0.008735,0.116873
140141.275219,0.318846,0.005167,0.077406
142056.574224,0.293974,0.008053,0.095220
143911.176760,0.346282,373.621052,0.112744
145966.056266,0.266892,0.015987,0.114268
147866.905383,0.268919,331.248381,0.140987
149983.121251,0.350303,-nan,0.149306
152007.162064,0.305606,145.756925,0.108480
154063.023168,0.275000,200.176710,0.137914
156213.350391,0.307500,13.533247,0.166307
158351.960015,0.330357,0.004784,0.096408
160380.193561,0.271429,333.003472,0.156803
162709.906182,0.221458,0.010875,0.117743
164933.639989,0.283750,0.007812,0.102898
167187.773825,0.297708,0.011049,0.103067
169293.291587,0.274375,474.688834,0.135180
171705.663972,0.242381,203.812979,0.123352
173931.139872,0.236111,459.646324,0.111400
176516.601026,0.331333,0.005524,0.105174
178835.582007,0.242333,279.665117,0.138008
181374.447704,0.236667,0.006478,0.079355
183853.270073,0.292083,0.005859,0.055470
186365.970968,0.307917,0.008286,0.080609
188913.012373,0.342917,-nan,0.124004
191494.878252,0.220833,0.011049,0.076861
194112.011834,0.247500,0.000000,0.049687
196074.294042,0.195833,818.088290,0.170316
199454.083494,0.289286,0.003906,0.164391
202180.003866,0.360000,0.002762,0.060710
204943.180866,0.277143,0.014084,0.069635
207744.114960,0.359286,0.005524,0.070073
210583.329662,0.327143,0.002762,0.068079
213461.354600,0.316429,0.006176,0.060811
216378.716986,0.282143,0.008286,0.096579
219335.945803,0.197857,0.012353,0.059333
222333.587132,0.252143,0.012040,0.136718
225372.188852,0.330714,0.003906,0.165819
228452.323375,0.301429,0.000000,0.007423
230788.416866,0.239286,907.761113,0.207286
234739.458515,0.292500,0.000000,0.047631
237947.627221,0.287500,0.003906,0.021651
241199.627076,0.426250,0.003906,0.058457
244496.085903,0.393750,0.000000,0.106088
247837.585615,0.347500,0.000000,0.030311
251224.751486,0.323750,0.002762,0.019486
254658.215298,0.381250,0.005524,0.002165
258138.608933,0.203750,0.009959,0.019486
261666.568330,0.307500,0.004784,0.090933
265242.726612,0.418750,-nan,0.140729
268867.780196,0.337500,0.005524,0.090933
272542.361171,0.191250,0.003906,0.088768
276267.174587,0.345000,0.000000,0.077942
280042.891641,0.337500,0.009568,0.090933
283870.200258,0.311250,0.000000,0.010825
287749.828619,0.390000,0.003906,0.051962
291682.478601,0.335000,0.003906,0.095263
295668.866275,0.418750,-nan,0.006495
299709.764431,0.181250,0.000000,0.045466
303805.847076,0.352500,0.000000,0.116913
307957.949916,0.193750,0.003906,0.010825
311952.694860,0.202500,370.774959,0.116913
316433.110966,0.390000,0.003906,0.000000
320757.775703,0.310000,0.003906,0.000000
325141.533715,0.275000,0.000000,0.000000
329585.208648,0.555000,0.000000,0.000000
334089.616134,0.145000,0.000000,0.000000
338655.584685,0.275000,0.000000,0.000000
343283.965493,0.300000,-nan,0.000000
347975.597228,0.285000,0.000000,0.000000
352731.338917,0.250000,0.000000,0.000000
357552.083307,0.365000,-nan,0.000000
362438.700402,0.290000,0.000000,0.000000
367392.127059,0.270000,0.000000,0.000000
372413.224336,0.315000,0.000000,0.000000
377502.966342,0.405000,0.000000,0.000000
382662.256885,0.305000,0.000000,-nan
387892.077742,0.180000,0.007812,-nan
389190.634407,0.000000,0.000000,0.000000
