0.000000,0.995000,0.000000,0.000000
1.002972,0.848800,0.001673,0.025420
1.016142,0.847688,0.001676,0.025599
1.029454,0.846350,0.001744,0.025676
1.043194,0.844913,0.001736,0.025949
1.056894,0.843541,0.001694,0.026116
1.070882,0.842225,0.001715,0.026412
1.084854,0.841241,0.001715,0.026203
1.099209,0.839988,0.001722,0.026349
1.113655,0.839128,0.001758,0.026528
1.128396,0.837606,0.001686,0.026559
1.143267,0.836556,0.001763,0.026209
1.158263,0.835094,0.001680,0.026339
1.173567,0.834047,0.001780,0.026575
1.189000,0.832734,0.001766,0.026577
1.204661,0.831766,0.001680,0.026791
1.220638,0.830391,0.001764,0.026834
1.236542,0.829234,0.001789,0.026812
1.252925,0.827816,0.001685,0.026804
1.269524,0.826356,0.001793,0.026780
1.286074,0.824775,0.001727,0.026518
1.303197,0.823694,0.001735,0.026709
1.320414,0.822428,0.001726,0.026807
1.337753,0.820981,0.001748,0.026955
1.355471,0.819609,0.001799,0.027292
1.373242,0.818203,0.001805,0.027700
1.391271,0.817266,0.001774,0.027759
1.409656,0.815484,0.001749,0.028164
1.428321,0.814269,0.001757,0.028300
1.447130,0.812728,0.001800,0.027983
1.466187,0.810991,0.001869,0.028211
1.485684,0.809969,0.001844,0.028637
1.505178,0.808888,0.001762,0.028691
1.525002,0.807509,0.001822,0.028662
1.545107,0.805891,0.001755,0.028844
1.565385,0.804191,0.001781,0.029158
1.585983,0.802706,0.001812,0.029311
1.606982,0.801425,0.001833,0.029689
1.628059,0.799991,0.001779,0.029709
1.649604,0.798244,0.001781,0.030416
1.671444,0.796522,0.001912,0.030892
1.693380,0.795066,0.001723,0.031140
1.715806,0.793528,0.001904,0.031039
1.738384,0.792187,0.001810,0.031285
1.761234,0.790887,0.001878,0.031761
1.784525,0.789503,0.001825,0.031565
1.808030,0.788216,0.001835,0.031217
1.831982,0.786744,0.001815,0.031189
1.856034,0.785509,0.001891,0.031450
1.880537,0.783906,0.001924,0.031472
1.905322,0.782422,0.001858,0.031607
1.930527,0.780656,0.001859,0.032078
1.956026,0.779419,0.001843,0.032341
1.981743,0.778128,0.001825,0.032631
2.007894,0.776444,0.001817,0.032332
2.034257,0.775197,0.001843,0.032375
2.061085,0.773625,0.001933,0.032521
2.088531,0.772381,0.001945,0.032669
2.115966,0.771212,0.001840,0.032368
2.143863,0.769444,0.001862,0.032525
2.171940,0.768181,0.001827,0.032794
2.200805,0.767012,0.001905,0.033198
2.229825,0.765806,0.001966,0.032865
2.259299,0.764609,0.001869,0.033131
2.289058,0.763284,0.001909,0.032274
2.319218,0.762347,0.001895,0.032510
2.349780,0.760528,0.001909,0.032619
2.380800,0.758806,0.001886,0.032659
2.412350,0.757100,0.001930,0.032790
2.443991,0.755413,0.001940,0.032838
2.476384,0.753697,0.001900,0.032633
2.509230,0.751894,0.001935,0.032794
2.542080,0.750288,0.001975,0.033389
2.575757,0.749441,0.001981,0.033992
2.609681,0.747609,0.002023,0.033900
2.644136,0.746834,0.001951,0.033525
2.678970,0.745603,0.001955,0.033520
2.714137,0.744609,0.001943,0.033792
2.750097,0.743428,0.002009,0.033946
2.786472,0.742134,0.002003,0.034234
2.823251,0.740275,0.001934,0.034400
2.860533,0.738481,0.001963,0.034887
2.898090,0.737269,0.002011,0.035029
2.936511,0.736056,0.002002,0.035373
2.975024,0.734981,0.002034,0.035324
3.014438,0.733638,0.002015,0.035533
3.054123,0.732122,0.002037,0.035720
3.094550,0.730416,0.001947,0.035781
3.135360,0.728803,0.001919,0.035496
3.176764,0.726966,0.001971,0.035528
3.218717,0.725534,0.002013,0.035596
3.261002,0.723431,0.002025,0.035105
3.304161,0.722078,0.002017,0.035670
3.347839,0.720941,0.002054,0.035905
3.391921,0.719097,0.001975,0.036113
3.436663,0.717753,0.001993,0.036332
3.481960,0.716088,0.001961,0.036408
3.527894,0.715022,0.002096,0.036690
3.574655,0.714013,0.002024,0.037270
3.621681,0.712356,0.002070,0.036865
3.669602,0.710741,0.002114,0.037011
3.717889,0.709072,0.002051,0.036732
3.766828,0.707697,0.002005,0.037174
3.816686,0.706416,0.002090,0.037401
3.867082,0.705428,0.002036,0.037791
3.918185,0.704278,0.002056,0.038990
3.969946,0.702966,0.002081,0.039443
4.022430,0.701059,0.002062,0.040026
4.075514,0.700078,0.002128,0.039110
4.129209,0.698834,0.002080,0.039158
4.183642,0.698044,0.002158,0.038333
4.239003,0.696916,0.002117,0.037779
4.294969,0.695159,0.002150,0.038012
4.351650,0.693713,0.002127,0.037901
4.408965,0.692644,0.002072,0.038302
4.467176,0.691194,0.002033,0.038825
4.526371,0.689531,0.002162,0.039709
4.585817,0.688309,0.002096,0.040540
4.646458,0.686578,0.002175,0.041045
4.707743,0.685531,0.002113,0.041691
4.769847,0.683356,0.002133,0.042820
4.832954,0.681656,0.002119,0.042817
4.896679,0.679922,0.002028,0.042556
4.961392,0.678391,0.001999,0.041797
5.026669,0.676837,0.002123,0.041190
5.093317,0.675728,0.002155,0.041362
5.160377,0.674044,0.002141,0.041948
5.228289,0.672266,0.002207,0.042044
5.297433,0.671047,0.002099,0.042025
5.367296,0.669703,0.002212,0.042088
5.438343,0.668047,0.002183,0.042165
5.510091,0.666044,0.002180,0.042573
5.582856,0.664500,0.002154,0.042257
5.656500,0.663172,0.002155,0.041843
5.731379,0.661403,0.002197,0.041528
5.806937,0.660722,0.002176,0.042438
5.883432,0.659550,0.002182,0.042937
5.961188,0.658691,0.002214,0.043353
6.040089,0.657922,0.002213,0.042813
6.119548,0.656528,0.002254,0.041670
6.200428,0.655772,0.002192,0.042458
6.282119,0.654444,0.002235,0.042074
6.365312,0.653128,0.002158,0.042512
6.449178,0.652687,0.002226,0.042787
6.534439,0.651391,0.002269,0.042251
6.620861,0.650372,0.002256,0.042818
6.708144,0.649178,0.002280,0.043194
6.796763,0.648591,0.002203,0.043417
6.886443,0.647272,0.002229,0.044295
6.977353,0.646191,0.002240,0.043984
7.069486,0.645103,0.002296,0.044073
7.162803,0.643203,0.002224,0.043536
7.257324,0.642006,0.002324,0.042873
7.353193,0.640550,0.002304,0.043719
7.450180,0.640334,0.002356,0.043424
7.548568,0.638831,0.002222,0.043920
7.648509,0.638206,0.002253,0.044901
7.749306,0.637097,0.002316,0.045562
7.851583,0.634300,0.002318,0.045181
7.955176,0.632931,0.002215,0.045023
8.060327,0.632169,0.002321,0.045052
8.166692,0.631291,0.002341,0.044932
8.274360,0.631203,0.002299,0.044640
8.383698,0.629197,0.002383,0.044911
8.494486,0.628047,0.002305,0.044616
8.606658,0.628491,0.002365,0.045112
8.720244,0.626903,0.002277,0.045332
8.835445,0.625578,0.002412,0.045992
8.952064,0.624603,0.002295,0.046641
9.070200,0.622634,0.002514,0.046153
9.189911,0.621584,0.002287,0.046362
9.311222,0.620138,0.002375,0.046034
9.434407,0.619037,0.002356,0.046446
9.558879,0.617469,0.002326,0.046762
9.685036,0.615553,0.002445,0.047177
9.813031,0.614031,0.002464,0.048097
9.942559,0.612859,0.002397,0.048378
10.073732,0.611156,0.002415,0.049016
10.207009,0.609644,0.002503,0.048604
10.341552,0.608841,0.002365,0.047998
10.478180,0.608341,0.002475,0.047200
10.616614,0.607238,0.002398,0.048055
10.756961,0.605984,0.002440,0.048925
10.898755,0.604966,0.002473,0.048375
11.042668,0.604788,0.002489,0.048879
11.188541,0.603747,0.002398,0.049300
11.336150,0.603591,0.002417,0.048979
11.485902,0.602844,0.002430,0.049591
11.637657,0.601113,0.002452,0.049642
11.791395,0.599331,0.002466,0.050694
11.946921,0.596916,0.002459,0.050606
12.104774,0.595163,0.002584,0.050263
12.264778,0.593722,0.002492,0.049929
12.426622,0.592372,0.002515,0.049452
12.590576,0.590728,0.002433,0.049995
12.756824,0.588959,0.002570,0.050535
12.925457,0.587819,0.002512,0.050919
13.096098,0.586956,0.002474,0.050214
13.269135,0.586788,0.002585,0.049534
13.444052,0.584763,0.002562,0.049619
13.621773,0.584150,0.002492,0.050210
13.801509,0.583303,0.002463,0.050798
13.983907,0.581719,0.002528,0.050869
14.168608,0.581388,0.002555,0.050190
14.355697,0.579991,0.002529,0.049905
14.545240,0.577784,0.002511,0.050534
14.737175,0.576925,0.002652,0.050602
14.931910,0.575716,0.002626,0.051184
15.128990,0.574937,0.002467,0.051446
15.328992,0.573163,0.002575,0.051521
15.531316,0.572150,0.002518,0.051926
15.736477,0.569641,0.002600,0.051845
15.944126,0.569325,0.002552,0.051857
16.154774,0.568672,0.002548,0.051625
16.368152,0.567541,0.002604,0.052731
16.584336,0.567456,0.002707,0.053177
16.803203,0.566800,0.002620,0.053601
17.025118,0.565600,0.002607,0.054105
17.249780,0.565294,0.002676,0.053625
17.477648,0.564050,0.002625,0.052480
17.708584,0.564006,0.002652,0.052894
17.942682,0.563447,0.002571,0.054059
18.179300,0.562456,0.002641,0.053264
18.419579,0.561131,0.002653,0.052326
18.662827,0.559056,0.002728,0.051827
18.909387,0.557331,0.002592,0.052286
19.158872,0.557019,0.002723,0.053511
19.411766,0.555975,0.002653,0.054355
19.668331,0.554616,0.002635,0.055324
19.928075,0.554438,0.002761,0.055438
20.191120,0.552256,0.002717,0.054822
20.457846,0.551425,0.002676,0.055633
20.728124,0.549450,0.002800,0.055767
21.001792,0.548259,0.002791,0.056229
21.279134,0.548356,0.002701,0.056137
21.560099,0.547678,0.002633,0.057515
21.844859,0.546841,0.002764,0.059137
22.133347,0.544909,0.002819,0.058358
22.425659,0.543328,0.002785,0.058195
22.721938,0.542109,0.002751,0.058999
23.021707,0.541528,0.002640,0.059246
23.325877,0.538956,0.002807,0.058380
23.633904,0.538291,0.002801,0.058183
23.945909,0.536947,0.002865,0.057421
24.262466,0.535022,0.002761,0.057630
24.582564,0.535503,0.002748,0.056895
24.907582,0.534612,0.002906,0.056587
25.236467,0.533981,0.002857,0.056931
25.570017,0.532428,0.002768,0.057584
25.907276,0.531619,0.002898,0.056430
26.249719,0.530712,0.002874,0.058417
26.596017,0.530191,0.002797,0.059151
26.947857,0.528863,0.002684,0.058518
27.303491,0.528422,0.002919,0.059367
27.663955,0.528737,0.002882,0.059909
28.029438,0.528138,0.002930,0.059429
28.399382,0.529350,0.002865,0.058914
28.774576,0.527681,0.002802,0.059157
29.154384,0.526891,0.002968,0.059416
29.539690,0.525678,0.002784,0.060811
29.929754,0.525544,0.002734,0.061173
30.324792,0.524559,0.002883,0.059693
30.725437,0.523603,0.002898,0.058749
31.131407,0.523209,0.002872,0.057759
31.542446,0.522094,0.002902,0.057750
31.959170,0.521112,0.002909,0.056543
32.381135,0.519609,0.002892,0.055788
32.808623,0.516791,0.002843,0.057210
33.242055,0.515631,0.002835,0.057321
33.681166,0.512794,0.002939,0.057939
34.126001,0.513831,0.003116,0.058403
34.576587,0.513116,0.002999,0.060263
35.033461,0.511669,0.003019,0.059604
35.496138,0.510734,0.002993,0.060084
35.964946,0.510541,0.002845,0.058853
36.439729,0.511078,0.002979,0.060417
36.920855,0.508278,0.003115,0.061494
37.408846,0.507422,0.002937,0.061378
37.902893,0.506687,0.003034,0.061098
38.403625,0.507544,0.002815,0.059871
38.910547,0.506234,0.002956,0.059498
39.424604,0.505734,0.002996,0.060473
39.945112,0.504784,0.002975,0.060326
40.472697,0.505019,0.002978,0.060138
41.007467,0.504741,0.002949,0.061042
41.548722,0.503369,0.002867,0.061392
42.097674,0.501478,0.003107,0.063045
42.653587,0.500244,0.002928,0.064142
43.216927,0.501603,0.003019,0.065646
43.788045,0.500169,0.003071,0.064689
44.366161,0.498791,0.003078,0.062977
44.952253,0.497675,0.003138,0.063649
45.545887,0.495728,0.003039,0.064498
46.147385,0.493144,0.003147,0.065610
46.756952,0.491894,0.003086,0.065079
47.374796,0.491216,0.003187,0.064713
48.000425,0.492778,0.002984,0.064419
48.634381,0.493009,0.003112,0.064142
49.276445,0.492572,0.003036,0.065065
49.927171,0.491125,0.003207,0.065227
50.586824,0.490656,0.003104,0.063479
51.254918,0.489650,0.003156,0.065701
51.931802,0.490566,0.003185,0.064115
52.617504,0.489794,0.003130,0.063820
53.312607,0.488847,0.003106,0.064945
54.017009,0.487794,0.003080,0.062497
54.730114,0.485869,0.003055,0.062071
55.453138,0.484194,0.003196,0.061071
56.185530,0.482725,0.003262,0.062149
56.927747,0.483597,0.003285,0.062132
57.679634,0.481628,0.003242,0.063001
58.441290,0.479703,0.003198,0.063776
59.213290,0.480762,0.003191,0.064560
59.995221,0.479694,0.003150,0.065174
60.787809,0.480572,0.003215,0.067018
61.590789,0.479197,0.003236,0.067089
62.403978,0.478922,0.003109,0.067478
63.228222,0.479234,0.003179,0.066694
64.063374,0.477134,0.003146,0.067217
64.909612,0.473591,0.003277,0.068272
65.766698,0.471478,0.003169,0.067262
66.635457,0.471862,0.003180,0.070473
67.515578,0.471438,0.003206,0.070573
68.407409,0.469941,0.003340,0.069084
69.311269,0.468881,0.003328,0.068320
70.226468,0.469509,0.003327,0.067139
71.154124,0.467547,0.003387,0.065910
72.093520,0.464478,0.003299,0.066953
73.045691,0.463816,0.003368,0.067217
74.010721,0.462666,0.003345,0.066928
74.988449,0.463547,0.003318,0.066522
75.978798,0.462384,0.003332,0.066494
76.982049,0.460847,0.003384,0.066964
77.998922,0.462078,0.003322,0.067236
79.029326,0.458622,0.003374,0.067882
80.072981,0.457188,0.003269,0.067404
81.130824,0.458291,0.003520,0.067157
82.202234,0.458328,0.003344,0.068158
83.287866,0.457347,0.003461,0.068506
84.388112,0.454872,0.003339,0.068369
85.502473,0.455097,0.003288,0.067604
86.631763,0.457584,0.003326,0.070165
87.776192,0.453878,0.003454,0.068051
88.935573,0.455725,0.003383,0.068247
90.110280,0.452903,0.003389,0.069754
91.300528,0.451097,0.003439,0.073998
92.506465,0.451675,0.003471,0.072362
93.728137,0.451719,0.003531,0.072065
94.966122,0.453106,0.003545,0.071677
96.220495,0.453572,0.003425,0.070988
97.491456,0.453144,0.003481,0.071065
98.778920,0.451031,0.003382,0.069916
100.083702,0.449256,0.003422,0.073385
101.405850,0.447659,0.003616,0.072526
102.744889,0.444309,0.003683,0.070077
104.102033,0.444375,0.003620,0.070090
105.477499,0.442094,0.003604,0.071461
106.870181,0.443263,0.003744,0.073376
108.281559,0.443287,0.003639,0.070827
109.712089,0.441947,0.003614,0.071636
111.161218,0.441631,0.003724,0.071733
112.629793,0.441066,0.003682,0.073447
114.116948,0.439159,0.003761,0.074133
115.624381,0.438028,0.003816,0.075334
117.151433,0.438775,0.003570,0.073558
118.698569,0.435641,0.003719,0.073764
120.266768,0.433622,0.003448,0.075136
121.854792,0.435281,0.003641,0.075035
123.464841,0.433225,0.003590,0.076213
125.095598,0.435516,0.003813,0.076469
126.747638,0.433875,0.003616,0.075831
128.421901,0.435313,0.003543,0.075605
130.117824,0.435294,0.003515,0.073494
131.836787,0.434738,0.003842,0.075266
133.578089,0.433953,0.003835,0.076535
135.342480,0.434909,0.003857,0.073394
137.130019,0.435862,0.003641,0.074664
138.941403,0.435538,0.003816,0.074634
140.776490,0.434934,0.003914,0.074378
142.636120,0.434369,0.003787,0.075288
144.519775,0.431559,0.003561,0.074226
146.428632,0.431491,0.003846,0.074415
148.362826,0.431038,0.003820,0.077350
150.322370,0.431103,0.003836,0.076678
152.307653,0.431859,0.003732,0.077856
154.319529,0.428666,0.003731,0.075727
156.358135,0.429091,0.003796,0.077886
158.423427,0.427372,0.003704,0.076722
160.515685,0.428691,0.003832,0.076072
162.635757,0.428200,0.003631,0.075785
164.784322,0.427091,0.003898,0.075082
166.960606,0.428422,0.003790,0.081411
169.165989,0.427469,0.003822,0.079399
171.400432,0.426847,0.003802,0.081389
173.664138,0.423916,0.003736,0.079283
175.958329,0.425022,0.004151,0.079331
178.282414,0.422903,0.003725,0.076688
180.636954,0.422106,0.004018,0.078562
183.023232,0.419438,0.003824,0.080088
185.440379,0.421916,0.003951,0.077635
187.889801,0.420131,0.003877,0.080334
190.371392,0.420150,0.003908,0.081476
192.886134,0.422128,0.003863,0.081800
195.433918,0.423212,0.003889,0.083546
198.015071,0.424072,0.003960,0.083573
200.630731,0.421031,0.004008,0.084330
203.281011,0.420669,0.003948,0.082481
205.965703,0.417984,0.003770,0.083025
208.686496,0.419469,0.003983,0.082338
211.442887,0.416797,0.003965,0.082078
214.235357,0.419406,0.004040,0.081662
217.065368,0.417469,0.004343,0.082278
219.932271,0.416678,0.004253,0.083866
222.837340,0.414356,0.004137,0.083290
225.780644,0.413575,0.004314,0.083019
228.762865,0.414781,0.004178,0.082013
231.784484,0.414713,0.003891,0.083758
234.846352,0.413600,0.004066,0.082785
237.947863,0.413394,0.004086,0.081079
241.090717,0.412728,0.004224,0.082191
244.275414,0.412978,0.004056,0.078273
247.502121,0.414453,0.003896,0.079691
250.771075,0.412397,0.003944,0.080827
254.083355,0.413025,0.004381,0.084054
257.439296,0.410053,0.004132,0.084157
260.839850,0.408828,0.003915,0.084691
264.285132,0.407831,0.004103,0.084049
267.776052,0.404634,0.004004,0.082650
271.312845,0.403919,0.004219,0.082296
274.896599,0.402506,0.004178,0.079968
278.527187,0.399200,0.004102,0.077801
282.206846,0.399416,0.003919,0.080045
285.934077,0.399144,0.003977,0.082335
289.710971,0.399278,0.004071,0.083081
293.537725,0.402216,0.005277,0.084991
297.414726,0.401538,0.004546,0.084738
301.343102,0.398844,0.004347,0.082032
305.323086,0.401794,0.003993,0.082916
309.356650,0.398209,0.004577,0.084664
313.443062,0.398481,0.005058,0.085194
317.582611,0.398391,0.004309,0.086854
321.777381,0.403531,0.004444,0.088627
326.027834,0.401450,0.004315,0.087296
330.334094,0.400475,0.004354,0.088551
334.697361,0.397100,0.004930,0.086651
339.118224,0.397172,0.004263,0.087188
343.597531,0.395856,0.004172,0.084200
348.136026,0.395866,0.004160,0.084834
352.733987,0.393684,0.004349,0.084700
357.393815,0.392697,0.004353,0.086429
362.113984,0.394631,0.004738,0.086233
366.897157,0.391838,0.004307,0.086113
371.743531,0.392925,0.004335,0.087180
376.654103,0.390287,0.004761,0.087009
381.628799,0.390687,0.004554,0.085737
386.669246,0.392984,0.004282,0.089309
391.776839,0.389506,0.004447,0.089895
396.951768,0.390897,0.004471,0.090946
402.194993,0.391647,0.005004,0.093205
407.507593,0.388966,0.004695,0.090659
412.889799,0.387322,0.004263,0.090763
418.343855,0.386450,0.004585,0.094819
423.869508,0.387109,0.004826,0.093587
429.468134,0.390834,0.004794,0.092348
435.141119,0.387297,0.004476,0.090311
440.888783,0.389987,0.004863,0.092225
446.712297,0.386756,0.004546,0.089531
452.612507,0.387691,0.004594,0.093855
458.591210,0.385709,0.004908,0.093050
464.648369,0.385663,0.004812,0.092524
470.785922,0.383472,0.004884,0.091578
477.004498,0.385347,0.005159,0.092587
483.304879,0.386206,0.004929,0.095337
489.688808,0.385512,0.005116,0.095556
496.156585,0.390559,0.004597,0.093002
502.710256,0.388253,0.004983,0.091143
509.350275,0.387969,0.004638,0.091655
516.078133,0.385253,0.004907,0.092375
522.895109,0.387047,0.004668,0.091022
529.801756,0.386597,0.004795,0.088377
536.799744,0.386509,0.004610,0.088492
543.890205,0.388156,0.004719,0.086596
551.073905,0.393122,0.004663,0.090588
558.353038,0.390484,0.004687,0.088335
565.728214,0.384963,0.004871,0.088145
573.200733,0.388203,0.004827,0.089438
580.771910,0.386634,0.005049,0.090373
588.442975,0.387622,0.004896,0.089926
596.215610,0.388034,0.004676,0.094237
604.091519,0.381997,0.006631,0.090822
612.070201,0.383191,0.005271,0.093089
620.154837,0.384900,0.004625,0.090562
628.346414,0.387175,0.004832,0.091753
636.645974,0.385441,0.005026,0.092969
645.055378,0.381053,0.004924,0.091768
653.575758,0.379366,0.005044,0.089436
662.208517,0.378837,0.005188,0.086126
670.955730,0.381706,0.006026,0.087721
679.818132,0.378459,0.005510,0.089649
688.797527,0.379022,0.005706,0.094516
697.895666,0.382188,0.005438,0.095803
707.114165,0.378391,0.009336,0.090564
716.454244,0.382791,0.007543,0.092459
725.917576,0.383197,0.006809,0.093561
735.505759,0.382675,0.005058,0.094581
745.220869,0.380081,0.005463,0.093161
755.064502,0.379641,0.006311,0.094223
765.038431,0.377341,0.007122,0.094241
775.143380,0.380659,0.005929,0.092418
785.381542,0.383128,0.004843,0.097211
795.755572,0.382409,0.005376,0.097796
806.266585,0.382134,0.005682,0.097450
816.916289,0.383109,0.005257,0.097730
827.706324,0.380819,0.005063,0.097022
838.640014,0.379069,0.004953,0.096079
849.716845,0.382206,0.004953,0.094851
860.940470,0.377122,0.004820,0.093566
872.312159,0.377416,0.004646,0.092355
883.834718,0.380694,0.005237,0.095330
895.509127,0.378747,0.005046,0.093285
907.337291,0.379212,0.005042,0.094010
919.322221,0.377550,0.005254,0.098012
931.465569,0.372562,0.005511,0.098072
943.769023,0.374303,0.005835,0.094342
956.234984,0.371625,0.005703,0.094705
968.865680,0.371556,0.006132,0.094336
981.663444,0.371006,0.006407,0.097349
994.629828,0.371803,0.005926,0.095724
1007.767728,0.368587,0.005429,0.094537
1021.078769,0.369447,0.005566,0.098607
1034.565857,0.373075,0.005172,0.097755
1048.231855,0.374631,0.006039,0.097864
1062.076993,0.376603,0.005215,0.097250
1076.105663,0.378262,0.005200,0.092663
1090.319675,0.375753,0.005168,0.093929
1104.721425,0.377122,0.005636,0.096879
1119.313861,0.375662,0.007416,0.096358
1134.098677,0.378316,0.005651,0.098167
1149.078459,0.379750,0.005932,0.096312
1164.256183,0.379025,0.006100,0.095030
1179.634454,0.376500,0.005058,0.095389
1195.216321,0.376550,0.005435,0.097454
1211.003380,0.376469,0.005149,0.097977
1226.999065,0.373244,0.005414,0.099309
1243.206347,0.372856,0.005123,0.096390
1259.627749,0.374909,0.005846,0.101047
1276.265547,0.376319,0.005644,0.095204
1293.123572,0.372056,0.005650,0.101291
1310.204362,0.375044,0.005087,0.097818
1327.510787,0.369506,0.006429,0.096954
1345.045340,0.373559,0.005971,0.099801
1362.811673,0.375694,0.006458,0.093464
1380.812714,0.378797,0.005349,0.100026
1399.051644,0.376922,0.005250,0.097366
1417.531522,0.375344,0.005439,0.098377
1436.255272,0.369900,0.005063,0.099213
1455.226615,0.372841,0.006047,0.096350
1474.447965,0.368766,0.007091,0.092474
1493.924111,0.367116,0.005341,0.098219
1513.656704,0.365300,0.005468,0.095462
1533.650528,0.364372,0.005895,0.101003
1553.907512,0.364906,0.004772,0.098205
1574.432889,0.370541,0.004853,0.098084
1595.229711,0.365194,0.005571,0.098166
1616.300607,0.368603,0.005428,0.099041
1637.649889,0.367613,0.005323,0.097055
1659.280862,0.369391,0.004903,0.096910
1681.198163,0.371678,0.005087,0.095111
1703.404885,0.371141,0.005820,0.095726
1725.904807,0.372084,0.005026,0.097597
1748.701727,0.372991,0.005887,0.097995
1771.800274,0.371206,0.006279,0.101458
1795.203503,0.368775,0.005614,0.100477
1818.915948,0.367897,0.006588,0.094088
1842.941593,0.368303,0.006847,0.096252
1867.283869,0.369450,0.018832,0.095969
1891.948984,0.374606,0.005148,0.095158
1916.939968,0.375075,0.006745,0.098762
1942.260223,0.366651,0.006451,0.102208
1967.915127,0.365538,0.006339,0.102728
1993.899280,0.366266,0.194629,0.101696
2020.245404,0.372050,0.005025,0.102226
2046.930588,0.371589,0.005376,0.099889
2073.968194,0.371803,0.006491,0.097257
2101.363045,0.365944,0.005822,0.097398
2129.119711,0.364724,0.008572,0.096624
2157.242438,0.371326,0.008286,0.102026
2185.737898,0.368871,0.014003,0.099899
2214.597488,0.370251,0.307264,0.097015
2243.860775,0.367615,0.008753,0.098653
2273.499161,0.367910,0.005935,0.098490
2303.528898,0.372072,0.005641,0.101994
2333.955938,0.372527,0.005695,0.101674
2364.723720,0.372075,1.212526,0.102985
2396.020995,0.369034,0.006667,0.094988
2427.669587,0.368515,0.006538,0.097843
2459.735730,0.371941,0.005891,0.099893
2492.226130,0.370639,0.006200,0.101680
2525.145489,0.367624,0.007376,0.103943
2558.499772,0.369610,0.006981,0.105150
2592.294823,0.368801,0.010739,0.102219
2626.535588,0.368625,0.006018,0.100604
2661.229052,0.364160,0.006487,0.101105
2696.380393,0.370296,0.007169,0.101565
2731.996551,0.368735,0.006018,0.102916
2768.082821,0.366193,0.006321,0.101700
2804.646185,0.365025,0.006409,0.102555
2841.691447,0.365887,0.005292,0.098234
2879.227459,0.373477,0.005831,0.100834
2917.258057,0.368612,0.005167,0.099104
2955.791989,0.367974,0.006455,0.099692
2994.834276,0.371020,0.005340,0.100422
3034.392513,0.370966,0.005350,0.099981
3074.471050,0.370661,0.095380,0.101422
3115.083588,0.369351,0.006534,0.099277
3156.230244,0.370948,0.007203,0.100399
3197.920028,0.372431,0.006804,0.098168
3240.160778,0.375926,0.014922,0.101390
3282.959122,0.367931,0.006108,0.097460
3326.323162,0.373284,0.006662,0.098651
3370.260202,0.375668,0.006751,0.102540
3414.777415,0.373608,0.006476,0.101805
3459.882996,0.367544,0.011394,0.103088
3505.583234,0.369912,0.006443,0.104160
3551.888065,0.369181,0.006991,0.100271
3598.803933,0.372985,0.008468,0.100914
3646.339634,0.375998,0.006130,0.106245
3694.504005,0.366719,0.005529,0.098913
3743.303721,0.371880,0.005785,0.100552
3792.748249,0.373350,0.005990,0.101743
3842.846029,0.371004,0.007294,0.097695
3893.606206,0.378271,0.011324,0.098876
3945.018215,0.379030,0.486194,0.108772
3997.144630,0.374231,0.005704,0.101195
4049.941847,0.369543,0.005519,0.099154
4103.436895,0.377201,0.007210,0.103553
-nan,-nan,-nan,-nan
4212.556462,0.369786,0.007253,0.102971
4268.199182,0.368852,0.006817,0.101922
4324.577117,0.370952,0.007325,0.099962
4381.699178,0.371835,0.005451,0.101301
-nan,-nan,-nan,-nan
4498.218367,0.371321,0.008998,0.106248
4557.634861,0.365958,0.010744,0.102000
4617.835503,0.363613,0.006330,0.100834
4678.831479,0.361217,0.008242,0.101218
4740.633105,0.363358,0.005685,0.099383
4803.251571,0.366784,0.008668,0.103647
4866.696640,0.364445,0.008080,0.102737
4930.979543,0.368685,0.005164,0.100461
4996.112605,0.370772,0.006748,0.101735
5062.104881,0.370091,0.005889,0.100852
5128.969337,0.372888,0.006267,0.101467
5196.716854,0.371349,0.005588,0.103287
5265.359276,0.369707,0.005295,0.096829
5334.866857,0.367175,1.187926,0.099908
5405.376854,0.363892,0.005601,0.099984
5476.775288,0.365884,0.006064,0.101339
5549.117112,0.366960,0.005675,0.099891
5622.414520,0.368655,0.005936,0.096280
5696.679965,0.366206,0.007014,0.100005
5771.865941,0.356970,1.718695,0.099302
5848.166849,0.364014,0.005889,0.101685
5925.413850,0.366827,0.006013,0.101206
6003.681395,0.367478,0.005092,0.098298
6082.983806,0.367506,0.006260,0.101831
6163.332084,0.365164,0.005213,0.097470
6244.742464,0.368350,0.005429,0.099332
6327.203468,0.364153,1.010289,0.103243
6410.804000,0.365560,0.006835,0.104035
6495.482820,0.364579,0.005706,0.104365
6581.280723,0.363305,0.009182,0.103109
6668.211600,0.367068,0.006026,0.105158
6756.290980,0.361164,0.007379,0.102014
6845.533740,0.367343,0.006479,0.109395
6935.956073,0.362261,0.020360,0.104345
7027.340428,0.365108,4.582951,0.105540
7120.397050,0.366186,0.005951,0.105015
7214.449130,0.364537,0.006310,0.102435
7309.742922,0.370006,0.005576,0.102204
7406.296147,0.368627,0.005556,0.107838
7504.124806,0.372318,0.005702,0.104236
7603.246119,0.370342,0.006962,0.106813
7703.675399,0.370926,0.010228,0.104514
7805.432072,0.370967,0.006850,0.105141
7908.532865,0.367571,0.007484,0.104610
8012.995189,0.373370,0.007905,0.103903
8118.809843,0.372479,1.087132,0.104188
8226.077338,0.369248,0.006030,0.099589
8334.734629,0.367792,0.006850,0.096953
8444.826183,0.369102,0.005150,0.097052
8556.352225,0.370822,0.806135,0.095252
8669.392301,0.369384,0.005726,0.101302
8783.905083,0.373346,0.006712,0.103274
8899.929782,0.367752,0.005854,0.102087
9017.487396,0.367568,0.007173,0.101707
9136.598395,0.364387,0.008419,0.100091
9256.989787,0.368863,5.779645,0.100649
9379.559546,0.367979,0.006323,0.098649
9503.452531,0.367871,0.005507,0.101326
9628.982235,0.362747,0.007679,0.100627
9756.169746,0.371801,0.007426,0.094153
9884.936305,0.369554,2.819688,0.096990
10015.607461,0.367377,0.006972,0.098540
10147.901686,0.364516,0.006506,0.100345
10281.928408,0.372798,0.437030,0.107210
10417.477161,0.365041,5.503968,0.101115
10555.362537,0.365345,0.005650,0.096996
10694.745695,0.370067,1.130688,0.102038
10836.051828,0.371445,0.005892,0.099690
10979.183620,0.365967,0.006568,0.097542
11123.982473,0.368203,5.077175,0.099488
11270.958421,0.366390,5.147649,0.092529
11420.022308,0.364557,0.007328,0.096668
11570.866718,0.368146,0.007109,0.099457
11723.703966,0.375884,0.004985,0.096692
11878.561191,0.363290,0.005718,0.096015
12035.462576,0.371957,0.006755,0.098669
12194.437003,0.377028,0.005191,0.099314
12355.511466,0.375398,0.005296,0.103931
12518.713552,0.368043,0.005426,0.097592
12684.070704,0.369836,0.005057,0.094086
12851.612538,0.371221,0.005658,0.095423
13021.306427,0.378599,1.194361,0.100989
13193.315627,0.374062,1.520471,0.097784
13367.633173,0.376542,0.004916,0.095915
13544.203911,0.375061,0.005124,0.097181
13723.106978,0.374594,0.005199,0.099208
13904.193849,0.367503,5.004707,0.099892
14088.034152,0.364780,0.006082,0.098665
14274.120705,0.363039,0.006408,0.095931
14462.664929,0.369186,0.006072,0.097199
14653.508327,0.363899,5.330527,0.106521
14847.258292,0.364596,0.006246,0.100236
15042.973903,0.368703,7.849562,0.104361
15242.078863,0.364938,0.006022,0.100111
15443.408396,0.371738,0.005907,0.105029
15647.397823,0.374689,0.004803,0.099647
15854.081740,0.365772,0.005307,0.096201
16063.495849,0.368547,0.005503,0.099771
16275.676124,0.368645,0.006052,0.092084
16490.429012,0.369248,6.366776,0.101821
16708.480969,0.375153,0.005684,0.097134
16929.180463,0.367175,0.005470,0.093315
17152.795251,0.370646,0.005578,0.103445
17379.363836,0.369182,0.006069,0.100558
17608.793480,0.359107,3.652885,0.101005
17841.386346,0.366297,3.653722,0.099474
18077.183905,0.369896,0.005594,0.100279
18315.907568,0.368431,2.180625,0.103529
18556.994745,0.367124,13.351255,0.103467
18803.023317,0.368955,0.006583,0.099692
19051.389032,0.371948,0.006147,0.100755
19302.540016,0.368330,9.670014,0.106396
19557.983924,0.369744,0.886693,0.099354
19815.810890,0.359527,10.408148,0.101697
20078.095635,0.369183,0.006084,0.100680
20342.927280,0.376838,8.588737,0.099887
20611.317176,0.372754,13.550743,0.101104
20884.145026,0.370632,3.588015,0.104759
21160.038229,0.374436,3.668534,0.104124
21438.689639,0.367644,14.926571,0.104935
21722.825457,0.373494,0.005960,0.096737
22009.759360,0.367192,0.006142,0.100973
22300.482822,0.366362,0.007246,0.103293
22594.291449,0.370366,14.588184,0.100225
22893.499803,0.378183,0.004913,0.095130
23195.896198,0.378280,0.005524,0.093043
23502.287416,0.374329,0.008415,0.097128
23812.725672,0.371249,0.006914,0.102707
24127.263448,0.377134,0.005705,0.102557
24445.956167,0.375411,0.004797,0.101218
24768.449254,0.373377,5.908217,0.101431
25095.816639,0.367817,7.469869,0.102517
25427.028419,0.363910,8.751885,0.101617
25763.195245,0.366595,7.275562,0.096892
26103.689237,0.369124,0.006827,0.100529
26448.488172,0.371819,0.006862,0.104672
26796.993687,0.368306,16.282258,0.104425
27151.809930,0.366831,0.005684,0.099592
27510.454251,0.360773,0.006914,0.109046
27873.834703,0.364732,0.005481,0.101055
28241.861711,0.363929,4.178868,0.099063
28615.060080,0.363666,0.006659,0.102209
28993.031752,0.366925,0.006542,0.098715
29375.996026,0.365244,0.006263,0.103535
29762.510794,0.369549,21.076482,0.104367
30157.166505,0.364263,0.005202,0.093842
30553.962657,0.365618,19.733410,0.110453
30958.213332,0.363431,16.149412,0.101071
31368.043749,0.364187,0.005404,0.094432
31782.261123,0.369631,3.182284,0.097304
32202.187610,0.371836,0.006348,0.106770
32627.541082,0.370749,0.005470,0.099543
33058.512909,0.370376,0.006422,0.100160
33494.584715,0.366349,11.262101,0.105288
33937.057469,0.366678,7.401505,0.105296
34384.836567,0.373619,18.103796,0.099118
34840.079568,0.370307,0.137201,0.096257
35299.148254,0.364906,21.391958,0.100569
35766.153386,0.366034,10.748039,0.101471
36238.749232,0.361189,4.553513,0.099881
36717.665531,0.370074,0.005327,0.095750
37202.105780,0.372456,10.486269,0.096879
37693.072579,0.369584,18.703711,0.095861
38191.961959,0.366210,0.006272,0.096164
38696.212526,0.366458,6.875954,0.101566
39207.518196,0.354901,1.891612,0.107652
39725.276267,0.360220,4.739175,0.099683
40249.609582,0.369041,15.170811,0.103497
40779.054367,0.364716,36.846423,0.104012
41320.353852,0.363637,6.256259,0.102852
41865.062114,0.379084,23.388175,0.098340
42419.321961,0.365614,0.006099,0.097215
42979.631646,0.366418,0.005839,0.103471
43545.591212,0.363331,28.356272,0.103459
44122.048750,0.370999,9.417987,0.102912
44705.129478,0.376489,8.544490,0.101725
45295.866227,0.362493,0.005940,0.099280
45894.171676,0.363866,0.005027,0.099197
46499.844366,0.369179,9.917268,0.104492
47112.843542,0.369865,27.083143,0.108936
47736.925107,0.369279,0.006587,0.096091
48367.474685,0.367573,0.007469,0.097165
49005.744780,0.362068,15.876000,0.103105
49652.416807,0.370872,23.272501,0.102730
50307.517539,0.367318,26.464997,0.108609
50968.909172,0.369019,52.602220,0.101817
51646.850717,0.364914,9.565426,0.104988
52325.150684,0.361870,49.462185,0.104757
53019.070613,0.358424,29.595556,0.105305
53721.133581,0.370595,0.007209,0.103604
54429.885639,0.371608,21.535871,0.100587
55147.255373,0.358473,39.422776,0.103347
55877.995367,0.368977,2.373823,0.101382
56614.867213,0.363129,28.680416,0.102487
57360.406508,0.359742,47.554559,0.104908
58120.168475,0.372941,33.551422,0.100041
58888.211724,0.377889,23.234477,0.100039
59666.684741,0.358035,12.297957,0.105934
60453.825858,0.356505,26.008820,0.108115
61252.406348,0.369323,24.789727,0.105614
62061.953358,0.368003,20.341925,0.103836
62882.518366,0.370565,8.484943,0.106840
63713.543672,0.378409,0.004980,0.099453
64555.126862,0.370371,0.005900,0.097801
65404.622030,0.365989,46.675151,0.101702
66268.696633,0.363315,41.149465,0.103841
67144.369648,0.362581,40.092959,0.109081
68031.062680,0.367031,40.884994,0.111995
68929.738254,0.371716,40.855233,0.104162
69843.042350,0.368191,7.859568,0.102813
70763.208974,0.374091,39.136617,0.099630
71700.294121,0.370802,8.911755,0.101394
72644.072914,0.359743,51.568697,0.110561
73604.129846,0.368490,47.568125,0.101946
74576.797337,0.373700,46.447518,0.099495
75563.453795,0.367823,23.819600,0.105620
76560.788285,0.363156,28.165092,0.100946
77573.237502,0.370289,19.002654,0.108596
78594.597472,0.371922,51.629236,0.103814
79633.670940,0.372902,54.756468,0.100617
80686.348021,0.363140,37.217155,0.104322
81754.399684,0.381825,3.911598,0.105987
82823.603793,0.362725,98.060507,0.116006
83927.882180,0.370009,25.181565,0.097695
85032.467118,0.363053,67.571862,0.106356
86160.069303,0.367090,13.056214,0.108884
87290.270403,0.357020,81.744839,0.106987
88447.283211,0.366202,59.687960,0.102601
89618.349358,0.378724,25.327269,0.098089
90803.782815,0.364015,0.006766,0.100809
92001.479897,0.368013,34.185611,0.100338
93214.913703,0.375808,46.953469,0.098025
94449.452737,0.362991,10.109749,0.098303
95696.606280,0.372262,16.878900,0.091786
96956.679593,0.372962,50.855992,0.106348
98236.091025,0.353708,81.139096,0.100801
99538.476903,0.371491,27.864479,0.098219
100848.063944,0.373858,75.540454,0.100614
102186.692741,0.362160,2.471861,0.104996
103531.728404,0.363277,50.759310,0.112852
104898.584566,0.361815,70.838874,0.103852
106286.092980,0.364108,45.345660,0.102207
107686.161113,0.370682,85.861880,0.106563
109113.317241,0.365133,54.649082,0.105877
110550.562029,0.359429,83.597938,0.108535
112004.201443,0.367160,109.429297,0.106636
113493.836785,0.362200,62.389030,0.100952
114992.839141,0.370071,52.983004,0.100735
116509.631028,0.371673,66.010476,0.099624
118052.159125,0.366782,39.726502,0.097088
119609.646443,0.374105,72.481631,0.105724
121193.494085,0.377164,8.469884,0.096287
122794.874788,0.369796,0.006020,0.096880
124409.242328,0.365690,98.709123,0.103683
126057.308812,0.364080,64.171646,0.100950
127720.612689,0.368915,59.569872,0.102373
129408.513958,0.360636,56.768416,0.109201
131120.324288,0.371907,23.380309,0.103386
132852.222856,0.379217,34.502649,0.096392
134608.668464,0.365806,0.004367,0.105816
136379.947447,0.359758,73.990792,0.107854
138182.249036,0.360049,78.880215,0.104664
139997.277996,0.363293,154.267587,0.107126
141856.082259,0.368313,104.844316,0.097813
143727.392344,0.369905,96.488090,0.112465
145609.983991,0.360238,190.325037,0.116078
147550.794159,0.365006,110.940555,0.103425
149505.518944,0.364774,38.128644,0.109994
151480.337480,0.367640,34.679215,0.107384
153459.542547,0.372535,196.900138,0.113899
155505.343518,0.367518,61.408812,0.098155
157564.153401,0.369596,33.874628,0.093184
159638.224034,0.372793,121.752571,0.101834
161753.670484,0.376218,47.673474,0.100044
163889.677147,0.363568,34.750602,0.108782
166046.179217,0.355006,103.862468,0.107652
168221.004419,0.373603,208.579826,0.111941
170444.682154,0.367853,224.536864,0.106233
172715.003981,0.368581,105.881884,0.096516
174983.679651,0.369265,201.223203,0.107215
177303.851249,0.377886,131.618499,0.110516
179659.077921,0.370027,8.490250,0.103289
182000.307178,0.366414,223.784111,0.110742
184433.752921,0.365730,73.118466,0.100937
186863.416634,0.365367,110.648826,0.096835
189315.073157,0.359678,192.294950,0.121808
191838.032883,0.365869,73.387353,0.105756
194359.005310,0.364509,152.741469,0.108871
196934.920150,0.351051,92.307909,0.112435
199534.652721,0.355639,136.701406,0.116411
202136.205823,0.362652,302.665033,0.112296
204842.072733,0.377047,113.037719,0.107546
207536.245936,0.368117,191.080534,0.108846
210293.792125,0.351609,58.294779,0.103060
213077.117443,0.371728,1.924464,0.107617
215876.883471,0.372885,136.294640,0.108081
218701.612142,0.356686,298.579569,0.104887
221632.721424,0.378214,0.009959,0.096912
224534.751996,0.359842,240.082241,0.104265
227514.102781,0.363773,112.810619,0.107775
230521.103707,0.371513,110.361282,0.106983
233569.478742,0.375216,88.131857,0.108536
236648.012490,0.373617,183.182224,0.103686
239781.736795,0.364273,107.997526,0.103736
242945.138591,0.373550,111.334107,0.104010
246118.500139,0.364165,274.763262,0.111286
249406.323082,0.360366,75.897307,0.109337
252679.860074,0.388340,283.312352,0.101643
256048.683475,0.361790,0.010698,0.105109
259384.035609,0.361089,313.773689,0.117125
262819.575082,0.352247,267.575917,0.111047
266270.921111,0.367460,367.066594,0.111972
269819.502272,0.353350,249.187978,0.113567
273387.655863,0.349990,224.240567,0.106211
277002.213153,0.369641,161.585240,0.105869
280666.401905,0.356223,137.406430,0.123591
284315.954049,0.365695,455.276558,0.118655
288134.034107,0.370970,183.355258,0.103220
291935.079988,0.365539,257.091630,0.100830
295749.299144,0.367719,416.190058,0.108437
299702.157313,0.368718,203.898097,0.107642
303636.738374,0.372329,351.867224,0.099493
307617.823284,0.349378,469.964467,0.102486
311724.430422,0.372115,302.736848,0.111713
315794.428501,0.369273,497.256393,0.111805
320030.584544,0.366414,140.146099,0.108046
324206.647482,0.376472,387.438191,0.125595
328457.878455,0.360408,520.799669,0.110753
332880.223304,0.355788,101.992212,0.101945
337268.850094,0.374780,196.730524,0.103172
341726.423091,0.348589,242.819772,0.108528
346249.167709,0.378904,107.297162,0.107333
350821.128337,0.342952,113.303134,0.103079
355448.299404,0.360826,220.051790,0.100133
360075.067924,0.366948,489.566692,0.118527
364877.331503,0.346291,280.986903,0.099060
369646.808702,0.350966,530.110507,0.125123
374602.070552,0.378567,170.847746,0.102062
379506.152303,0.370855,464.195687,0.111340
384534.168762,0.348642,425.532181,0.109621
389591.487136,0.358087,513.555344,0.115964
394769.017981,0.355634,312.630858,0.113937
400007.147714,0.357063,138.990574,0.107528
405309.229534,0.361993,-nan,0.102786
410640.371477,0.378505,265.998047,0.102328
416064.539159,0.344659,174.532091,0.124415
421493.056423,0.348942,663.109083,0.126410
427151.931484,0.341610,-nan,0.087502
432706.455674,0.368240,637.793040,0.116549
438450.072189,0.355496,436.534942,0.119794
444240.733804,0.337412,385.992718,0.112250
450047.069891,0.327060,643.425171,0.127571
456042.097386,0.354641,517.922344,0.117612
462038.517575,0.357608,646.058207,0.110734
468164.693309,0.358783,614.435149,0.100919
474320.929208,0.378198,765.494276,0.115082
480629.798324,0.346250,507.394052,0.102124
486989.874275,0.370472,599.136720,0.099576
