0.000000,0.995000,0.000000,0.000000
1.002931,0.848333,0.001652,0.024253
1.015854,0.846960,0.001695,0.024325
1.029191,0.845707,0.001761,0.024784
1.042655,0.844160,0.001725,0.024953
1.056194,0.843113,0.001703,0.025053
1.069970,0.841443,0.001720,0.025183
1.083891,0.839970,0.001703,0.025073
1.097994,0.839017,0.001756,0.025184
1.112354,0.837617,0.001721,0.025197
1.126761,0.836150,0.001740,0.025505
1.141511,0.835007,0.001739,0.025725
1.156274,0.833727,0.001756,0.026026
1.171459,0.832570,0.001725,0.026128
1.186613,0.831210,0.001762,0.026370
1.202157,0.829993,0.001735,0.027033
1.217784,0.828510,0.001737,0.027255
1.233519,0.827533,0.001780,0.027264
1.249673,0.826280,0.001728,0.027367
1.265888,0.825147,0.001785,0.027542
1.282428,0.823880,0.001733,0.027332
1.299192,0.822770,0.001803,0.027361
1.315987,0.821450,0.001775,0.027836
1.333188,0.820107,0.001778,0.027423
1.350519,0.818710,0.001768,0.027489
1.368115,0.817040,0.001778,0.027320
1.385861,0.815863,0.001760,0.027136
1.404005,0.814863,0.001761,0.027513
1.422279,0.813367,0.001734,0.027682
1.440731,0.812050,0.001742,0.027504
1.459627,0.810683,0.001767,0.027737
1.478625,0.809423,0.001794,0.027760
1.497936,0.808167,0.001811,0.027723
1.517493,0.807073,0.001790,0.028097
1.537198,0.805537,0.001796,0.028503
1.557321,0.804163,0.001867,0.028684
1.577729,0.802967,0.001772,0.028872
1.598047,0.801403,0.001790,0.028802
1.618907,0.799613,0.001864,0.028946
1.640170,0.798310,0.001790,0.028816
1.661401,0.796800,0.001796,0.028826
1.683016,0.795270,0.001808,0.029034
1.705095,0.794250,0.001830,0.029528
1.727088,0.793097,0.001797,0.029598
1.749859,0.791710,0.001829,0.029799
1.772480,0.790633,0.001841,0.030371
1.795471,0.788900,0.001873,0.030334
1.819054,0.787333,0.001799,0.030652
1.842829,0.785443,0.001865,0.031042
1.866628,0.784007,0.001830,0.030879
1.891155,0.782633,0.001782,0.031167
1.915767,0.781583,0.001876,0.031081
1.940617,0.780223,0.001852,0.031509
1.966007,0.779460,0.001878,0.031910
1.991742,0.778177,0.001873,0.032286
2.017604,0.776807,0.001811,0.032423
2.043874,0.775773,0.001836,0.033022
2.070530,0.774127,0.001893,0.033096
2.097471,0.772790,0.001856,0.032416
2.124900,0.771070,0.001900,0.032767
2.152436,0.769847,0.001864,0.033314
2.180419,0.768393,0.001892,0.033334
2.209063,0.766903,0.001873,0.033428
2.237693,0.765397,0.001912,0.033621
2.266961,0.763847,0.001890,0.033360
2.296488,0.762593,0.001919,0.033538
2.326525,0.761927,0.001911,0.033645
2.356823,0.759997,0.001912,0.033436
2.387506,0.758303,0.001890,0.033261
2.418673,0.757087,0.001949,0.033972
2.450099,0.755497,0.002011,0.034268
2.481971,0.753790,0.001937,0.034570
2.514456,0.752233,0.001928,0.034815
2.547089,0.750577,0.001873,0.034890
2.580507,0.749163,0.001886,0.035178
2.614149,0.747527,0.001937,0.035823
2.648298,0.745930,0.001927,0.035844
2.682767,0.744440,0.001912,0.035626
2.717658,0.743363,0.001904,0.035610
2.753147,0.742397,0.001972,0.035737
2.789055,0.741387,0.001946,0.036198
2.825358,0.740223,0.002007,0.036321
2.862316,0.738620,0.002006,0.036893
2.899459,0.737173,0.001938,0.036956
2.937448,0.735967,0.001999,0.037276
2.975621,0.734453,0.001965,0.037355
3.014387,0.732470,0.002104,0.037454
3.053858,0.731380,0.001976,0.037335
3.093760,0.730017,0.002009,0.037582
3.134019,0.729023,0.001981,0.037430
3.174866,0.727027,0.002039,0.037442
3.216445,0.725957,0.002106,0.037286
3.258101,0.725213,0.002051,0.037704
3.300755,0.723633,0.002002,0.037678
3.343693,0.722020,0.002041,0.037825
3.387210,0.720787,0.002001,0.038134
3.431622,0.719287,0.002067,0.037677
3.476227,0.717420,0.002022,0.038186
3.521606,0.716007,0.002076,0.038439
3.567642,0.715063,0.002028,0.039022
3.614005,0.713830,0.002056,0.039059
3.661114,0.711893,0.002099,0.039354
3.708758,0.711127,0.002054,0.039759
3.757173,0.710150,0.002080,0.040307
3.806351,0.709203,0.002058,0.039832
3.855961,0.708260,0.002067,0.039802
3.906201,0.707030,0.002041,0.040153
3.957252,0.706217,0.002100,0.040275
4.008837,0.704173,0.002035,0.039908
4.060968,0.703297,0.002095,0.040326
4.114103,0.701333,0.002075,0.040392
4.167465,0.699480,0.002094,0.039738
4.222106,0.697913,0.002038,0.039707
4.277180,0.696633,0.002124,0.039838
4.333071,0.695217,0.002006,0.040524
4.389494,0.693780,0.002095,0.040516
4.446664,0.692250,0.002068,0.041068
4.504693,0.691157,0.002018,0.041710
4.563392,0.689930,0.002140,0.041897
4.622964,0.688177,0.002098,0.041625
4.683338,0.686147,0.002190,0.042072
4.744316,0.684907,0.002163,0.042053
4.806322,0.683927,0.002149,0.042661
4.869044,0.683317,0.002121,0.042912
4.932451,0.682143,0.002181,0.042509
4.996751,0.681547,0.002136,0.043031
5.062072,0.680013,0.002182,0.043489
5.128011,0.678877,0.002117,0.043891
5.195092,0.677963,0.002123,0.043947
5.262758,0.676687,0.002131,0.043508
5.331425,0.675417,0.002098,0.043729
5.400928,0.674240,0.002167,0.043509
5.471285,0.672767,0.002107,0.043430
5.542751,0.670680,0.002229,0.044274
5.615028,0.669610,0.002185,0.044362
5.688376,0.668300,0.002149,0.044974
5.762613,0.667313,0.002177,0.045204
5.837760,0.665977,0.002216,0.045851
5.913757,0.664590,0.002242,0.046125
5.991007,0.662613,0.002203,0.045982
6.069031,0.662530,0.002234,0.046187
6.148267,0.662170,0.002281,0.046815
6.228330,0.661110,0.002225,0.046876
6.309868,0.659623,0.002234,0.046012
6.392009,0.658537,0.002280,0.046247
6.475483,0.657623,0.002207,0.046196
6.559735,0.657507,0.002160,0.046705
6.645341,0.655913,0.002196,0.046110
6.732155,0.654443,0.002239,0.045265
6.819923,0.652603,0.002241,0.045009
6.908987,0.651107,0.002263,0.044657
6.999198,0.649717,0.002197,0.043716
7.090530,0.648517,0.002245,0.043556
7.183071,0.647960,0.002208,0.044178
7.276596,0.646850,0.002236,0.044210
7.371613,0.645387,0.002266,0.044077
7.467701,0.643900,0.002214,0.045274
7.565315,0.643137,0.002258,0.045294
7.663976,0.641947,0.002303,0.046033
7.763965,0.640003,0.002387,0.045544
7.865228,0.638910,0.002320,0.046627
7.967959,0.638333,0.002290,0.047175
8.071677,0.636960,0.002356,0.047618
8.176893,0.635253,0.002346,0.047462
8.283870,0.634490,0.002334,0.047695
8.391762,0.633043,0.002326,0.047578
8.501315,0.632963,0.002329,0.047138
8.612364,0.631163,0.002307,0.045669
8.724720,0.630657,0.002398,0.046196
8.838336,0.630067,0.002260,0.045568
8.953881,0.628193,0.002364,0.046147
9.070607,0.626807,0.002285,0.047330
9.188996,0.625283,0.002355,0.047681
9.308884,0.624353,0.002382,0.048285
9.430335,0.622557,0.002373,0.048101
9.553301,0.620797,0.002317,0.048542
9.678002,0.619587,0.002312,0.048785
9.804125,0.618947,0.002350,0.048573
9.932233,0.617113,0.002385,0.048820
10.061767,0.614240,0.002391,0.048855
10.193028,0.612423,0.002485,0.050005
10.326239,0.612770,0.002383,0.049118
10.460850,0.610777,0.002385,0.049513
10.597211,0.609767,0.002468,0.050202
10.735622,0.609190,0.002458,0.050448
10.876025,0.607740,0.002454,0.051243
11.017572,0.605607,0.002423,0.051604
11.161290,0.604747,0.002426,0.052004
11.307083,0.603407,0.002415,0.051836
11.454572,0.602350,0.002463,0.052193
11.604053,0.601203,0.002378,0.053364
11.755367,0.600693,0.002545,0.052343
11.908824,0.599877,0.002403,0.053094
12.064188,0.598973,0.002458,0.055051
12.221684,0.596863,0.002437,0.055287
12.381102,0.595993,0.002582,0.054391
12.542738,0.595410,0.002552,0.054073
12.706232,0.594550,0.002452,0.053644
12.872072,0.593563,0.002524,0.053559
13.040200,0.592047,0.002516,0.053960
13.210405,0.590607,0.002513,0.053590
13.382625,0.588870,0.002524,0.052985
13.557454,0.587503,0.002573,0.053634
13.734146,0.586123,0.002619,0.053402
13.913339,0.586200,0.002613,0.054037
14.095024,0.584627,0.002571,0.052775
14.278947,0.584077,0.002521,0.052715
14.465263,0.583527,0.002439,0.052152
14.653932,0.582700,0.002530,0.052129
14.845269,0.582023,0.002558,0.052992
15.039162,0.580883,0.002509,0.052355
15.235306,0.579523,0.002451,0.051347
15.433951,0.579050,0.002530,0.052088
15.635479,0.577480,0.002543,0.053075
15.839491,0.577140,0.002627,0.053666
16.046208,0.576167,0.002684,0.054576
16.255382,0.575737,0.002576,0.053189
16.467689,0.575303,0.002549,0.053379
16.682738,0.574363,0.002598,0.053087
16.900333,0.573193,0.002578,0.052514
17.120857,0.571900,0.002590,0.052759
17.344409,0.570827,0.002570,0.052818
17.570788,0.569380,0.002601,0.052665
17.799850,0.567457,0.002683,0.054132
18.032195,0.567393,0.002649,0.055549
18.267512,0.565487,0.002681,0.057433
18.505809,0.565200,0.002515,0.056469
18.747479,0.563310,0.002665,0.056509
18.992015,0.562287,0.002715,0.056331
19.239822,0.561877,0.002636,0.056414
19.491046,0.560857,0.002549,0.056644
19.745269,0.561143,0.002628,0.056646
20.003106,0.560283,0.002664,0.056621
20.263995,0.560710,0.002645,0.056972
20.528470,0.560397,0.002621,0.057936
20.796412,0.559627,0.002577,0.057433
21.067836,0.557467,0.002638,0.057202
21.342581,0.556437,0.002674,0.057827
21.621430,0.553423,0.002701,0.057149
21.903494,0.553110,0.002826,0.056538
22.189217,0.552583,0.002694,0.057331
22.478708,0.552100,0.002615,0.056824
22.772235,0.551680,0.002716,0.057025
23.069343,0.550830,0.002818,0.056480
23.370548,0.550207,0.002743,0.057594
23.675375,0.548033,0.002738,0.057472
23.984479,0.548797,0.002708,0.057915
24.297443,0.547353,0.002768,0.058610
24.614264,0.545643,0.002773,0.057589
24.935807,0.545320,0.002784,0.057655
25.261094,0.544383,0.002679,0.057561
25.590872,0.543277,0.002755,0.057240
25.924836,0.542187,0.002839,0.056068
26.263049,0.540173,0.002675,0.056577
26.605867,0.539733,0.002707,0.057437
26.953190,0.537567,0.002826,0.057708
27.305023,0.536753,0.002731,0.058862
27.661340,0.535120,0.002736,0.060265
28.022221,0.534117,0.002811,0.059335
28.387943,0.533683,0.002750,0.058590
28.758487,0.534703,0.002880,0.057546
29.133791,0.534217,0.002843,0.059152
29.514166,0.533170,0.002841,0.058561
29.899154,0.530543,0.002887,0.058900
30.289312,0.529483,0.002965,0.058532
30.684576,0.528257,0.002843,0.058761
31.085120,0.526430,0.002827,0.057736
31.490903,0.525737,0.002865,0.058696
31.901754,0.525440,0.002918,0.059008
32.317966,0.525960,0.002830,0.059720
32.739921,0.526207,0.002858,0.058977
33.167255,0.526097,0.002842,0.060476
33.600161,0.523947,0.002745,0.058593
34.038510,0.524103,0.002952,0.058097
34.482833,0.523403,0.002796,0.059464
34.932999,0.521750,0.002888,0.059972
35.388717,0.522167,0.002873,0.059665
35.850789,0.520357,0.002773,0.059736
36.318615,0.519070,0.002961,0.059223
36.792274,0.517647,0.002768,0.058127
37.272880,0.517347,0.002919,0.057606
37.759109,0.514540,0.002886,0.059508
38.251938,0.513120,0.002939,0.060391
38.751272,0.514227,0.002906,0.060817
39.257087,0.512913,0.003017,0.060277
39.769303,0.512270,0.002886,0.060197
40.288206,0.512167,0.002872,0.061332
40.814318,0.510460,0.002954,0.062369
41.346834,0.510067,0.003084,0.062638
41.886591,0.508567,0.003113,0.064459
42.433181,0.508917,0.003018,0.065070
42.987117,0.508243,0.002947,0.065730
43.548000,0.508803,0.003013,0.067109
44.116424,0.508030,0.002915,0.064366
44.692246,0.506787,0.003110,0.064296
45.275550,0.506553,0.003014,0.065198
45.866387,0.507243,0.003073,0.063927
46.464979,0.508607,0.003053,0.064780
47.071439,0.507873,0.002969,0.066422
47.685707,0.506000,0.002972,0.065816
48.308101,0.505730,0.002943,0.065243
48.938786,0.505203,0.002964,0.062468
49.577318,0.503253,0.003052,0.063756
50.224172,0.503310,0.002943,0.063947
50.879902,0.502067,0.002980,0.064302
51.543907,0.501763,0.003059,0.064971
52.217026,0.500793,0.003026,0.065273
52.898116,0.499447,0.003082,0.062883
53.588694,0.499783,0.002982,0.063848
54.287902,0.498333,0.003170,0.065126
54.996585,0.497500,0.003145,0.065181
55.714381,0.497867,0.003039,0.066567
56.441252,0.497220,0.002971,0.067077
57.178174,0.496250,0.003073,0.064707
57.924444,0.494080,0.003104,0.065645
58.680367,0.492937,0.003085,0.065376
59.446463,0.491340,0.003153,0.065829
60.222192,0.490830,0.003108,0.066550
61.007909,0.489547,0.003166,0.065439
61.804552,0.489577,0.003251,0.066836
62.611223,0.488217,0.003130,0.065971
63.428090,0.487347,0.003241,0.067734
64.256052,0.487090,0.003036,0.068738
65.094672,0.485257,0.003114,0.070027
65.944467,0.483143,0.003214,0.068779
66.805296,0.483273,0.003232,0.069195
67.676954,0.480420,0.003193,0.070112
68.560539,0.478287,0.003215,0.069177
69.455156,0.478010,0.003324,0.070419
70.361781,0.477490,0.003352,0.069837
71.280230,0.476633,0.003323,0.069479
72.210594,0.477290,0.003348,0.072269
73.152926,0.477550,0.003200,0.070380
74.107906,0.476487,0.003302,0.071665
75.074719,0.476197,0.003356,0.070294
76.054765,0.476600,0.003411,0.071195
77.047519,0.475123,0.003273,0.069437
78.053159,0.474683,0.003376,0.072273
79.071893,0.474383,0.003208,0.071907
80.104137,0.474390,0.003211,0.068880
81.149221,0.471363,0.003240,0.069252
82.208443,0.471377,0.003374,0.068376
83.281391,0.470657,0.003279,0.069166
84.368410,0.467940,0.003279,0.069023
85.469783,0.467933,0.003330,0.068878
86.585055,0.468357,0.003230,0.070221
87.715288,0.466787,0.003395,0.069091
88.860438,0.465433,0.003294,0.070902
90.020044,0.465940,0.003299,0.071020
91.194681,0.467413,0.003446,0.070900
92.385183,0.468907,0.003286,0.071943
93.590683,0.466350,0.003162,0.072165
94.812406,0.466390,0.003415,0.072103
96.049827,0.468207,0.003437,0.071670
97.303465,0.466263,0.003264,0.070464
98.573770,0.466737,0.003302,0.072608
99.860052,0.466903,0.003378,0.072917
101.163492,0.467860,0.003364,0.072862
102.484166,0.465643,0.003331,0.075395
103.821597,0.466247,0.003401,0.075504
105.176513,0.465510,0.003295,0.072755
106.549381,0.464487,0.003359,0.073823
107.940021,0.464667,0.003351,0.073834
109.348927,0.462677,0.003291,0.074103
110.776276,0.461433,0.003586,0.073301
112.221833,0.461520,0.003406,0.072954
113.686859,0.460170,0.003453,0.075091
115.170571,0.459163,0.003413,0.073903
116.673857,0.459397,0.003387,0.074245
118.196594,0.457250,0.003509,0.074437
119.739266,0.459300,0.003372,0.075779
121.302203,0.457723,0.003492,0.074549
122.885433,0.455613,0.003671,0.075358
124.489689,0.455650,0.003564,0.074331
126.114030,0.456850,0.003484,0.074889
127.760108,0.459327,0.003633,0.076713
129.427774,0.460363,0.003414,0.076590
131.117210,0.461410,0.003343,0.077950
132.828273,0.460007,0.003511,0.078384
134.562320,0.456317,0.003362,0.077142
136.318644,0.455363,0.003557,0.076283
138.097803,0.453067,0.003595,0.075451
139.900181,0.455787,0.003354,0.075721
141.726267,0.451327,0.003694,0.073840
143.576221,0.449027,0.003530,0.074596
145.450168,0.448453,0.003469,0.073565
147.348602,0.451500,0.003647,0.076845
149.271777,0.451117,0.003613,0.074895
151.219673,0.450797,0.003585,0.075538
153.193651,0.450590,0.003558,0.074333
155.193302,0.451627,0.003475,0.073617
157.218903,0.450243,0.003714,0.074803
159.271033,0.452080,0.003410,0.075381
161.349711,0.449167,0.003468,0.075171
163.455824,0.452000,0.003550,0.075032
165.589179,0.451163,0.003502,0.074777
167.750752,0.453973,0.003379,0.074652
169.940014,0.454117,0.003340,0.075168
172.158253,0.453423,0.003744,0.078811
174.405138,0.452337,0.003497,0.076760
176.681302,0.450713,0.003565,0.077336
178.987746,0.449773,0.003457,0.076341
181.323889,0.449997,0.003666,0.076927
183.690599,0.451553,0.003748,0.079456
186.088342,0.450407,0.003750,0.079373
188.516895,0.452100,0.003642,0.079432
190.977675,0.451130,0.003435,0.077941
193.470343,0.451677,0.003428,0.075990
195.995543,0.447670,0.003631,0.076074
198.553724,0.447310,0.003374,0.076614
201.145425,0.447340,0.003476,0.076710
203.770476,0.447467,0.003481,0.077342
206.430513,0.445150,0.003614,0.076021
209.125076,0.445490,0.003642,0.076242
211.854702,0.445153,0.003699,0.079474
214.619698,0.444340,0.003737,0.080295
217.420807,0.444773,0.003521,0.081824
220.258709,0.444253,0.003488,0.080350
223.133920,0.443990,0.003842,0.079507
226.046073,0.444340,0.003796,0.081203
228.996643,0.443057,0.003764,0.081520
231.985761,0.442980,0.003773,0.082204
235.013485,0.441767,0.003767,0.082711
238.080957,0.442760,0.003705,0.082212
241.188467,0.441290,0.004056,0.082677
244.336685,0.443457,0.003888,0.083233
247.525546,0.445147,0.004019,0.080418
250.756482,0.439037,0.004799,0.081508
254.029501,0.440627,0.004297,0.081340
257.345139,0.438913,0.003834,0.082667
260.703975,0.438360,0.003954,0.083714
264.107016,0.437197,0.003938,0.084182
267.554734,0.434973,0.003964,0.082233
271.046266,0.437707,0.003968,0.084621
274.584128,0.438263,0.004153,0.085413
278.168263,0.436407,0.003926,0.085879
281.798861,0.435743,0.004539,0.082673
285.477246,0.438447,0.003988,0.087768
289.203097,0.437603,0.003997,0.084566
292.977914,0.436890,0.004323,0.080009
296.802094,0.433293,0.004315,0.078658
300.676004,0.434907,0.003805,0.080374
304.600760,0.434690,0.004121,0.080615
308.576539,0.433497,0.004009,0.083227
312.603894,0.431660,0.003965,0.083787
316.684369,0.428713,0.004001,0.081375
320.818032,0.428183,0.003934,0.082049
325.005214,0.427477,0.003836,0.083314
329.247569,0.429203,0.003924,0.081742
333.544811,0.427453,0.003868,0.082740
337.898174,0.430780,0.003981,0.081929
342.308759,0.428317,0.003856,0.082957
346.776694,0.430533,0.004268,0.082682
351.302956,0.432113,0.003829,0.081908
355.888431,0.433957,0.004829,0.084447
360.533627,0.431707,0.003824,0.081211
365.239694,0.433313,0.003748,0.082705
370.006762,0.428670,0.003850,0.083814
374.836599,0.427913,0.003982,0.084809
379.728924,0.427697,0.003890,0.081726
384.685199,0.430207,0.004264,0.083299
389.706540,0.428550,0.003787,0.081041
394.793171,0.427100,0.004500,0.083280
399.946403,0.425173,0.004117,0.082388
405.166513,0.425017,0.004160,0.084001
410.454922,0.420880,0.004155,0.085508
415.812508,0.420673,0.004397,0.086119
421.239544,0.422303,0.004460,0.086616
426.737773,0.420893,0.006025,0.085175
432.308312,0.421913,0.008866,0.086566
437.950640,0.423893,0.004654,0.088438
443.666822,0.421683,0.004878,0.087711
449.457992,0.421010,0.005083,0.084840
455.324527,0.420740,0.005037,0.086129
461.267412,0.422287,0.005150,0.086160
467.288697,0.421063,0.006572,0.089509
473.387783,0.421093,0.007610,0.087630
479.566744,0.422753,0.007125,0.087351
485.825923,0.423633,0.003871,0.087873
492.167189,0.424707,0.004787,0.089758
498.591536,0.425793,0.008243,0.090850
505.098846,0.424817,0.005108,0.088162
511.692028,0.425510,0.004405,0.085948
518.370727,0.424307,0.004004,0.085934
525.137239,0.422613,0.005691,0.086662
531.991857,0.421557,0.016980,0.088401
538.936542,0.416547,0.041550,0.085342
545.956969,0.421060,0.272940,0.086378
553.095584,0.421413,-nan,0.085023
560.314998,0.419647,-nan,0.085221
567.628447,0.419557,-nan,0.083767
575.037262,0.423583,-nan,0.084776
582.543206,0.419083,-nan,0.083301
590.146894,0.417327,-nan,0.085224
597.849795,0.419300,-nan,0.087775
605.653249,0.418260,-nan,0.089191
613.558263,0.420230,-nan,0.085467
621.567129,0.419183,-nan,0.082557
629.679798,0.416807,-nan,0.085277
637.898787,0.414150,-nan,0.083903
646.225263,0.412940,-nan,0.086277
654.660291,0.417117,-nan,0.087480
663.204801,0.422203,-nan,0.084666
671.861519,0.412797,-nan,0.085410
680.630980,0.414777,-nan,0.085715
689.514888,0.414530,-nan,0.087860
698.514661,0.415677,-nan,0.084096
707.632390,0.414690,-nan,0.087542
716.868717,0.413837,-nan,0.088713
726.225854,0.410340,-nan,0.090409
735.705015,0.414097,-nan,0.088178
745.307548,0.413487,-nan,0.090864
755.035918,0.415700,-nan,0.087611
764.890991,0.418743,-nan,0.089538
774.874574,0.417380,-nan,0.088482
784.988636,0.414187,-nan,0.089345
795.234822,0.418253,-nan,0.091968
805.614800,0.414870,-nan,0.092342
816.130134,0.417337,-nan,0.090692
826.782333,0.419253,-nan,0.093020
837.574289,0.415673,-nan,0.095340
848.506823,0.414813,-nan,0.093688
859.581925,0.411370,-nan,0.091538
870.801881,0.412327,-nan,0.092182
882.167646,0.416457,-nan,0.092108
893.682614,0.415177,-nan,0.090339
905.347427,0.416353,-nan,0.089647
917.164492,0.417990,-nan,0.094596
929.135823,0.416787,-nan,0.094956
941.263753,0.413137,-nan,0.091913
953.549718,0.411687,-nan,0.089186
965.995670,0.410600,-nan,0.092747
978.604451,0.412810,-nan,0.092331
991.378037,0.414217,-nan,0.093867
1004.318039,0.412160,-nan,0.089351
1017.426554,0.411160,-nan,0.092694
1030.706968,0.412463,-nan,0.092047
1044.160200,0.414093,-nan,0.090298
1057.789166,0.413893,-nan,0.092354
1071.596084,0.410807,-nan,0.093874
1085.583112,0.413673,-nan,0.099926
1099.752856,0.410953,-nan,0.096294
1114.107686,0.409870,-nan,0.094996
1128.649432,0.409413,-nan,0.096293
1143.381213,0.408143,-nan,0.095378
1158.305330,0.411810,-nan,0.096626
1173.424441,0.411203,-nan,0.096599
1188.740601,0.406080,-nan,0.097234
1204.256733,0.404083,-nan,0.098165
1219.975335,0.402503,-nan,0.095435
1235.899210,0.404137,-nan,0.095672
1252.031087,0.403893,-nan,0.097775
1268.373144,0.405660,-nan,0.098195
1284.928880,0.404217,-nan,0.096854
1301.700280,0.408503,-nan,0.099255
1318.690581,0.409060,-nan,0.095292
1335.903393,0.405217,-nan,0.093233
1353.340065,0.407893,-nan,0.092012
1371.005149,0.405920,-nan,0.093800
1388.900193,0.406770,-nan,0.092827
1407.028755,0.409557,-nan,0.094946
1425.393790,0.406603,-nan,0.091081
1443.998816,0.414310,-nan,0.092332
1462.847274,0.412330,-nan,0.096877
1481.941021,0.414857,-nan,0.092583
1501.284414,0.413603,-nan,0.095615
1520.879873,0.414040,-nan,0.092334
1540.731734,0.414810,-nan,0.090129
1560.842034,0.412707,-nan,0.092053
1581.215355,0.408230,-nan,0.093692
1601.854114,0.408340,-nan,0.091710
1622.762627,0.409717,-nan,0.092009
1643.943811,0.406690,-nan,0.093909
1665.401531,0.405297,-nan,0.090990
1687.139521,0.408467,-nan,0.088675
1709.161255,0.409840,-nan,0.089951
1731.470052,0.409723,-nan,0.090293
1754.070148,0.413087,-nan,0.091855
1776.965141,0.414517,-nan,0.090630
1800.159604,0.410387,-nan,0.088606
1823.656311,0.408200,-nan,0.095159
1847.459659,0.412557,-nan,0.092038
1871.573959,0.415990,-nan,0.091685
1896.002640,0.414073,-nan,0.090449
1920.750715,0.414273,-nan,0.088419
1945.821560,0.415543,-nan,0.090408
1971.219489,0.413053,-nan,0.092774
1996.949134,0.409137,-nan,0.090374
2023.014504,0.406890,-nan,0.089281
2049.420119,0.406317,-nan,0.092831
2076.164648,0.410847,-nan,0.093895
2103.270004,0.414883,-nan,0.093412
2130.723265,0.418260,-nan,0.096016
2158.534552,0.409570,-nan,0.093655
2186.709597,0.409800,-nan,0.094626
2215.251458,0.414000,-nan,0.092315
2244.166466,0.409027,-nan,0.092908
2273.458777,0.409970,-nan,0.094387
2303.133186,0.417097,-nan,0.094549
2333.194872,0.418097,-nan,0.092211
2363.649340,0.412350,-nan,0.095831
2394.501509,0.413680,-nan,0.096517
2425.755923,0.414330,-nan,0.094200
2457.418399,0.412380,-nan,0.095001
2489.494213,0.409357,-nan,0.091903
2521.988891,0.409103,-nan,0.092558
2554.907289,0.406670,-nan,0.091827
2588.255305,0.408827,-nan,0.092991
2622.039211,0.410743,-nan,0.092780
2656.263661,0.406787,-nan,0.091175
2690.934692,0.407917,-nan,0.085920
2726.058782,0.413423,-nan,0.089488
2761.640485,0.416557,-nan,0.088581
2797.687088,0.412377,-nan,0.088257
2834.204803,0.411880,-nan,0.089138
2871.198438,0.415013,-nan,0.089555
2908.675049,0.415597,-nan,0.089394
2946.641180,0.408387,-nan,0.093616
2985.102710,0.414010,-nan,0.091512
3024.065742,0.415520,-nan,0.090232
3063.537891,0.414573,-nan,0.088920
3103.525084,0.412843,-nan,0.087798
3144.034438,0.413443,-nan,0.090582
3185.072480,0.414833,-nan,0.090744
3226.599685,0.415467,-nan,0.088998
3268.762407,0.415323,-nan,0.090356
3311.427817,0.421887,-nan,0.090973
3354.651063,0.420277,-nan,0.097071
3398.438157,0.414293,-nan,0.092182
3442.796942,0.410197,-nan,0.093041
3487.734643,0.412300,-nan,0.092626
3533.258650,0.411823,-nan,0.091001
3579.377028,0.412940,-nan,0.097573
3626.097271,0.411903,-nan,0.091383
3673.427224,0.408893,-nan,0.090407
3721.375563,0.409717,-nan,0.092248
-nan,0.408293,-nan,0.096482
3819.156906,0.412057,-nan,0.096108
3869.006630,0.415393,-nan,0.090767
3919.507456,0.413127,-nan,0.093420
3970.667562,0.413773,-nan,0.094009
-nan,0.411803,-nan,0.091965
4074.999665,0.410090,-nan,0.095593
4128.188846,0.411180,-nan,0.097203
4182.072868,0.406200,-nan,0.094195
4236.660030,0.407630,-nan,0.095706
4291.959906,0.406060,-nan,0.093949
4347.980819,0.407997,-nan,0.092622
4404.733849,0.410033,-nan,0.089537
4462.226839,0.412640,-nan,0.090414
4520.471033,0.413797,-nan,0.096835
4579.475119,0.408193,-nan,0.094725
4639.249578,0.406133,-nan,0.095021
4699.803902,0.404593,-nan,0.095465
4761.127321,0.408633,-nan,0.097685
4823.294264,0.406840,-nan,0.098396
4886.251000,0.415093,-nan,0.095374
4950.029600,0.413433,-nan,0.093828
5014.640541,0.414827,-nan,0.089295
5080.094684,0.410647,-nan,0.092326
5146.393770,0.409997,-nan,0.094275
5213.577792,0.409103,-nan,0.094214
5281.628941,0.407817,-nan,0.096183
5350.567736,0.418057,-nan,0.096609
5420.406790,0.417883,-nan,0.094634
5491.157793,0.414787,-nan,0.091986
5562.831757,0.407853,-nan,0.094394
5635.441779,0.408053,-nan,0.092917
5708.999225,0.406577,-nan,0.093352
5783.516843,0.407323,-nan,0.095911
5859.007029,0.408133,-nan,0.097314
5935.482586,0.410437,-nan,0.097677
6012.956064,0.414740,-nan,0.099849
6091.441141,0.416573,-nan,0.100144
6170.950701,0.405793,-nan,0.097940
6251.498254,0.402930,-nan,0.097741
6333.097551,0.407470,-nan,0.098529
6415.626472,0.408803,-nan,0.098317
6499.502956,0.405510,-nan,0.099540
6584.338604,0.408423,-nan,0.102083
6670.281902,0.409527,-nan,0.099687
6757.346632,0.406773,-nan,0.100396
6845.522798,0.404137,-nan,0.100079
6934.900501,0.404213,-nan,0.097656
7025.419795,0.405110,-nan,0.098557
7117.119584,0.410820,-nan,0.095967
7210.016748,0.412400,-nan,0.097674
7304.127393,0.405273,-nan,0.096500
7399.465393,0.404417,-nan,0.101215
7495.844009,0.407173,-nan,0.097987
7593.891052,0.405867,-nan,0.098192
7693.011415,0.410323,-nan,0.102130
7793.425683,0.410417,-nan,0.102697
7895.150426,0.406920,-nan,0.098808
7998.203231,0.400317,-nan,0.103911
8102.601631,0.398053,-nan,0.105080
8208.361988,0.401550,-nan,0.103511
8315.503089,0.408190,-nan,0.107239
8424.041852,0.406787,-nan,0.104950
8533.998164,0.404303,-nan,0.105052
8645.389117,0.402873,-nan,0.104903
8758.223418,0.412630,-nan,0.104537
8872.552390,0.407937,-nan,0.101289
8988.363230,0.409440,-nan,0.097068
9105.685174,0.411123,-nan,0.100264
9224.538543,0.407783,-nan,0.100896
9344.943257,0.409397,-nan,0.103377
9466.919560,0.408683,-nan,0.098898
9590.488132,0.406147,-nan,0.104378
9715.669256,0.408527,-nan,0.106676
9842.484515,0.407837,-nan,0.105916
9970.955241,0.409250,-nan,0.101750
10101.102920,0.406883,-nan,0.104494
10232.948834,0.408417,-nan,0.098608
10366.516080,0.404243,-nan,0.101505
10501.826483,0.405143,-nan,0.100326
10638.903363,0.408217,-nan,0.104523
10777.769350,0.395257,-nan,0.104650
10918.447704,0.405883,-nan,0.101876
11060.962400,0.405517,-nan,0.100912
11205.337412,0.407643,-nan,0.101119
11351.596596,0.414323,-nan,0.098859
11499.765383,0.407263,-nan,0.101232
11649.867867,0.411213,-nan,0.102702
11801.929515,0.409140,-nan,0.099056
11955.976411,0.405333,-nan,0.100728
12112.033475,0.404587,-nan,0.102491
12270.127897,0.408133,-nan,0.102618
12430.285835,0.402320,-nan,0.103664
12592.533854,0.405717,-nan,0.104282
12756.900249,0.401747,-nan,0.105540
12923.411260,0.408363,-nan,0.101691
13092.095855,0.405990,-nan,0.101938
13262.982578,0.410320,-nan,0.098321
13436.099801,0.407850,-nan,0.099774
13611.476743,0.407153,-nan,0.102411
13789.142891,0.405880,-nan,0.106520
13969.127839,0.404857,-nan,0.106313
14151.462047,0.404140,-nan,0.106718
14336.176281,0.409080,-nan,0.103798
14523.301420,0.408430,-nan,0.102255
14712.869106,0.400963,-nan,0.103494
14904.911522,0.402430,-nan,0.101971
15099.459974,0.406710,-nan,0.104496
15296.547927,0.405370,-nan,0.101748
15496.208534,0.407130,-nan,0.100756
15698.474934,0.406367,-nan,0.101062
15903.382344,0.404113,-nan,0.102693
16110.963582,0.408600,-nan,0.101047
16321.254666,0.404140,-nan,0.099229
16534.290242,0.407373,-nan,0.105819
16750.107099,0.404270,-nan,0.107117
16968.740226,0.403370,-nan,0.100243
17190.227223,0.404550,-nan,0.098480
17414.605662,0.409507,-nan,0.104566
17641.912419,0.407130,-nan,0.101890
17872.186290,0.400350,-nan,0.102946
18105.466113,0.412267,-nan,0.105335
18341.790335,0.409683,-nan,0.100267
18581.199485,0.403113,-nan,0.102450
18823.734058,0.403940,-nan,0.107065
19069.434082,0.399957,-nan,0.107506
19318.340123,0.407380,-nan,0.107736
19570.496024,0.403967,-nan,0.101069
19825.942934,0.402927,-nan,0.104829
20084.724566,0.406147,-nan,0.107677
20346.774748,0.404803,-nan,0.103232
20612.464556,0.406123,-nan,0.102295
20881.511691,0.402123,-nan,0.101579
21154.071052,0.403107,-nan,0.105503
21430.188451,0.402657,-nan,0.101324
21709.908870,0.405513,-nan,0.105809
21993.281176,0.407900,-nan,0.107812
22280.352134,0.399730,-nan,0.101574
22571.170004,0.410837,-nan,0.103017
22865.723936,0.408310,-nan,0.103875
23164.243170,0.402867,-nan,0.102513
23466.598301,0.402330,-nan,0.102983
23772.899915,0.401863,-nan,0.103181
24083.199016,0.407177,-nan,0.104338
24397.549288,0.396290,-nan,0.104352
24716.001820,0.411513,-nan,0.104908
25038.611379,0.413847,-nan,0.101938
25365.431981,0.409400,-nan,0.103066
25696.518641,0.407373,-nan,0.098826
26031.926353,0.401773,-nan,0.103805
26371.712216,0.411020,-nan,0.105889
26715.933613,0.403533,-nan,0.103701
27064.647339,0.406800,-nan,0.105710
27417.913179,0.407240,-nan,0.100854
27775.789937,0.400060,-nan,0.104344
28138.337564,0.404923,-nan,0.105646
28505.324820,0.400907,-nan,0.106867
28877.692529,0.402117,-nan,0.108213
29254.622904,0.401773,-nan,0.107544
29635.639210,0.410357,-nan,0.109071
30023.308791,0.402757,-nan,0.106480
30415.192928,0.401567,-nan,0.111551
30812.192150,0.399700,-nan,0.109223
31214.373118,0.396953,-nan,0.108380
31621.803294,0.402953,-nan,0.108304
32034.552452,0.406617,-nan,0.107936
32452.688653,0.393377,-nan,0.110484
32876.282706,0.401297,-nan,0.109846
33305.405693,0.404350,-nan,0.107315
33740.129950,0.406430,-nan,0.113982
34180.528666,0.398487,-nan,0.110876
34626.675435,0.401080,-nan,0.109302
35078.130578,0.402000,-nan,0.109589
35536.514870,0.404713,-nan,0.110811
35999.620776,0.401997,-nan,0.110279
36470.261643,0.402803,-nan,0.113913
36946.295924,0.402130,-nan,0.107672
37428.542948,0.402897,-nan,0.108574
37916.752406,0.404657,-nan,0.107609
38412.004686,0.404340,-nan,0.115549
38913.382918,0.405347,-nan,0.114118
39421.306599,0.403923,-nan,0.112739
39935.859722,0.392367,-nan,0.115754
40457.128875,0.399107,-nan,0.111138
40985.202144,0.404067,-nan,0.113790
41520.167999,0.400407,-nan,0.109078
42062.117199,0.397623,-nan,0.112193
42611.139503,0.403000,-nan,0.109163
43167.138926,0.400390,-nan,0.109867
43730.776693,0.404090,-nan,0.111823
44301.579922,0.396117,-nan,0.111693
44879.833559,0.399270,-nan,0.117095
45465.634774,0.405737,-nan,0.113667
46059.082452,0.401303,-nan,0.113972
46660.276452,0.400327,-nan,0.114818
47269.317235,0.403513,-nan,0.112853
47886.307387,0.399180,-nan,0.114003
48511.351148,0.398580,-nan,0.111103
49144.553647,0.404460,-nan,0.110333
49785.225059,0.396273,-nan,0.116180
50435.861471,0.402937,-nan,0.117083
51093.511255,0.402040,-nan,0.115012
51760.661626,0.400687,-nan,0.115780
52436.718699,0.401983,-nan,0.114145
53121.157520,0.396510,-nan,0.113800
53812.859985,0.395043,-nan,0.119461
54516.953493,0.395397,-nan,0.120254
55228.544594,0.398103,-nan,0.113171
55949.020466,0.392163,-nan,0.118945
56679.712994,0.396097,-nan,0.119926
57419.055435,0.394177,-nan,0.116113
58169.012187,0.393983,-nan,0.119335
58927.527605,0.394333,-nan,0.119181
59697.443602,0.399633,-nan,0.123107
60476.654136,0.391677,-nan,0.121306
61266.035355,0.396477,-nan,0.120471
62065.720296,0.395963,-nan,0.120986
62875.599327,0.400363,-nan,0.118914
63696.540848,0.396047,-nan,0.120236
64527.950309,0.390383,-nan,0.122829
65370.211435,0.393953,-nan,0.118287
66223.467247,0.392633,-nan,0.119522
67087.859765,0.390787,-nan,0.122087
67963.534714,0.401690,-nan,0.122580
68850.640600,0.396970,-nan,0.121848
69746.952078,0.390723,-nan,0.120546
70659.739094,0.393163,-nan,0.124516
71582.036815,0.392920,-nan,0.122772
72516.372993,0.389530,-nan,0.126145
73462.257309,0.389733,-nan,0.124636
74421.790633,0.400977,-nan,0.125943
75392.131806,0.389500,-nan,0.130499
76376.836223,0.383343,-nan,0.124028
77374.202627,0.391323,-nan,0.125884
78383.406284,0.391680,-nan,0.127710
79407.263742,0.385677,-nan,0.127711
80441.602602,0.384430,-nan,0.130503
81493.745368,0.386907,-nan,0.131918
82556.925900,0.384040,-nan,0.129038
83635.050603,0.383310,-nan,0.130058
84726.710643,0.391063,-nan,0.130034
85832.620417,0.385843,-nan,0.129655
86952.397667,0.392543,-nan,0.134146
88087.932060,0.383257,-nan,0.129105
89236.873431,0.383773,-nan,0.128453
90402.503834,0.389367,-nan,0.132285
91582.497217,0.391357,-nan,0.129338
92777.408827,0.382080,-nan,0.129745
93988.892149,0.379690,-nan,0.131797
95215.697346,0.382177,-nan,0.132903
96455.044752,0.385213,-nan,0.136906
97717.556138,0.392087,-nan,0.135211
98990.407440,0.379697,-nan,0.137593
100284.780175,0.384247,-nan,0.136679
101594.141826,0.382517,-nan,0.134825
102919.595324,0.381040,-nan,0.133526
104263.598374,0.386573,-nan,0.134999
105624.516563,0.380000,-nan,0.135057
107003.197744,0.381187,-nan,0.135801
108399.874646,0.384273,-nan,0.133635
109813.504595,0.379027,-nan,0.135259
111248.157318,0.381353,-nan,0.137654
112700.241849,0.379707,-nan,0.135054
114171.280233,0.380720,-nan,0.138415
115660.817082,0.379607,-nan,0.137718
117171.210840,0.378097,-nan,0.139980
118700.607121,0.381713,-nan,0.138579
120249.966394,0.388080,-nan,0.141485
121818.909186,0.379297,-nan,0.140461
123409.618445,0.378277,-nan,0.138792
125020.442685,0.377373,-nan,0.138674
126643.381409,0.378220,-nan,0.141110
128301.912989,0.380933,-nan,0.145121
129980.170054,0.380140,-nan,0.142132
131676.757226,0.379670,-nan,0.145561
133395.489963,0.374953,-nan,0.143631
135136.656391,0.381993,-nan,0.145192
136900.550155,0.374010,-nan,0.142472
138682.694917,0.379900,-nan,0.147765
140495.266474,0.367200,-nan,0.144013
142329.610605,0.372570,-nan,0.147559
144189.383756,0.372630,-nan,0.147591
146071.438947,0.370913,-nan,0.147919
147977.716959,0.369580,-nan,0.150006
149901.794984,0.370127,-nan,0.153833
151863.651302,0.364950,-nan,0.149343
153848.055097,0.369790,-nan,0.152973
155856.680614,0.368317,-nan,0.148620
157890.097985,0.369607,-nan,0.154336
159951.923966,0.373127,-nan,0.155487
162034.501367,0.365527,-nan,0.155316
164154.772621,0.370983,-nan,0.153296
166297.429519,0.365827,-nan,0.151678
168468.054078,0.367213,-nan,0.154546
170662.812462,0.363070,-nan,0.157051
172894.670264,0.370917,-nan,0.158207
175147.600861,0.365873,-nan,0.156092
177435.145685,0.365397,-nan,0.158914
179753.632131,0.362843,-nan,0.158162
182099.896141,0.362180,-nan,0.157530
184476.784933,0.365147,-nan,0.157415
186884.698562,0.364670,-nan,0.157391
189322.597744,0.356620,-nan,0.160503
191791.522440,0.367733,-nan,0.160419
194296.580917,0.362530,-nan,0.159224
196834.778393,0.367753,-nan,0.162069
199403.786303,0.345367,-nan,0.157602
202006.750283,0.358140,-nan,0.164322
204643.316245,0.358490,-nan,0.161475
207313.937347,0.351840,-nan,0.160152
210009.727289,0.357780,-nan,0.166863
212761.956352,0.357633,-nan,0.163447
215535.766608,0.355387,-nan,0.165741
218348.700669,0.345580,-nan,0.164230
221202.506579,0.352333,-nan,0.166783
224087.268807,0.353113,-nan,0.164664
227014.756925,0.352667,-nan,0.167724
229973.711929,0.350857,-nan,0.164678
232979.729168,0.355927,-nan,0.170468
236020.031886,0.354180,-nan,0.166393
239101.225980,0.356517,-nan,0.171586
242221.818145,0.349007,-nan,0.166839
245377.582760,0.343960,-nan,0.166867
248576.632726,0.349427,-nan,0.169525
251831.628478,0.346350,-nan,0.168955
255114.159859,0.347607,-nan,0.173909
258448.681368,0.340243,-nan,0.169394
261819.415333,0.347513,-nan,0.172817
265239.601230,0.350387,-nan,0.174842
268701.684696,0.343760,-nan,0.170881
272208.957426,0.346220,-nan,0.173070
275762.009490,0.353993,-nan,0.172886
279359.895810,0.346787,-nan,0.172205
282999.677235,0.349753,-nan,0.174108
286693.716962,0.349740,-nan,0.176627
290440.153715,0.341790,-nan,0.176607
294233.857607,0.334447,-nan,0.175566
298075.700993,0.337687,-nan,0.175007
301960.154595,0.342713,-nan,0.178273
305904.303898,0.339793,-nan,0.176675
309899.945430,0.337830,-nan,0.176624
313945.792514,0.332900,-nan,0.177834
318031.504722,0.330990,-nan,0.175751
322190.091665,0.331827,-nan,0.177892
326393.572814,0.338453,-nan,0.180402
330649.358388,0.340313,-nan,0.182611
334973.351696,0.337210,-nan,0.183167
339340.417744,0.337807,-nan,0.184822
343768.440430,0.329633,-nan,0.183357
348258.468045,0.327810,-nan,0.181887
352808.730589,0.325983,-nan,0.185280
357408.913420,0.324290,-nan,0.185471
362077.622884,0.322463,-nan,0.186452
366806.319153,0.321660,-nan,0.185613
371578.127780,0.320813,-nan,0.185544
376446.262864,0.325673,-nan,0.186415
381350.234168,0.318450,-nan,0.188400
386323.646856,0.322130,-nan,0.189083
391375.413257,0.313483,-nan,0.188694
396475.287815,0.320000,-nan,0.191049
401658.107182,0.321240,-nan,0.192929
406875.966402,0.312237,-nan,0.192980
412214.895013,0.312293,-nan,0.195238
417595.256998,0.314020,-nan,0.195304
