0.000000,0.995000,0.000000,0.000000
1.003009,0.847069,0.001660,0.028489
1.015572,0.845754,0.001670,0.028324
1.028453,0.844812,0.001704,0.028710
1.041340,0.843762,0.001727,0.028860
1.054467,0.842527,0.001777,0.028798
1.067968,0.841085,0.001716,0.028719
1.081300,0.839812,0.001670,0.028637
1.094886,0.838396,0.001694,0.028609
1.108784,0.837069,0.001766,0.028965
1.122699,0.835869,0.001728,0.029085
1.136934,0.834512,0.001755,0.029439
1.151161,0.833588,0.001730,0.029468
1.165611,0.832304,0.001751,0.030026
1.180473,0.830808,0.001776,0.030032
1.195255,0.829519,0.001747,0.030384
1.210407,0.828123,0.001757,0.030306
1.225559,0.826527,0.001701,0.029833
1.241210,0.825331,0.001777,0.029994
1.256703,0.824188,0.001741,0.029992
1.272577,0.823000,0.001779,0.030125
1.288750,0.821562,0.001735,0.030120
1.304868,0.820019,0.001772,0.030482
1.321447,0.818558,0.001767,0.030549
1.338095,0.817515,0.001836,0.030331
1.354864,0.816185,0.001760,0.030564
1.372059,0.814673,0.001748,0.030646
1.389458,0.813331,0.001733,0.030580
1.407000,0.811719,0.001788,0.031064
1.424649,0.810242,0.001777,0.030888
1.442661,0.808762,0.001765,0.030733
1.460921,0.807412,0.001787,0.030375
1.479262,0.805977,0.001780,0.030308
1.497924,0.804681,0.001760,0.030503
1.516721,0.803069,0.001769,0.030553
1.535920,0.801427,0.001793,0.030736
1.555372,0.800585,0.001817,0.030829
1.575164,0.799777,0.001800,0.030902
1.594889,0.798338,0.001733,0.031088
1.614925,0.796846,0.001728,0.031277
1.635205,0.795446,0.001834,0.031387
1.656143,0.794104,0.001905,0.031450
1.677010,0.793250,0.001803,0.030895
1.698047,0.791273,0.001878,0.031165
1.719595,0.790215,0.001831,0.031075
1.741318,0.789015,0.001867,0.031401
1.763234,0.787927,0.001856,0.031658
1.785401,0.786165,0.001825,0.031848
1.808070,0.784469,0.001869,0.032157
1.830686,0.782977,0.001861,0.031792
1.853859,0.781862,0.001819,0.031957
1.877393,0.779827,0.001857,0.032069
1.901009,0.778354,0.001885,0.032357
1.925043,0.777169,0.001813,0.032803
1.949486,0.775858,0.001819,0.032584
1.974063,0.774446,0.001890,0.032720
1.998845,0.773450,0.001945,0.033333
2.024091,0.772496,0.001892,0.032998
2.049639,0.771000,0.001956,0.032600
2.075376,0.769827,0.001894,0.032684
2.101571,0.768715,0.001887,0.032797
2.128251,0.767358,0.001888,0.033115
2.155079,0.765596,0.001921,0.033479
2.182192,0.764388,0.001863,0.033926
2.209929,0.763019,0.001928,0.034185
2.237724,0.761612,0.001912,0.034108
2.266006,0.760146,0.001984,0.034189
2.294722,0.759323,0.001932,0.034395
2.323668,0.758085,0.001953,0.034830
2.352920,0.756850,0.001892,0.034907
2.382672,0.755331,0.001868,0.034735
2.412760,0.753654,0.001938,0.034361
2.443098,0.752392,0.001938,0.034657
2.474076,0.751046,0.001903,0.034038
2.505353,0.750085,0.001939,0.034053
2.536889,0.748008,0.001967,0.034377
2.569001,0.746277,0.001999,0.034559
2.601568,0.744850,0.001934,0.033678
2.634196,0.743735,0.001841,0.034574
2.667567,0.742115,0.001954,0.035437
2.701063,0.740462,0.001967,0.035054
2.735260,0.739377,0.001998,0.034929
2.769854,0.737965,0.002005,0.034597
2.804876,0.736846,0.001990,0.035158
2.840327,0.735188,0.001953,0.035097
2.876105,0.734408,0.001953,0.035738
2.912523,0.733177,0.002011,0.036158
2.949190,0.732650,0.001907,0.036748
2.986591,0.730038,0.002020,0.036854
3.024330,0.728538,0.001924,0.037166
3.062360,0.727173,0.001949,0.037142
3.100956,0.726115,0.002050,0.036549
3.140152,0.725196,0.001983,0.036640
3.179956,0.723912,0.002044,0.036468
3.220002,0.722773,0.002056,0.036663
3.260682,0.721715,0.002025,0.036478
3.301892,0.720358,0.002037,0.036690
3.343643,0.718854,0.002146,0.037062
3.385663,0.717542,0.001966,0.037085
3.428843,0.715823,0.002041,0.037528
3.472128,0.714612,0.002084,0.037655
3.515746,0.713477,0.002015,0.037419
3.560313,0.712438,0.002040,0.037126
3.605187,0.711227,0.002012,0.036790
3.650815,0.709615,0.002066,0.036660
3.696938,0.707688,0.002017,0.036881
3.743459,0.706623,0.002017,0.036828
3.790962,0.705619,0.002106,0.037333
3.838826,0.703888,0.002003,0.036507
3.887277,0.702488,0.002039,0.036986
3.936416,0.701381,0.002052,0.037198
3.986024,0.699669,0.002071,0.037817
4.036460,0.698673,0.002109,0.037816
4.087313,0.697600,0.002080,0.038199
4.138907,0.695915,0.002081,0.038239
4.191221,0.694377,0.002130,0.039041
4.244210,0.693015,0.002147,0.038097
4.297937,0.691954,0.002063,0.038219
4.352152,0.690342,0.002192,0.038729
4.407134,0.688927,0.002134,0.038898
4.462868,0.687485,0.002148,0.039113
4.519174,0.685785,0.002114,0.039541
4.576259,0.685392,0.002112,0.039181
4.634140,0.684538,0.002133,0.039156
4.692624,0.683850,0.002155,0.040581
4.752038,0.682423,0.002095,0.040995
4.811719,0.681708,0.002155,0.041059
4.872722,0.680635,0.002086,0.040769
4.934360,0.679438,0.002186,0.040714
4.996676,0.678631,0.002179,0.041439
5.059590,0.677469,0.002184,0.041513
5.123734,0.676562,0.002076,0.041569
5.188554,0.674550,0.002111,0.041460
5.254029,0.672996,0.002215,0.041507
5.320642,0.671915,0.002161,0.042426
5.387498,0.670196,0.002256,0.042445
5.455549,0.669127,0.002166,0.042488
5.524657,0.668062,0.002165,0.042354
5.594634,0.666323,0.002159,0.043164
5.665001,0.665431,0.002088,0.043586
5.736691,0.663992,0.002165,0.043417
5.809222,0.662923,0.002220,0.043374
5.882430,0.661738,0.002182,0.043562
5.956873,0.660519,0.002100,0.043329
6.032223,0.658173,0.002182,0.042477
6.108465,0.657365,0.002208,0.042465
6.185515,0.655885,0.002289,0.042861
6.263698,0.654069,0.002215,0.043606
6.342901,0.653508,0.002189,0.043546
6.422983,0.652177,0.002272,0.043021
6.504030,0.650465,0.002255,0.042953
6.586299,0.650108,0.002193,0.042894
6.669762,0.649292,0.002211,0.043124
6.753911,0.647081,0.002241,0.044431
6.839077,0.646208,0.002340,0.044537
6.925502,0.645412,0.002302,0.044498
7.013197,0.644354,0.002361,0.044157
7.101803,0.642104,0.002265,0.044591
7.191581,0.640142,0.002253,0.044306
7.282269,0.638050,0.002261,0.044426
7.374564,0.636504,0.002330,0.045138
7.467460,0.636231,0.002271,0.045528
7.561836,0.634485,0.002313,0.044998
7.657485,0.633635,0.002319,0.045622
7.754046,0.632723,0.002280,0.045648
7.852246,0.631469,0.002324,0.045489
7.951367,0.630958,0.002243,0.045132
8.051986,0.630192,0.002366,0.045122
8.153495,0.629515,0.002361,0.044825
8.256447,0.628423,0.002336,0.044959
8.361155,0.627642,0.002241,0.045352
8.466597,0.625988,0.002348,0.046611
8.573555,0.625419,0.002384,0.047131
8.682091,0.624258,0.002327,0.047711
8.791723,0.623346,0.002303,0.048086
8.902790,0.622108,0.002356,0.049490
9.015373,0.620404,0.002410,0.049592
9.129287,0.620250,0.002278,0.049383
9.244481,0.619377,0.002316,0.048869
9.361384,0.618885,0.002314,0.048694
9.479838,0.617935,0.002426,0.050275
9.599444,0.617423,0.002310,0.049539
9.720708,0.615358,0.002378,0.050166
9.843881,0.613627,0.002354,0.049748
9.968266,0.611823,0.002435,0.049872
10.094296,0.611050,0.002449,0.050574
10.221617,0.609815,0.002446,0.049615
10.350981,0.607577,0.002456,0.050024
10.481727,0.606569,0.002340,0.050055
10.614369,0.604538,0.002386,0.049367
10.748385,0.603796,0.002538,0.050173
10.884082,0.604888,0.002459,0.050283
11.021653,0.605481,0.002374,0.050249
11.160906,0.603596,0.002405,0.050806
11.301850,0.602808,0.002497,0.050968
11.444668,0.601296,0.002490,0.051104
11.589621,0.598935,0.002525,0.050928
11.736098,0.597588,0.002535,0.051052
11.884493,0.595723,0.002414,0.051184
12.034569,0.595250,0.002483,0.050345
12.186552,0.594265,0.002533,0.049966
12.340472,0.594038,0.002539,0.050769
12.496456,0.592954,0.002462,0.050857
12.654214,0.592838,0.002525,0.052156
12.814637,0.591265,0.002488,0.052514
12.976288,0.590346,0.002500,0.053426
13.140090,0.589969,0.002400,0.051956
13.306610,0.588673,0.002543,0.051419
13.474585,0.588415,0.002518,0.051116
13.644598,0.588246,0.002508,0.050823
13.817790,0.587223,0.002540,0.050980
13.991891,0.586123,0.002470,0.051355
14.168780,0.584196,0.002378,0.050655
14.347718,0.583681,0.002582,0.051368
14.529309,0.582188,0.002513,0.050921
14.712665,0.581381,0.002427,0.051906
14.898758,0.578719,0.002569,0.053703
15.087030,0.577158,0.002597,0.052307
15.277753,0.576581,0.002764,0.052865
15.470883,0.576619,0.002584,0.053049
15.666360,0.574838,0.002558,0.053808
15.864527,0.574000,0.002586,0.054707
16.064887,0.572331,0.002647,0.054366
16.268057,0.569419,0.002640,0.053404
16.473751,0.568677,0.002591,0.054070
16.681575,0.568315,0.002554,0.053984
16.892729,0.567469,0.002479,0.054794
17.106149,0.566312,0.002519,0.054279
17.322545,0.566358,0.002642,0.050786
17.541349,0.564362,0.002669,0.051353
17.763084,0.563812,0.002639,0.052242
17.987671,0.563527,0.002617,0.052716
18.214773,0.562473,0.002610,0.053860
18.445241,0.561023,0.002654,0.052811
18.678322,0.557800,0.002579,0.053702
18.914508,0.556142,0.002693,0.053945
19.153437,0.555754,0.002695,0.054010
19.395649,0.554388,0.002668,0.055569
19.640636,0.552327,0.002729,0.053270
19.888985,0.551512,0.002586,0.052156
20.140423,0.550362,0.002620,0.052461
20.395049,0.549881,0.002670,0.054044
20.652684,0.548619,0.002549,0.052727
20.913606,0.548354,0.002645,0.053636
21.177933,0.546600,0.002734,0.053848
21.445630,0.544065,0.002658,0.054553
21.716823,0.543365,0.002741,0.055773
21.991431,0.543900,0.002677,0.055272
22.269432,0.543142,0.002781,0.054486
22.550416,0.542300,0.002818,0.055854
22.835709,0.541150,0.002838,0.055793
23.124287,0.540927,0.002755,0.056150
23.416757,0.540400,0.002749,0.057675
23.712565,0.539515,0.002849,0.056829
24.012308,0.537488,0.002846,0.055853
24.316028,0.536946,0.002762,0.056099
24.623414,0.536708,0.002774,0.056909
24.934535,0.536762,0.002777,0.055221
25.249782,0.534612,0.002904,0.054878
25.568825,0.534477,0.002828,0.054320
25.892375,0.532369,0.002829,0.054395
26.219313,0.533004,0.002845,0.055756
26.550701,0.531227,0.002745,0.055785
26.886276,0.529654,0.002847,0.056013
27.226302,0.529469,0.002798,0.056802
27.570164,0.526723,0.002865,0.058308
27.918726,0.526765,0.002816,0.057928
28.271789,0.527477,0.002831,0.056829
28.629104,0.527062,0.002878,0.057008
28.990632,0.526604,0.002749,0.058111
29.357069,0.526188,0.002860,0.059057
29.728545,0.526031,0.002984,0.059486
30.104445,0.526154,0.002790,0.058478
30.484707,0.523588,0.003025,0.059219
30.870127,0.520608,0.002828,0.060090
31.260294,0.519365,0.002912,0.060466
31.655370,0.518177,0.002973,0.060544
32.055599,0.517785,0.002922,0.061942
32.460840,0.516477,0.002826,0.061433
32.871120,0.514950,0.002979,0.063103
33.286620,0.514362,0.002988,0.062313
33.707339,0.511831,0.002949,0.062493
34.133379,0.510715,0.002917,0.061944
34.564747,0.510273,0.002995,0.060596
35.001735,0.510323,0.002912,0.061336
35.444321,0.507246,0.003020,0.061477
35.892272,0.506727,0.002911,0.061493
36.346065,0.505423,0.002925,0.061957
36.805673,0.503492,0.003137,0.060828
37.270741,0.503073,0.002924,0.062010
37.741861,0.502877,0.003080,0.061905
38.218626,0.502000,0.002948,0.060786
38.701904,0.500788,0.002979,0.060772
39.191384,0.498542,0.003119,0.061465
39.686616,0.498373,0.002977,0.061167
40.188436,0.497669,0.002847,0.060843
40.696093,0.495327,0.002934,0.059716
41.210801,0.494585,0.002981,0.061257
41.731572,0.495827,0.003012,0.060834
42.259190,0.495315,0.003118,0.061304
42.793287,0.496527,0.003140,0.063703
43.334201,0.495542,0.003095,0.062372
43.882042,0.494500,0.003131,0.062698
44.436772,0.493635,0.003305,0.062001
44.998472,0.492638,0.003055,0.062953
45.567307,0.491835,0.003249,0.063170
46.143368,0.492577,0.002992,0.065534
46.726417,0.489196,0.003095,0.065334
47.317060,0.488435,0.003075,0.064327
47.915633,0.488958,0.003064,0.063977
48.521247,0.489319,0.003064,0.063819
49.134592,0.488315,0.003062,0.065511
49.755429,0.486523,0.003157,0.062586
50.384384,0.484338,0.003201,0.061774
51.021229,0.483981,0.003284,0.062313
51.666288,0.481227,0.003116,0.061636
52.319235,0.478962,0.003171,0.061385
52.980500,0.479723,0.003170,0.060423
53.650321,0.480185,0.003071,0.061296
54.328720,0.480177,0.003226,0.062709
55.015431,0.481819,0.003155,0.062092
55.710746,0.480235,0.003201,0.063894
56.415015,0.478865,0.003165,0.065905
57.128070,0.476188,0.003299,0.065804
57.850390,0.476512,0.003301,0.067607
58.581777,0.476162,0.003412,0.066767
59.322112,0.475215,0.003235,0.066093
60.071956,0.473488,0.003177,0.065776
60.831275,0.474085,0.003270,0.066568
61.600401,0.473781,0.003412,0.064918
62.379251,0.472412,0.003024,0.064642
63.167559,0.471212,0.003274,0.067175
63.966068,0.470404,0.003231,0.065847
64.774887,0.471508,0.003286,0.067479
65.593442,0.471927,0.003342,0.066175
66.422829,0.471546,0.003321,0.065963
67.262512,0.470881,0.003208,0.065612
68.112647,0.470346,0.003201,0.063970
68.973676,0.464669,0.003328,0.064060
69.845681,0.463808,0.003373,0.062699
70.728392,0.463231,0.003365,0.065593
71.622921,0.462131,0.003602,0.064494
72.527927,0.461927,0.003250,0.065301
73.444722,0.460823,0.003214,0.066204
74.373610,0.460242,0.003373,0.065791
75.313644,0.460500,0.003442,0.066998
76.265762,0.461388,0.003410,0.067882
77.229595,0.458946,0.003384,0.067962
78.205570,0.456485,0.003325,0.067703
79.194465,0.455315,0.003415,0.069709
80.195510,0.457054,0.003426,0.066143
81.209549,0.455288,0.003572,0.065875
82.236105,0.456377,0.003357,0.067625
83.275639,0.456781,0.003523,0.068149
84.328210,0.455654,0.003388,0.066899
85.394380,0.455565,0.003294,0.068560
86.473697,0.453731,0.003412,0.069851
87.567027,0.454362,0.003506,0.071303
88.674172,0.451831,0.003414,0.069520
89.794912,0.453669,0.003391,0.071184
90.930059,0.452323,0.003471,0.072259
92.079366,0.451904,0.003466,0.073015
93.243452,0.451515,0.003457,0.072124
94.422288,0.450504,0.003579,0.072869
95.615894,0.448662,0.003374,0.073286
96.824496,0.449954,0.003435,0.072671
98.048416,0.449477,0.003448,0.073657
99.287965,0.449112,0.003539,0.073539
100.543208,0.448165,0.003563,0.071124
101.814010,0.447442,0.003630,0.072545
103.101125,0.448550,0.003599,0.073235
104.404197,0.445792,0.003449,0.071635
105.724449,0.443519,0.003757,0.071914
107.060586,0.442281,0.003466,0.070504
108.414290,0.442396,0.003428,0.070358
109.784704,0.440388,0.003516,0.069897
111.172194,0.439019,0.003498,0.071214
112.578075,0.440619,0.003648,0.069056
114.000781,0.437408,0.003637,0.070633
115.442070,0.435158,0.003583,0.071872
116.901484,0.435885,0.003633,0.070567
118.379556,0.437569,0.003576,0.073557
119.875560,0.437315,0.003494,0.071846
121.391314,0.436308,0.003665,0.071903
122.925708,0.435862,0.003495,0.073901
124.479741,0.434815,0.003829,0.072034
126.053172,0.435369,0.003587,0.074572
127.646649,0.430923,0.003634,0.076269
129.260323,0.430869,0.003907,0.077060
130.894591,0.431958,0.003693,0.077429
132.549151,0.430546,0.003725,0.075385
134.225297,0.429800,0.003981,0.076474
135.921900,0.427235,0.003796,0.077110
137.640013,0.427304,0.003839,0.076994
139.380078,0.426058,0.003794,0.077561
141.141703,0.423681,0.003993,0.078631
142.926334,0.424946,0.003983,0.078266
144.732914,0.426158,0.003782,0.079870
146.562843,0.425012,0.004045,0.078435
148.415814,0.424546,0.003922,0.079067
150.291493,0.421777,0.003805,0.077658
152.191362,0.423008,0.003707,0.077360
154.115531,0.423765,0.003807,0.079379
156.063602,0.422592,0.003998,0.077409
158.036885,0.421027,0.004151,0.079044
160.034352,0.419738,0.003867,0.080111
162.057470,0.419554,0.003921,0.079250
164.106371,0.416250,0.003853,0.079851
166.180644,0.414054,0.003856,0.078911
168.281143,0.414165,0.003811,0.081380
170.408739,0.413631,0.004007,0.084009
172.563223,0.412281,0.004073,0.085006
174.744437,0.415608,0.003895,0.083011
176.953494,0.416335,0.004157,0.082452
179.190174,0.417823,0.004249,0.082784
181.455737,0.416335,0.004014,0.082068
183.749664,0.417950,0.003789,0.079110
186.072769,0.415473,0.004065,0.080882
188.424675,0.414877,0.004030,0.080144
190.806896,0.412877,0.004098,0.081553
193.218938,0.409177,0.003833,0.079763
195.661690,0.409415,0.004021,0.080871
198.135070,0.408027,0.004067,0.082794
200.639821,0.406531,0.004209,0.083678
203.176121,0.406638,0.004072,0.084731
205.745069,0.409458,0.004231,0.083907
208.345694,0.412504,0.004017,0.081880
210.979685,0.412608,0.004334,0.083901
213.646345,0.410500,0.003805,0.080296
216.347502,0.409785,0.004167,0.082964
219.082445,0.407062,0.003938,0.082666
221.851943,0.406588,0.004645,0.085434
224.656609,0.405804,0.004347,0.085371
227.496408,0.406362,0.004287,0.084899
230.372636,0.405588,0.004230,0.081057
233.285118,0.403696,0.004623,0.086418
236.234189,0.403062,0.004603,0.085652
239.220346,0.398692,0.004492,0.083236
242.244457,0.399815,0.004251,0.085994
245.307231,0.397877,0.004304,0.084980
248.407945,0.401438,0.004708,0.087674
251.547832,0.399662,0.004443,0.086866
254.728473,0.402438,0.004543,0.083315
257.948470,0.401177,0.004609,0.085583
261.209287,0.402304,0.004221,0.085863
264.511706,0.401865,0.004359,0.085207
267.855678,0.400331,0.004285,0.084570
271.242254,0.397658,0.004983,0.083339
274.670429,0.398265,0.004377,0.086158
278.143057,0.395131,0.004639,0.085250
281.659261,0.397935,0.004855,0.086646
285.219854,0.395819,0.004976,0.084923
288.825610,0.396908,0.005623,0.084193
292.476586,0.395073,0.004754,0.084246
296.173709,0.397058,0.004318,0.085564
299.918391,0.396600,0.005139,0.086575
303.709729,0.396308,0.005176,0.089535
307.549570,0.395923,0.004747,0.089031
311.436786,0.395262,0.005311,0.090243
315.374293,0.393404,0.004600,0.090012
319.360921,0.391888,0.004890,0.092445
323.398508,0.389415,0.004804,0.089043
327.486385,0.387946,0.004405,0.087949
331.626472,0.390654,0.004583,0.088926
335.818930,0.387338,0.004645,0.087981
340.064545,0.391831,0.004822,0.087732
344.363062,0.390842,0.004362,0.088821
348.717065,0.386662,0.004798,0.089807
353.125262,0.383573,0.004955,0.091205
357.589278,0.383869,0.005274,0.092338
362.109985,0.387777,0.005100,0.090645
366.687713,0.388208,0.005632,0.091094
371.323179,0.384338,0.004814,0.092548
376.017678,0.383835,0.005493,0.092063
380.771095,0.388862,0.005143,0.092837
385.584545,0.385358,0.005363,0.094414
390.458648,0.385938,0.005154,0.092635
395.395357,0.385962,0.005385,0.093761
400.393550,0.387812,0.004622,0.094238
405.455580,0.384196,0.005125,0.096561
410.580909,0.386365,0.005068,0.095248
415.771219,0.386246,0.004901,0.093809
421.027319,0.388062,0.004453,0.089820
426.350095,0.387308,0.004830,0.089952
431.740011,0.387977,0.004830,0.090304
437.197680,0.385288,0.005153,0.094565
442.725029,0.379950,0.004923,0.090521
448.321962,0.380915,0.005049,0.087969
453.989532,0.380485,0.004693,0.089423
459.728546,0.381681,0.004873,0.091225
465.540018,0.379350,0.005133,0.092352
471.425740,0.380485,0.004864,0.090759
477.385356,0.380804,0.005080,0.090125
483.420471,0.379477,0.005458,0.088182
489.531143,0.382342,0.004491,0.091352
495.720161,0.384765,0.004798,0.088522
501.987210,0.382835,0.004499,0.089413
508.332749,0.383342,0.004563,0.093137
514.759084,0.381992,0.004761,0.090199
521.266730,0.382304,0.005030,0.090664
527.856402,0.384231,0.005287,0.095029
534.529548,0.386319,0.005164,0.097241
541.286865,0.384931,0.004721,0.093710
548.129538,0.391331,0.004695,0.095535
555.059268,0.382769,0.004655,0.092326
562.076471,0.383254,0.004985,0.094171
569.181847,0.383569,0.004816,0.094460
576.377118,0.385250,0.004836,0.090634
583.663947,0.382727,0.005580,0.090830
591.042336,0.381512,0.005006,0.089629
598.514043,0.384100,0.005615,0.092410
606.080239,0.382665,0.004298,0.088022
613.742805,0.381292,0.005717,0.091851
621.501484,0.379108,0.005601,0.092515
629.358457,0.381604,0.005268,0.091514
637.314712,0.375508,0.005286,0.091061
645.371626,0.376112,0.005207,0.090978
653.530398,0.375408,0.005191,0.091490
661.791751,0.375415,0.004755,0.094298
670.158628,0.373815,0.005571,0.093026
678.630558,0.370573,0.005168,0.094266
687.209816,0.370304,0.005293,0.094706
695.897134,0.373908,0.005331,0.095402
704.694558,0.367581,0.005289,0.091588
713.603629,0.367012,0.005117,0.092512
722.624265,0.367773,0.004557,0.092982
731.760029,0.370162,0.005281,0.091284
741.010595,0.368015,0.005771,0.089726
750.378655,0.367904,0.004862,0.092419
759.864644,0.370427,0.005086,0.091167
769.471056,0.372773,0.005195,0.092507
779.198680,0.368738,0.005667,0.090817
789.048996,0.370608,0.005339,0.090881
799.023707,0.371308,0.005081,0.097362
809.124834,0.375312,0.004935,0.096439
819.353768,0.371408,0.004860,0.089428
829.712102,0.374673,0.004935,0.092883
840.200635,0.373131,0.005006,0.088430
850.823227,0.373712,0.005456,0.093546
861.579126,0.371354,0.005526,0.094485
872.470650,0.371942,0.005304,0.093231
883.500285,0.369346,0.004867,0.090729
894.669618,0.371173,0.005044,0.092521
905.980020,0.372996,0.005312,0.095174
917.433235,0.374054,0.005349,0.092067
929.031268,0.374488,0.004712,0.091627
940.775941,0.376604,0.005386,0.092656
952.669029,0.375888,0.005401,0.094587
964.712857,0.375758,0.005251,0.096023
976.908380,0.373288,0.005068,0.090719
989.258369,0.372523,0.005006,0.090998
1001.764443,0.373146,0.005049,0.093124
1014.430216,0.372019,0.036633,0.096777
1027.253156,0.369323,0.011537,0.091287
1040.239538,0.373646,0.005515,0.092583
1053.389924,0.371800,0.006525,0.095656
1066.707264,0.372173,0.007185,0.094511
1080.191947,0.373715,0.005529,0.094769
1093.848244,0.372327,0.005956,0.100790
1107.676444,0.374158,0.005414,0.097847
1121.679504,0.370869,0.005485,0.097793
1135.859916,0.370527,0.005079,0.099853
1150.219465,0.368446,0.007404,0.100726
1164.760221,0.369365,0.006234,0.099397
1179.485029,0.369454,0.005829,0.097727
1194.395826,0.367419,0.005523,0.098575
1209.495641,0.369877,0.006031,0.097366
1224.785645,0.366046,0.005508,0.100587
1240.268883,0.367912,0.005123,0.099041
1255.948675,0.364292,0.005681,0.098498
1271.826400,0.369446,0.006515,0.102521
1287.905724,0.366673,0.018282,0.099995
1304.187760,0.366169,0.027966,0.095648
1320.674162,0.365285,0.006507,0.099122
1337.369810,0.366958,0.006957,0.097878
1354.276363,0.366727,0.005815,0.101374
1371.396615,0.372008,0.005056,0.101241
1388.734151,0.373469,0.005524,0.099651
1406.290537,0.371231,0.005360,0.098674
1424.068258,0.373873,0.005167,0.100408
1442.071828,0.375488,0.005885,0.100455
1460.302091,0.371969,0.005982,0.102447
1478.763301,0.368885,0.005645,0.101810
1497.458090,0.370677,0.006885,0.101494
1516.388365,0.369715,0.005886,0.102678
1535.559268,0.368562,0.007429,0.104905
1554.971060,0.368915,0.006470,0.102092
1574.629214,0.358177,0.005987,0.104324
1594.535278,0.364512,0.006356,0.104690
1614.690821,0.367965,0.071428,0.108574
1635.106123,0.368498,0.005611,0.103538
1655.777177,0.370863,0.005614,0.102013
1676.709337,0.367608,0.005448,0.100956
1697.905479,0.370809,0.005483,0.098351
1719.370418,0.372246,0.021199,0.104035
1741.106771,0.369445,0.005736,0.101569
1763.117756,0.370690,0.005425,0.100327
1785.407603,0.369757,0.006839,0.101490
1807.978093,0.366623,0.005815,0.098980
1830.834278,0.368308,0.006961,0.097573
1853.947211,0.367764,0.823248,0.096305
1877.417977,0.367591,0.005693,0.094112
1901.151625,0.372073,0.005732,0.095147
1925.185543,0.372768,0.005200,0.089294
1949.524193,0.372668,0.005138,0.091402
1974.170073,0.371224,0.005645,0.093224
1999.127076,0.373208,0.005083,0.092453
2024.399686,0.372869,0.005524,0.093008
2049.992626,0.375066,0.005623,0.093840
2075.908400,0.373780,0.009294,0.095966
2102.151992,0.375467,0.005170,0.097809
2128.726996,0.372178,0.005176,0.097244
2155.638066,0.365324,0.004920,0.096110
2182.889670,0.375506,0.005211,0.098488
2210.485850,0.369564,0.005487,0.097501
2238.430553,0.372822,0.005443,0.098176
2266.729047,0.370263,0.006406,0.096529
2295.384799,0.371803,0.006642,0.100177
2324.403791,0.373915,0.021234,0.095407
2353.774824,0.375718,0.273103,0.099616
2383.544126,0.373951,0.009674,0.093485
2413.676760,0.377856,0.005827,0.095900
2444.190549,0.373080,0.006016,0.099078
2475.077309,0.369582,0.462725,0.096757
2506.380643,0.368319,0.010020,0.096920
2538.014762,0.373288,0.902595,0.096816
2570.151548,0.374510,0.005245,0.097057
2602.643206,0.370517,0.006201,0.096787
2635.545634,0.372576,0.005853,0.097652
2668.863852,0.368279,0.004847,0.091586
2702.603431,0.370614,0.007621,0.094106
2736.769921,0.376162,0.005705,0.095597
2771.368147,0.371849,0.005631,0.095512
2806.403506,0.372020,0.005257,0.094952
2841.882020,0.371985,0.005179,0.102426
2877.809087,0.373427,0.005071,0.097339
-nan,-nan,-nan,-nan
2951.031409,0.372141,0.005738,0.098410
2988.337957,0.374048,0.005780,0.093795
3026.084959,0.367743,0.804317,0.095371
3064.372418,0.374681,0.006086,0.095616
-nan,-nan,-nan,-nan
3142.341787,0.370634,0.006659,0.099603
3182.066948,0.369825,0.005803,0.101036
3222.294613,0.369560,0.006073,0.103751
3263.031177,0.373350,0.006946,0.099149
3304.282230,0.368257,0.007187,0.097010
3346.054293,0.368089,0.005240,0.093557
3388.354895,0.369965,0.005259,0.099723
3431.190678,0.368191,0.005458,0.100757
3474.568297,0.367934,0.006676,0.100078
3518.375356,0.367572,2.104999,0.097152
3562.973742,0.367845,0.005093,0.094375
3608.016422,0.366706,0.005693,0.100421
3653.628859,0.377084,0.005565,0.101718
3699.817970,0.380433,0.005302,0.098735
3746.591268,0.375952,0.005836,0.098620
3793.955287,0.374075,0.005904,0.100993
3841.918456,0.373314,0.005614,0.102398
3890.487225,0.373817,0.005436,0.100767
3939.671045,0.369863,0.005197,0.100421
3989.465627,0.368474,0.189694,0.100598
4039.912083,0.365223,0.009201,0.097915
4090.955681,0.367404,0.712873,0.099983
4142.701635,0.372965,0.005952,0.102968
4195.073918,0.372561,0.006204,0.104137
4248.107921,0.370188,0.008234,0.104656
4301.812438,0.366608,0.006068,0.102022
4356.196172,0.364690,0.006474,0.104454
4411.229140,0.367671,0.762029,0.100246
4467.033985,0.363471,0.006172,0.103807
4523.506112,0.356250,0.007423,0.100203
4580.691819,0.357256,0.005578,0.096246
4638.601946,0.360401,0.019751,0.098426
4697.241803,0.356973,0.006380,0.096533
4756.623987,0.366108,0.005596,0.101082
4816.757032,0.368019,0.005699,0.092527
4877.650641,0.371010,0.006232,0.097556
4939.313931,0.372555,0.005835,0.097562
5001.756052,0.366427,0.005477,0.102152
5064.988250,0.371120,0.006273,0.104893
5129.020457,0.361368,0.006891,0.104175
5193.860968,0.367288,0.007095,0.097863
5259.521129,0.371659,0.006385,0.104335
5326.012095,0.364969,0.005897,0.099566
5393.343821,0.365586,0.006734,0.099032
5461.526089,0.363636,0.006233,0.097282
5530.570609,0.360507,0.005752,0.098371
5600.488172,0.358318,0.006696,0.094690
5671.288648,0.364697,0.005339,0.097349
5742.985012,0.357716,0.005761,0.099656
5815.588335,0.358381,0.006386,0.102085
5889.108656,0.363298,0.006110,0.100997
5963.558089,0.374972,0.006008,0.098322
6038.949706,0.363129,0.007010,0.096216
6115.239009,0.369057,1.186347,0.100602
6192.603027,0.368867,0.005630,0.098988
6270.874988,0.370418,0.510387,0.102669
6350.165869,0.368922,0.005371,0.095273
6430.444656,0.370146,0.004936,0.101220
6511.738174,0.374530,0.005489,0.097480
6594.059676,0.373902,0.006028,0.095025
6677.421306,0.369913,0.005785,0.094972
6761.837525,0.366710,0.005983,0.092790
6847.320561,0.373373,0.005629,0.095912
6933.883933,0.378705,0.005841,0.094672
7021.398758,0.370754,2.843329,0.098944
7110.308195,0.373562,0.007042,0.097764
7200.196558,0.368062,0.006600,0.103182
7291.222237,0.370234,0.018087,0.101032
7383.318218,0.364619,1.384651,0.099587
7476.582173,0.369263,2.741326,0.101183
7571.195682,0.368533,1.280071,0.101100
7666.973746,0.370060,0.006067,0.097295
7763.717621,0.362620,3.208388,0.102391
7862.051152,0.368722,0.006516,0.102198
7961.442176,0.376350,0.005414,0.100331
8062.090785,0.369859,0.005705,0.100837
8164.011525,0.369393,0.006013,0.097624
8267.220813,0.365257,0.005516,0.100764
8371.736656,0.363629,0.028514,0.105794
8477.570372,0.361371,0.005389,0.105957
8584.743918,0.359590,0.006662,0.104597
8693.271687,0.370293,0.007128,0.103878
8803.171958,0.363702,0.006585,0.102766
8914.129835,0.361676,5.851739,0.107322
9027.158512,0.362169,0.006980,0.108713
9141.279477,0.362524,0.007041,0.102876
9256.843172,0.358875,0.006384,0.105119
9373.867725,0.359524,0.006041,0.107111
9492.372138,0.368798,0.008598,0.100000
9612.373662,0.365855,0.005795,0.100234
9733.893579,0.370339,0.007414,0.100914
9856.949171,0.365770,0.004954,0.096284
9981.561211,0.368802,0.007248,0.101821
10107.747788,0.368677,0.007713,0.100624
10235.290408,0.365722,4.851667,0.099255
10364.926738,0.365954,0.006553,0.103348
10495.960092,0.368666,0.005859,0.108319
10628.650185,0.367542,0.006567,0.100587
10763.017388,0.364923,0.008008,0.099116
10898.973308,0.364014,3.861837,0.101098
11036.868130,0.371970,0.005107,0.099216
11176.397338,0.365498,0.016941,0.099749
11317.688493,0.361986,0.005853,0.098040
11460.766933,0.363904,0.006659,0.108053
11605.654104,0.355324,0.009559,0.106459
11752.372815,0.360967,0.024595,0.104579
11900.834229,0.366327,3.911848,0.105318
12051.396792,0.368130,0.007345,0.099774
12203.745737,0.371514,0.096338,0.099258
12357.880561,0.370617,2.612337,0.104590
12514.228053,0.362675,1.122684,0.096843
12672.465302,0.366170,0.008517,0.103026
12832.160772,0.361638,8.902627,0.105077
12994.900314,0.354832,0.005519,0.102163
13158.803667,0.356141,6.607341,0.103442
13325.540577,0.359922,0.017037,0.102912
13493.955612,0.359270,1.115258,0.098278
13664.591845,0.365834,0.005707,0.099403
13837.339278,0.368200,0.005524,0.098607
14012.270925,0.365624,0.006164,0.104877
14189.413879,0.365189,0.005293,0.097374
14368.795901,0.365177,0.005570,0.097041
14550.446179,0.371278,0.006334,0.101251
14734.392432,0.359528,0.006084,0.097986
14920.484678,0.361056,3.626857,0.108410
15109.239323,0.363023,1.286757,0.099923
15300.303083,0.367512,0.006169,0.105993
15493.728947,0.365136,0.005597,0.103950
15689.600451,0.367009,0.005647,0.097476
15887.847789,0.365289,3.482562,0.103674
16088.803086,0.360248,0.005484,0.103998
16291.567683,0.358794,10.949227,0.106570
16498.163555,0.361504,0.007271,0.104775
16706.732841,0.363496,0.004997,0.099990
16917.938982,0.366939,0.005173,0.094127
17131.815005,0.374681,0.005167,0.102741
17348.395926,0.375418,0.006673,0.100117
17567.713742,0.374027,0.005399,0.097883
17789.804858,0.372726,0.007234,0.100252
18014.703306,0.372307,0.005594,0.098335
18242.444430,0.366338,0.004889,0.097332
18473.065115,0.366640,0.005293,0.100557
18706.601612,0.369561,0.005935,0.105231
18942.627836,0.369031,9.269865,0.106073
19182.569053,0.360797,0.008718,0.102934
19425.052220,0.359664,0.548573,0.102640
19670.646055,0.358740,0.006905,0.100659
19918.895953,0.368956,8.512926,0.097980
20171.141486,0.373941,0.010959,0.099366
20426.145160,0.365859,0.005829,0.099085
20684.371897,0.360751,0.005415,0.099950
20945.863929,0.357135,0.008415,0.100867
21210.136220,0.360905,10.449453,0.111495
21478.765895,0.354305,0.707215,0.110856
21749.594198,0.354887,11.117655,0.101273
22025.308211,0.359806,0.008229,0.106914
22303.751272,0.357126,0.005955,0.108164
22585.715577,0.364730,0.007576,0.106397
22870.599705,0.369827,12.766873,0.100593
23160.381064,0.370538,0.005276,0.098212
23453.174669,0.366775,0.005694,0.098894
23748.517188,0.361521,14.474103,0.099202
24049.651153,0.361745,4.466115,0.104309
24353.951362,0.357342,0.005940,0.098778
24661.275259,0.373074,10.988159,0.093424
24973.608268,0.358644,0.008329,0.100736
25287.774911,0.360034,20.147602,0.104891
25609.030961,0.364456,0.005950,0.099894
25932.601998,0.366861,6.071114,0.093778
26260.622062,0.369533,0.007185,0.105557
26592.220528,0.364494,9.387770,0.105611
26928.524410,0.362247,6.426599,0.101883
27269.225964,0.359748,0.006862,0.106773
27613.962961,0.365750,0.006686,0.102866
27963.058221,0.365130,0.007477,0.102560
28315.792671,0.363543,12.723505,0.106119
28673.728787,0.364572,15.908845,0.101013
29035.937812,0.371124,18.723996,0.100473
29404.132801,0.368657,0.005578,0.092367
29775.571900,0.368270,4.430802,0.099477
30151.916173,0.364683,6.220127,0.104763
30533.470895,0.365699,0.006974,0.104781
30917.885655,0.364208,21.877771,0.104731
31310.358424,0.362722,0.006079,0.100529
31705.562449,0.367082,9.938491,0.102210
32106.232787,0.360567,10.702374,0.102577
32512.316555,0.357489,13.975512,0.106446
32923.937203,0.365171,0.005610,0.101240
33339.914252,0.362709,8.220207,0.100996
33760.635257,0.362396,19.424466,0.098109
34188.460787,0.371079,0.006176,0.095096
34620.671088,0.365930,0.006533,0.095625
35057.972887,0.358266,12.406121,0.106951
35501.552571,0.368431,0.005736,0.101581
35950.362439,0.360014,0.005437,0.096759
36404.846897,0.371004,0.008666,0.099965
36864.665134,0.365651,7.477443,0.102150
37329.841425,0.368084,15.525723,0.106261
37801.335187,0.362246,24.966084,0.099756
38280.970200,0.363060,0.007076,0.105751
38764.880120,0.366060,1.216241,0.102220
39254.693257,0.367099,9.511971,0.103305
39749.709575,0.359908,21.240565,0.098448
40253.778803,0.360566,0.005567,0.102073
40761.434228,0.360710,21.356895,0.108617
41275.650995,0.353377,29.773145,0.101911
41799.823494,0.359017,0.005839,0.105887
42327.994140,0.360442,4.992621,0.101758
42862.912902,0.362057,14.872121,0.105286
43404.891050,0.366275,11.600897,0.111305
43953.631775,0.368785,10.268598,0.104153
44509.642209,0.368660,0.005393,0.106543
45072.331736,0.367595,0.004026,0.092456
45638.493411,0.361117,42.088134,0.104827
46218.923444,0.363650,7.134814,0.101243
46803.445511,0.362784,0.006587,0.101849
47394.044708,0.363266,17.591615,0.106878
47991.176849,0.362584,34.571012,0.103211
48598.677690,0.373835,26.792740,0.104926
49215.003351,0.369629,12.427092,0.101855
49837.294557,0.368674,7.823190,0.098201
50465.837571,0.364740,28.400926,0.107428
51105.700570,0.364069,0.006329,0.104179
51751.177339,0.362217,8.959099,0.101128
52404.282196,0.364122,23.534362,0.101686
53066.254679,0.368039,24.762396,0.109348
53738.098587,0.352674,29.643943,0.104049
54415.699637,0.360081,43.737097,0.104528
55105.378657,0.363313,21.732032,0.103139
55802.236193,0.369097,18.586284,0.108063
56507.597856,0.367029,28.557486,0.106868
57222.298833,0.358855,15.230074,0.101300
57943.870095,0.363696,32.277342,0.110224
58679.254828,0.363745,0.007143,0.105110
59417.252956,0.356729,44.624254,0.105091
60172.269834,0.347482,0.259396,0.102593
60932.974769,0.360777,0.005567,0.102885
61703.288969,0.363624,0.007994,0.102057
62483.341206,0.358897,0.006059,0.094613
63273.254692,0.370819,0.006099,0.097692
64072.765745,0.363046,7.216310,0.104524
64883.085676,0.373793,1.428376,0.103705
65700.555836,0.366924,39.894262,0.108848
66534.041431,0.365043,0.013602,0.101684
67374.001632,0.370835,20.525366,0.100495
68223.913358,0.361542,45.904723,0.106300
69087.611545,0.364228,39.520115,0.103329
69962.871413,0.367401,0.006478,0.103989
70846.092067,0.369082,26.911959,0.103416
71741.116835,0.358482,32.952427,0.097115
72646.459804,0.371857,45.382098,0.106579
73564.665104,0.362595,51.066776,0.101303
74496.929482,0.360389,26.618611,0.106521
75438.084325,0.368231,32.504590,0.108822
76388.875164,0.369950,57.569340,0.099430
77359.752757,0.368499,0.004580,0.100928
78337.079029,0.362422,13.851665,0.105461
79326.925463,0.354105,24.363465,0.099411
80330.734868,0.367494,4.370309,0.107411
81343.058937,0.365737,50.674281,0.103827
82374.537291,0.362026,6.949870,0.102642
83407.433582,0.370808,92.165625,0.098017
84470.797804,0.362618,0.007042,0.099982
85533.163494,0.372514,55.786274,0.110342
86617.331470,0.364971,49.521401,0.107779
87715.104942,0.367327,0.005259,0.106416
88818.565372,0.359847,62.240479,0.112462
89941.819620,0.358643,73.782608,0.112709
91081.733730,0.357905,38.184780,0.103611
92229.861656,0.360759,74.009956,0.104382
93395.627159,0.355060,65.553630,0.109245
94579.950587,0.363677,39.163993,0.104537
95778.031317,0.376095,0.005349,0.093011
96985.433483,0.376689,42.808152,0.102991
98214.989372,0.363093,0.005859,0.101211
99448.768391,0.374796,82.561073,0.103407
100708.561692,0.367282,64.260248,0.103542
101984.149703,0.362802,42.590461,0.097371
103276.496923,0.370865,0.007689,0.104709
104579.046805,0.375265,61.032830,0.100916
105898.923816,0.372696,74.557397,0.097391
107229.851924,0.356578,109.863781,0.108255
108592.757464,0.354322,69.632268,0.119151
109968.755728,0.366445,47.919018,0.104402
111361.194985,0.361980,16.662655,0.108446
112769.854445,0.375487,0.005167,0.103120
114185.198110,0.368704,101.402862,0.108240
115637.938817,0.359255,33.141429,0.097664
117095.689223,0.348875,65.016314,0.104462
118578.898590,0.355000,47.847084,0.112690
120068.832361,0.362038,113.778020,0.108779
121596.691193,0.369080,25.810441,0.094254
123131.319679,0.366153,61.099456,0.101221
124688.370434,0.371382,59.541084,0.104535
126263.477944,0.359714,84.288486,0.103650
127857.608636,0.377384,100.957711,0.102535
129480.885225,0.366939,20.682019,0.092052
131116.471440,0.360784,39.407672,0.103969
132776.168745,0.368095,-nan,0.104671
134449.931743,0.376962,73.343531,0.097945
136152.749834,0.368940,46.310720,0.101136
137874.003713,0.362329,46.556052,0.095436
139611.607293,0.372019,80.610570,0.107060
141381.090624,0.372554,29.948809,0.103183
143163.800496,0.359100,75.328919,0.112637
144964.358724,0.365279,128.201648,0.107294
146803.975213,0.362381,115.209085,0.109677
148647.367172,0.355159,180.292286,0.113605
150547.213186,0.370954,41.980534,0.108759
152429.524620,0.363565,180.958213,0.107710
154379.139381,0.363556,13.933747,0.103187
156320.941933,0.364519,135.886567,0.106184
158303.942234,0.363738,56.760154,0.103357
160286.017314,0.367867,195.376683,0.109151
162308.733641,0.357909,166.392791,0.118323
164388.324049,0.371380,0.008053,0.098406
166463.926278,0.361304,63.377826,0.101287
168535.608952,0.368794,237.712190,0.107833
170702.060986,0.374768,-nan,0.099879
172860.075677,0.361638,0.007564,0.102355
175044.650020,0.374271,17.366591,0.097453
177252.149418,0.351924,61.891079,0.114989
179488.060120,0.352948,153.684545,0.106945
181766.704159,0.369152,20.390988,0.099108
184055.135644,0.345960,102.202711,0.115227
186386.481998,0.352495,76.502793,0.114320
188736.833818,0.359373,154.048413,0.103394
191113.247690,0.357628,177.620394,0.108014
193552.187247,0.356147,0.004784,0.105569
195958.726719,0.346875,265.830010,0.112147
198458.260087,0.374607,172.923068,0.097892
200982.365631,0.363760,75.701194,0.107521
203507.787853,0.354815,192.803722,0.105190
206067.833973,0.346257,216.751948,0.119285
208695.993468,0.360828,145.358326,0.114350
211298.512125,0.357856,306.273282,0.121051
213993.138977,0.351414,173.229763,0.114300
216695.067621,0.351173,252.588132,0.110196
219444.951703,0.368384,199.225258,0.101811
222183.051656,0.364111,353.188455,0.117053
225040.876653,0.360488,44.580231,0.107847
227871.693865,0.358244,157.529496,0.104642
230748.147004,0.363878,233.172313,0.102208
233688.348550,0.362690,0.018113,0.096794
236616.942910,0.350103,218.904036,0.105177
239580.431573,0.367348,331.321269,0.116289
242647.393690,0.355819,165.903135,0.107318
245701.577234,0.344279,300.838475,0.110973
248793.579047,0.358580,362.318380,0.117160
251948.637053,0.364098,299.570638,0.114060
255118.217001,0.355604,279.877148,0.118512
258395.241800,0.366457,0.008735,0.101127
261652.703705,0.360882,72.884943,0.119552
264969.798777,0.365627,-nan,0.091895
268268.412463,0.364578,344.935818,0.118227
271710.269477,0.360672,25.810116,0.109629
275146.613558,0.375084,0.011719,0.104208
278582.163943,0.357163,328.545197,0.107619
