0.000000,0.995000,0.000000,0.000000
1.002958,0.851042,0.001666,0.025989
1.016269,0.849639,0.001731,0.026129
1.030236,0.848744,0.001730,0.026093
1.043854,0.847594,0.001698,0.026133
1.057906,0.846106,0.001715,0.025882
1.072023,0.844667,0.001713,0.026163
1.086558,0.843586,0.001731,0.025922
1.101047,0.842297,0.001689,0.026143
1.116019,0.841019,0.001736,0.026262
1.130803,0.839417,0.001690,0.026344
1.146133,0.838069,0.001762,0.026420
1.161477,0.836383,0.001710,0.026400
1.177023,0.835139,0.001821,0.026630
1.192788,0.833683,0.001678,0.026988
1.209007,0.832431,0.001754,0.027269
1.225200,0.830717,0.001771,0.027493
1.241609,0.829150,0.001711,0.027778
1.258271,0.828036,0.001757,0.027936
1.275160,0.826792,0.001729,0.028127
1.292403,0.825656,0.001745,0.027999
1.309775,0.824558,0.001794,0.028334
1.327250,0.823158,0.001819,0.028473
1.345106,0.822153,0.001784,0.028780
1.363044,0.820728,0.001745,0.029078
1.381448,0.818794,0.001739,0.029271
1.400089,0.817511,0.001709,0.029320
1.418838,0.816128,0.001717,0.029576
1.437826,0.814814,0.001741,0.029738
1.457126,0.813306,0.001833,0.029894
1.476899,0.812208,0.001885,0.030419
1.496762,0.810728,0.001788,0.030676
1.516749,0.809089,0.001813,0.030837
1.537327,0.807700,0.001833,0.031109
1.557882,0.806514,0.001764,0.030932
1.578686,0.805361,0.001778,0.030935
1.600204,0.804133,0.001852,0.030960
1.621502,0.802678,0.001789,0.031445
1.643184,0.801331,0.001776,0.031186
1.665475,0.799878,0.001833,0.031287
1.687895,0.798389,0.001838,0.031341
1.710388,0.796850,0.001813,0.031456
1.733472,0.795528,0.001823,0.031522
1.756899,0.793931,0.001827,0.031748
1.780345,0.792833,0.001892,0.031778
1.804256,0.791267,0.001825,0.031678
1.828574,0.789511,0.001815,0.032217
1.853184,0.788078,0.001850,0.032414
1.878099,0.786300,0.001839,0.032534
1.903312,0.785028,0.001854,0.031987
1.928857,0.783433,0.001834,0.032274
1.954885,0.781914,0.001871,0.032542
1.981091,0.780878,0.001865,0.032984
2.007683,0.779439,0.001872,0.032930
2.034819,0.778044,0.001868,0.033011
2.062089,0.776711,0.001824,0.033331
2.089881,0.775500,0.001870,0.033637
2.117863,0.773942,0.001907,0.034077
2.146481,0.772622,0.001860,0.033886
2.175382,0.771261,0.001946,0.033772
2.204581,0.770044,0.001901,0.033622
2.234066,0.768511,0.001864,0.033578
2.264224,0.767383,0.001864,0.033736
2.294643,0.765872,0.001926,0.033394
2.325455,0.764575,0.001838,0.033615
2.356870,0.762925,0.001942,0.033963
2.388368,0.761039,0.001923,0.034062
2.420591,0.759858,0.001831,0.034000
2.453153,0.758922,0.001938,0.034399
2.486123,0.757614,0.002000,0.033977
2.519610,0.756317,0.001953,0.034522
2.553575,0.755044,0.001865,0.034874
2.587763,0.753842,0.001872,0.034496
2.622527,0.752286,0.001933,0.033634
2.657802,0.751222,0.001928,0.034171
2.693698,0.749989,0.001967,0.034528
2.729811,0.748403,0.001919,0.034783
2.766524,0.746697,0.001977,0.034559
2.803831,0.745425,0.001935,0.035069
2.841532,0.744514,0.001956,0.035245
2.879744,0.743053,0.001975,0.035175
2.918581,0.742014,0.001966,0.035412
2.957561,0.740289,0.001929,0.035388
2.997687,0.739050,0.001952,0.035378
3.037770,0.737244,0.001931,0.035679
3.078640,0.736094,0.001990,0.036008
3.120257,0.734722,0.001992,0.035919
3.161941,0.733325,0.002011,0.035401
3.204647,0.731667,0.002040,0.035329
3.247718,0.730239,0.001984,0.035536
3.291581,0.728717,0.001953,0.035633
3.335574,0.727547,0.002024,0.035943
3.380621,0.726092,0.002012,0.036594
3.425972,0.724514,0.001982,0.036653
3.472182,0.723233,0.002054,0.036580
3.518890,0.721889,0.002000,0.037006
3.566171,0.720086,0.002018,0.036755
3.613986,0.719503,0.002074,0.037101
3.662696,0.718061,0.002031,0.037402
3.711896,0.717094,0.002048,0.037775
3.761972,0.716064,0.002005,0.037491
3.812472,0.714178,0.002002,0.037834
3.863896,0.713028,0.002088,0.037747
3.915960,0.711378,0.002076,0.037776
3.968252,0.709539,0.001998,0.037734
4.021776,0.707869,0.001997,0.038089
4.076043,0.707319,0.002076,0.039025
4.130785,0.706392,0.002080,0.038818
4.186334,0.704242,0.002049,0.039094
4.242716,0.702947,0.002148,0.039087
4.299627,0.701483,0.002113,0.039292
4.357524,0.700442,0.002068,0.038983
4.416394,0.699114,0.002013,0.039266
4.475755,0.697542,0.002150,0.039633
4.535684,0.696489,0.002075,0.039887
4.597021,0.694939,0.002129,0.039888
4.658872,0.693753,0.002122,0.040229
4.721520,0.692633,0.002052,0.039851
4.785041,0.690844,0.002117,0.040808
4.849285,0.689517,0.002154,0.040460
4.914641,0.688250,0.002112,0.040985
4.980767,0.687097,0.002160,0.041225
5.047678,0.685992,0.002137,0.041653
5.115672,0.684864,0.002184,0.041614
5.184436,0.683008,0.002096,0.041448
5.254281,0.682003,0.002111,0.041396
5.325101,0.681131,0.002110,0.041006
5.396724,0.679383,0.002207,0.040508
5.469220,0.677742,0.002055,0.040390
5.542735,0.676025,0.002187,0.040630
5.617249,0.674750,0.002179,0.041089
5.692984,0.673992,0.002166,0.041693
5.769678,0.673236,0.002166,0.041199
5.847259,0.672436,0.002155,0.041647
5.925857,0.671131,0.002128,0.041052
6.005496,0.669831,0.002039,0.040955
6.086434,0.668817,0.002089,0.040485
6.168278,0.668175,0.002170,0.040976
6.251339,0.666147,0.002173,0.040887
6.335616,0.665556,0.002205,0.040738
6.420720,0.664458,0.002174,0.040345
6.507035,0.662914,0.002167,0.040654
6.594793,0.661647,0.002218,0.041392
6.683376,0.660861,0.002132,0.041980
6.773417,0.658633,0.002279,0.041767
6.864493,0.657342,0.002204,0.041911
6.956857,0.655706,0.002218,0.041569
7.050603,0.654481,0.002272,0.041593
7.145261,0.653219,0.002148,0.042025
7.241392,0.652392,0.002212,0.042659
7.338977,0.652358,0.002190,0.042667
7.437863,0.651278,0.002293,0.043561
7.537712,0.649600,0.002288,0.043553
7.639242,0.648511,0.002240,0.043758
7.742255,0.647569,0.002223,0.043540
7.846262,0.646253,0.002224,0.043582
7.951930,0.645483,0.002308,0.044455
8.058865,0.644736,0.002265,0.044402
8.167379,0.642747,0.002265,0.044289
8.277294,0.641519,0.002240,0.043676
8.388706,0.640233,0.002293,0.043635
8.501537,0.639347,0.002277,0.044588
8.615913,0.638414,0.002276,0.044061
8.731889,0.637431,0.002310,0.044156
8.849498,0.636144,0.002254,0.044988
8.968582,0.634533,0.002280,0.044470
9.089382,0.632767,0.002420,0.045050
9.211657,0.631925,0.002310,0.045168
9.335547,0.630139,0.002401,0.045464
9.461172,0.628933,0.002350,0.045486
9.588403,0.627514,0.002343,0.045318
9.717733,0.626372,0.002384,0.045089
9.848416,0.624986,0.002330,0.046253
9.980999,0.623106,0.002329,0.047357
10.115181,0.622211,0.002356,0.048305
10.251479,0.620842,0.002332,0.049268
10.389340,0.619936,0.002328,0.049064
10.529203,0.617986,0.002400,0.049082
10.671043,0.616481,0.002292,0.048681
10.814394,0.614125,0.002421,0.048976
10.960058,0.613308,0.002383,0.049363
11.107511,0.612514,0.002372,0.049406
11.257164,0.610942,0.002364,0.049295
11.408483,0.610206,0.002378,0.050206
11.562293,0.609608,0.002485,0.050399
11.717828,0.608625,0.002438,0.050934
11.875729,0.608617,0.002414,0.051248
12.035294,0.608008,0.002372,0.051623
12.197402,0.606164,0.002442,0.050607
12.361510,0.604794,0.002491,0.050744
12.527807,0.604439,0.002410,0.050290
12.696627,0.602792,0.002491,0.050769
12.867401,0.601583,0.002497,0.050254
13.040488,0.600414,0.002458,0.050124
13.216121,0.598997,0.002472,0.049475
13.393936,0.598181,0.002512,0.049314
13.574365,0.597308,0.002478,0.049615
13.757053,0.596950,0.002508,0.050132
13.942142,0.595036,0.002545,0.050421
14.129914,0.593747,0.002449,0.050379
14.319756,0.592272,0.002513,0.050668
14.512705,0.592033,0.002480,0.051154
14.708141,0.590508,0.002507,0.051555
14.906167,0.588672,0.002488,0.051466
15.106555,0.587614,0.002401,0.052284
15.310065,0.587358,0.002535,0.053612
15.516035,0.585961,0.002515,0.053397
15.724803,0.585214,0.002519,0.053687
15.936649,0.584469,0.002504,0.053673
16.151332,0.583667,0.002552,0.053412
16.368583,0.582208,0.002619,0.054956
16.588904,0.581053,0.002526,0.055443
16.812264,0.581117,0.002547,0.054871
17.038458,0.580581,0.002570,0.054705
17.267887,0.578800,0.002657,0.054951
17.500362,0.576361,0.002607,0.054551
17.735687,0.574386,0.002618,0.054066
17.974469,0.573264,0.002545,0.053493
18.216382,0.572797,0.002546,0.052893
18.461740,0.571686,0.002536,0.052513
18.710340,0.570967,0.002746,0.052855
18.962029,0.570294,0.002640,0.053267
19.217205,0.569881,0.002630,0.053573
19.476056,0.569364,0.002606,0.052833
19.738316,0.568597,0.002512,0.052651
20.003927,0.567333,0.002575,0.052447
20.273103,0.567292,0.002574,0.052621
20.545857,0.565922,0.002614,0.052400
20.822712,0.564008,0.002633,0.051486
21.102840,0.563019,0.002515,0.050697
21.387094,0.562583,0.002670,0.050849
21.674898,0.561911,0.002563,0.051862
21.966503,0.561375,0.002657,0.051878
22.262291,0.561375,0.002680,0.052206
22.562023,0.559511,0.002574,0.052887
22.865750,0.558564,0.002606,0.052651
23.173463,0.557261,0.002560,0.052687
23.485372,0.557392,0.002785,0.053403
23.801478,0.556986,0.002691,0.052939
24.122150,0.556036,0.002597,0.053783
24.446650,0.555861,0.002663,0.054165
24.775678,0.556239,0.002692,0.054453
25.109242,0.555294,0.002648,0.054607
25.447341,0.553725,0.002710,0.054986
25.789858,0.552161,0.002601,0.055769
26.136989,0.549803,0.002757,0.055844
26.488971,0.550186,0.002705,0.054499
26.845403,0.548967,0.002719,0.054491
27.206864,0.547506,0.002604,0.054862
27.572924,0.546475,0.002691,0.055813
27.944244,0.545761,0.002660,0.057649
28.320465,0.543833,0.002838,0.057463
28.701696,0.543744,0.002761,0.056378
29.087834,0.542683,0.002727,0.056798
29.479598,0.540922,0.002767,0.057378
29.876378,0.540361,0.002784,0.058627
30.278554,0.538878,0.002837,0.058795
30.686217,0.537708,0.002755,0.058088
31.099175,0.536831,0.002631,0.058352
31.517774,0.536989,0.002729,0.059735
31.942340,0.536494,0.002749,0.060796
32.372386,0.537886,0.002827,0.059867
32.808041,0.536608,0.002771,0.059707
33.249609,0.535542,0.002766,0.059766
33.697249,0.536003,0.002655,0.059182
34.151036,0.534097,0.002790,0.059918
34.610797,0.532594,0.002880,0.057281
35.076493,0.532556,0.002827,0.057947
35.548812,0.531522,0.002853,0.058963
36.027092,0.531144,0.002829,0.059967
36.512243,0.529653,0.002977,0.060148
37.003684,0.528553,0.002860,0.061711
37.502026,0.527253,0.002860,0.061566
38.007036,0.528167,0.002812,0.062250
38.518493,0.526722,0.002863,0.062729
39.037253,0.524525,0.002791,0.063421
39.562416,0.525336,0.002816,0.062985
40.095080,0.523311,0.002814,0.061826
40.634977,0.521703,0.002865,0.060228
41.181902,0.519764,0.002875,0.062132
41.736406,0.516775,0.002978,0.061069
42.298247,0.515094,0.002894,0.060411
42.867592,0.516658,0.002921,0.060711
43.444690,0.515961,0.002956,0.060116
44.029614,0.516194,0.002879,0.060515
44.622225,0.515236,0.002909,0.059550
45.222970,0.514403,0.002987,0.059495
45.831806,0.514636,0.002997,0.061884
46.448923,0.513972,0.002871,0.062299
47.074086,0.512900,0.002994,0.062283
47.708085,0.512600,0.002998,0.062342
48.350172,0.512317,0.002962,0.063755
49.001233,0.510483,0.002955,0.064156
49.660939,0.509461,0.002972,0.063794
50.329021,0.509806,0.003009,0.064765
51.006788,0.508078,0.003002,0.063639
51.693558,0.507903,0.002963,0.064616
52.389140,0.507669,0.003000,0.064371
53.094699,0.505717,0.003074,0.063108
53.809533,0.504339,0.003179,0.063680
54.533869,0.504383,0.003004,0.064211
55.268140,0.504108,0.003032,0.064355
56.012196,0.504378,0.003011,0.065342
56.766287,0.502597,0.003034,0.064362
57.530512,0.502364,0.003132,0.064042
58.304721,0.502506,0.002943,0.064012
59.089802,0.500081,0.002999,0.064726
59.885191,0.498569,0.003140,0.065461
60.691506,0.497594,0.003027,0.066474
61.508428,0.497936,0.003121,0.067267
62.336572,0.496506,0.003085,0.068992
63.175938,0.498053,0.003038,0.068610
64.026513,0.498433,0.003206,0.067668
64.888380,0.500000,0.003033,0.066804
65.761932,0.499267,0.002937,0.066612
66.647122,0.495864,0.003149,0.066883
67.544362,0.496167,0.003177,0.065600
68.453827,0.494378,0.003149,0.067721
69.375414,0.491333,0.003094,0.067446
70.309223,0.491208,0.003197,0.068235
71.256028,0.491756,0.003161,0.069876
72.215160,0.489053,0.003209,0.068540
73.187179,0.489603,0.003201,0.069119
74.172638,0.491533,0.003143,0.067372
75.171403,0.488703,0.003180,0.067507
76.183364,0.488419,0.003083,0.068218
77.208736,0.488619,0.003101,0.068999
78.248259,0.486081,0.003216,0.068965
79.301639,0.485625,0.003212,0.068362
80.369303,0.486731,0.003262,0.068356
81.451190,0.486725,0.003010,0.068123
82.547600,0.485178,0.003178,0.068614
83.658975,0.484650,0.003218,0.066854
84.785308,0.482286,0.003092,0.067998
85.927100,0.480900,0.003308,0.067587
87.083662,0.480275,0.003196,0.068598
88.255956,0.481128,0.003121,0.069191
89.444224,0.480878,0.003272,0.069357
90.648462,0.478136,0.003080,0.070712
91.868871,0.478314,0.003262,0.070525
93.105655,0.478044,0.003065,0.070633
94.359085,0.478606,0.003265,0.071679
95.629538,0.475464,0.003257,0.070635
96.916901,0.474700,0.003387,0.070895
98.221512,0.473006,0.003315,0.072777
99.543506,0.474394,0.003246,0.072149
100.884067,0.475981,0.003278,0.071999
102.242363,0.472900,0.003361,0.073507
103.618603,0.472169,0.003322,0.073324
105.013698,0.471503,0.003331,0.074625
106.427531,0.469164,0.003309,0.073657
107.860069,0.470047,0.003284,0.073271
109.312684,0.471503,0.003422,0.075738
110.784150,0.472206,0.003485,0.075763
112.275451,0.471011,0.003407,0.076327
113.786843,0.469039,0.003304,0.074088
115.319150,0.468761,0.003210,0.075097
116.871364,0.470203,0.003351,0.074723
118.445098,0.467983,0.003165,0.073204
120.039448,0.466122,0.003424,0.074243
121.656050,0.464139,0.003497,0.072520
123.293529,0.465828,0.003381,0.072514
124.953315,0.466108,0.003450,0.074311
126.635586,0.465325,0.003419,0.075826
128.340693,0.462803,0.003359,0.073841
130.068477,0.464433,0.003582,0.072419
131.819875,0.463228,0.003499,0.070821
133.594146,0.460156,0.003285,0.073366
135.393148,0.459817,0.003343,0.073246
137.215685,0.459208,0.003484,0.075324
139.063128,0.460242,0.003514,0.075075
140.935331,0.456333,0.003503,0.076439
142.832797,0.459100,0.003459,0.078131
144.755737,0.456361,0.003709,0.077776
146.704340,0.458303,0.003385,0.078264
148.679716,0.457350,0.003488,0.080220
150.681102,0.457522,0.003468,0.076811
152.709849,0.457772,0.003322,0.076569
154.765572,0.455994,0.003427,0.078211
156.849304,0.456119,0.003416,0.075177
158.961321,0.453019,0.003403,0.076560
161.101422,0.453964,0.003689,0.077588
163.270418,0.455711,0.003693,0.076152
165.467964,0.452697,0.003520,0.076163
167.695885,0.455317,0.003730,0.078001
169.953530,0.453528,0.003571,0.075170
172.241537,0.453031,0.003842,0.075145
174.560776,0.451169,0.003736,0.076236
176.910980,0.450914,0.003809,0.076328
179.292514,0.451069,0.003631,0.078437
181.706738,0.449039,0.003605,0.074864
184.152717,0.451408,0.003539,0.077398
186.632181,0.447794,0.003717,0.076747
189.144813,0.448075,0.003706,0.076819
191.691126,0.447814,0.003448,0.078332
194.272113,0.445253,0.003755,0.080069
196.887446,0.444706,0.003687,0.077565
199.538275,0.445658,0.003683,0.077568
202.224582,0.446892,0.003585,0.078809
204.947279,0.446933,0.003664,0.078622
207.706367,0.445778,0.003633,0.077311
210.502774,0.446661,0.003593,0.079750
213.336639,0.446817,0.003764,0.079095
216.209066,0.447219,0.003775,0.079077
219.119667,0.446539,0.003702,0.079261
222.070284,0.447736,0.003512,0.080553
225.059608,0.447319,0.003617,0.081490
228.089804,0.445903,0.003665,0.077590
231.160360,0.442422,0.003655,0.079364
234.272462,0.442328,0.003628,0.077102
237.426403,0.443108,0.003606,0.080639
240.623224,0.441172,0.003748,0.079268
243.862651,0.443375,0.003840,0.080564
247.146036,0.440244,0.003597,0.076204
250.473179,0.439461,0.003523,0.077826
253.845562,0.439050,0.003736,0.076530
257.262905,0.438136,0.003770,0.079338
260.726814,0.440172,0.003519,0.076969
264.237107,0.439425,0.003576,0.076864
267.794391,0.439536,0.003822,0.078145
271.399491,0.437681,0.003670,0.076606
275.053724,0.437003,0.003820,0.081170
278.756847,0.433131,0.003858,0.081630
282.509655,0.436011,0.003874,0.082791
286.313295,0.437683,0.003907,0.083075
290.167779,0.435514,0.003638,0.081813
294.074804,0.438122,0.003969,0.083698
298.033531,0.438006,0.003633,0.082132
302.046092,0.440461,0.003799,0.081833
306.112482,0.436644,0.003789,0.081682
310.234139,0.437047,0.003830,0.083495
314.410807,0.435811,0.003643,0.081319
318.643843,0.438478,0.003659,0.083688
322.933500,0.434881,0.003772,0.083716
327.281501,0.434139,0.003461,0.081622
331.687867,0.433672,0.003831,0.081884
336.153456,0.436561,0.003862,0.083456
340.679176,0.435700,0.003924,0.086064
345.265890,0.435253,0.003644,0.086238
349.914269,0.434158,0.003807,0.082302
354.625069,0.438944,0.003773,0.082765
359.399633,0.438944,0.003700,0.080691
364.238118,0.438997,0.003673,0.079815
369.142310,0.438006,0.003901,0.082299
374.111840,0.435314,0.003875,0.080292
379.148782,0.436175,0.003685,0.080276
384.253500,0.435386,0.003749,0.077340
389.426715,0.433656,0.003681,0.075006
394.669595,0.433483,0.003786,0.078432
399.983316,0.433872,0.003716,0.080246
405.368319,0.428839,0.003835,0.079375
410.825932,0.428356,0.003854,0.077755
416.356928,0.430772,0.003858,0.079842
421.962547,0.429181,0.003817,0.081652
427.643570,0.433442,0.003882,0.080540
433.401267,0.433031,0.004025,0.083956
439.236172,0.432736,0.003869,0.083612
445.149896,0.428725,0.003902,0.083105
451.142938,0.430267,0.003819,0.084622
457.216817,0.425017,0.003956,0.083937
463.372859,0.429208,0.003944,0.084025
469.610991,0.430094,0.003844,0.086233
475.933890,0.430594,0.003843,0.087101
482.341083,0.430656,0.003858,0.086051
488.834956,0.430153,0.003907,0.086264
495.416515,0.430731,0.003961,0.084480
502.086364,0.430558,0.004005,0.085760
508.846314,0.427056,0.004033,0.085623
515.696962,0.428633,0.003775,0.083988
522.640001,0.429117,0.003813,0.085335
529.676584,0.430008,0.003946,0.083691
536.807562,0.429150,0.003768,0.083974
544.034754,0.429442,0.003964,0.084181
551.359100,0.430739,0.003882,0.089697
558.782662,0.430622,0.004270,0.089219
566.305623,0.430675,0.003946,0.088508
573.930074,0.429525,0.004011,0.086473
581.657042,0.431889,0.004133,0.086533
589.488071,0.431697,0.004161,0.085369
597.424717,0.432264,0.004197,0.086255
605.468095,0.429567,0.004208,0.084295
613.619599,0.431825,0.004110,0.086557
621.880858,0.428308,0.003822,0.085206
630.253750,0.425658,0.004510,0.085631
638.739255,0.425833,0.006792,0.088450
647.338670,0.425492,0.005084,0.086652
656.053977,0.423592,0.004381,0.087767
664.886878,0.424839,0.005131,0.084560
673.838642,0.424186,0.005981,0.088472
682.910888,0.422881,0.007229,0.084350
692.104767,0.427883,0.005825,0.084198
701.423046,0.425458,0.006522,0.088555
710.866602,0.426131,0.005147,0.090890
720.436849,0.421933,0.004208,0.087273
730.136614,0.425778,0.004063,0.085923
739.966937,0.426842,0.004378,0.090171
749.928820,0.425394,0.004094,0.090877
760.025083,0.427297,0.014780,0.092087
770.258271,0.425592,-nan,0.090156
780.628601,0.426111,-nan,0.091019
791.138654,0.425069,-nan,0.093391
801.789942,0.425856,-nan,0.093210
812.584667,0.425994,-nan,0.094554
823.524975,0.424881,-nan,0.095534
834.612644,0.426250,-nan,0.095990
845.849018,0.420519,-nan,0.090931
857.237226,0.420428,-nan,0.094622
868.778518,0.420753,-nan,0.095638
880.475120,0.422511,-nan,0.091503
892.329442,0.423775,-nan,0.091308
904.343093,0.424789,-nan,0.090059
916.518707,0.425172,-nan,0.092676
928.858067,0.424314,-nan,0.092130
941.363907,0.425386,-nan,0.094139
954.037841,0.426586,-nan,0.091930
966.882158,0.427183,-nan,0.090510
979.899818,0.427861,-nan,0.094245
993.092509,0.427200,-nan,0.090604
1006.462853,0.431453,-nan,0.090728
1020.013449,0.427308,-nan,0.088584
1033.746291,0.427847,-nan,0.086760
1047.664359,0.428111,-nan,0.087808
1061.769180,0.427347,-nan,0.090383
1076.064398,0.428947,-nan,0.089353
1090.551925,0.427900,-nan,0.091926
1105.234709,0.426392,-nan,0.089296
1120.114700,0.423556,-nan,0.087110
1135.195376,0.423908,-nan,0.087972
1150.478801,0.426078,-nan,0.091238
1165.968178,0.426419,-nan,0.087591
1181.666184,0.421644,-nan,0.088617
1197.575586,0.426825,-nan,0.089207
1213.698953,0.428772,-nan,0.085239
1230.039407,0.426611,-nan,0.087352
1246.600233,0.428686,-nan,0.088743
1263.383781,0.423847,-nan,0.087551
1280.393060,0.428044,-nan,0.091516
1297.631827,0.423878,-nan,0.087887
1315.102015,0.423172,-nan,0.088862
1332.808031,0.425683,-nan,0.088920
1350.752211,0.424242,-nan,0.088682
1368.938082,0.430075,-nan,0.091060
1387.368500,0.427633,-nan,0.091750
1406.047458,0.425700,-nan,0.090556
1424.977687,0.425269,-nan,0.088514
1444.162733,0.421928,-nan,0.092749
1463.606049,0.424206,-nan,0.092704
1483.311508,0.430875,-nan,0.091202
1503.281720,0.431444,-nan,0.092977
1523.521122,0.426889,-nan,0.086627
1544.032959,0.430933,-nan,0.091094
1564.820922,0.428481,-nan,0.094570
1585.888830,0.427636,-nan,0.090908
1607.240527,0.424106,-nan,0.088832
1628.879221,0.425419,-nan,0.090664
1650.809834,0.427347,-nan,0.090390
1673.035502,0.422203,-nan,0.087316
1695.560109,0.429161,-nan,0.088028
1718.388624,0.428217,-nan,0.087291
1741.523666,0.428239,-nan,0.089350
1764.970838,0.426681,-nan,0.090718
1788.733613,0.427694,-nan,0.092733
1812.815986,0.427708,-nan,0.093533
1837.222705,0.427150,-nan,0.094054
1861.958035,0.426925,-nan,0.097318
1887.026386,0.428669,-nan,0.091793
1912.432299,0.430153,-nan,0.087929
1938.180160,0.431642,-nan,0.089946
1964.274583,0.433500,-nan,0.092380
1990.720953,0.426019,-nan,0.089197
2017.522649,0.431506,-nan,0.089470
2044.685823,0.428069,-nan,0.090140
2072.214377,0.428583,-nan,0.089152
2100.113330,0.432022,-nan,0.088671
2128.388310,0.427161,-nan,0.089829
2157.043908,0.426653,-nan,0.094841
2186.085013,0.429081,-nan,0.088979
2215.517522,0.429533,-nan,0.086676
2245.345667,0.429203,-nan,0.089393
2275.576035,0.427425,-nan,0.093354
2306.213521,0.424203,-nan,0.091797
2337.263060,0.425272,-nan,0.092392
2368.730426,0.418767,-nan,0.092388
2400.622001,0.423619,-nan,0.091205
2432.942479,0.424378,-nan,0.087417
2465.698372,0.426728,-nan,0.088476
2498.895165,0.427733,-nan,0.090020
2532.538923,0.428358,-nan,0.088228
2566.635866,0.426161,-nan,0.087979
2601.191628,0.426933,-nan,0.088982
2636.212483,0.428064,-nan,0.087867
2671.704840,0.425811,-nan,0.084087
2707.675654,0.431328,-nan,0.091001
2744.130192,0.435750,-nan,0.087722
2781.075534,0.431061,-nan,0.088802
2818.518628,0.430294,-nan,0.088632
2856.465893,0.430631,-nan,0.088961
2894.923555,0.432208,-nan,0.087277
2933.899621,0.428461,-nan,0.088514
2973.400095,0.425786,-nan,0.088172
3013.432359,0.428025,-nan,0.090437
3054.003761,0.425033,-nan,0.093337
3095.121288,0.419892,-nan,0.094038
3136.792276,0.429525,-nan,0.091093
3179.024718,0.427833,-nan,0.089065
3221.825156,0.423375,-nan,0.091309
3265.202156,0.429086,-nan,0.087676
3309.162922,0.429714,-nan,0.089495
3353.716019,0.426858,-nan,0.087655
3398.868549,0.425464,-nan,0.088621
3444.629078,0.425928,-nan,0.089973
3491.005747,0.435108,-nan,0.092098
3538.007216,0.431161,-nan,0.089293
3585.641267,0.428419,-nan,0.089716
3633.916389,0.423483,-nan,0.090024
3682.841559,0.424686,-nan,0.088423
3732.425048,0.427358,-nan,0.087177
3782.676660,0.432850,-nan,0.092146
3833.604748,0.425328,-nan,0.088620
3885.218410,0.426392,-nan,0.090388
3937.526812,0.428233,-nan,0.092047
3990.539453,0.425333,-nan,0.093793
4044.266393,0.426836,-nan,0.093583
4098.716153,0.429008,-nan,0.095047
4153.899239,0.429358,-nan,0.094340
4209.825387,0.424081,-nan,0.093077
4266.504716,0.424906,-nan,0.094529
4323.946251,0.422292,-nan,0.092615
4382.161603,0.423053,-nan,0.090931
4441.160541,0.427497,-nan,0.093981
4500.954179,0.430794,-nan,0.092822
4561.552644,0.426839,-nan,0.086776
4622.967029,0.434581,-nan,0.087826
4685.208447,0.429428,-nan,0.092193
4748.287718,0.432536,-nan,0.087355
4812.216344,0.433289,-nan,0.089895
-nan,0.423186,-nan,0.086809
4942.666693,0.430792,-nan,0.090796
5009.212430,0.427828,-nan,0.088595
5076.653821,0.427394,-nan,0.093272
5145.003664,0.425403,-nan,0.090706
-nan,0.426214,-nan,0.090585
5284.475625,0.425667,-nan,0.089691
5355.622978,0.422900,-nan,0.086479
5427.728611,0.420028,-nan,0.088142
5500.804686,0.423228,-nan,0.094219
5574.864458,0.425750,-nan,0.095206
5649.921696,0.422333,-nan,0.092406
5725.989345,0.423033,-nan,0.091202
5803.081211,0.427386,-nan,0.088432
5881.210883,0.427911,-nan,0.090074
5960.392731,0.428253,-nan,0.088473
6040.640084,0.426078,-nan,0.090343
6121.968496,0.430431,-nan,0.090837
6204.390933,0.428394,-nan,0.091778
6287.924067,0.428756,-nan,0.090312
6372.581315,0.435083,-nan,0.090848
6458.378818,0.424789,-nan,0.084988
6545.331065,0.427797,-nan,0.089915
6633.453762,0.427978,-nan,0.086470
6722.763819,0.423717,-nan,0.089593
6813.275496,0.430169,-nan,0.095366
6905.005842,0.432900,-nan,0.088899
6997.971074,0.431419,-nan,0.087465
7092.188619,0.428939,-nan,0.087514
7187.674130,0.428489,-nan,0.086696
7284.445816,0.427653,-nan,0.092369
7382.519292,0.431097,-nan,0.092068
7481.914078,0.427978,-nan,0.089153
7582.646416,0.434306,-nan,0.088227
7684.735722,0.421564,-nan,0.087738
7788.198957,0.431164,-nan,0.093552
7893.055401,0.424200,-nan,0.091546
7999.323378,0.421314,-nan,0.091058
8107.022422,0.424906,-nan,0.090618
8216.171364,0.425969,-nan,0.087157
8326.789418,0.436528,-nan,0.086125
8438.896975,0.433600,-nan,0.084267
8552.514101,0.430981,-nan,0.089576
8667.661201,0.420014,-nan,0.087027
8784.358108,0.427456,-nan,0.088134
8902.626592,0.420211,-nan,0.092494
9022.486684,0.425206,-nan,0.091008
9143.960969,0.423558,-nan,0.090436
9267.070445,0.428969,-nan,0.092044
9391.837415,0.432600,-nan,0.086121
9518.284778,0.427303,-nan,0.090027
9646.434468,0.425258,-nan,0.092449
9776.309079,0.424425,-nan,0.092554
9907.932130,0.424731,-nan,0.087391
10041.327855,0.425239,-nan,0.089742
10176.518925,0.428314,-nan,0.088056
10313.530906,0.424642,-nan,0.087048
10452.365992,0.427575,-nan,0.089616
10593.112595,0.427978,-nan,0.088613
10735.732514,0.435206,-nan,0.088449
10880.273297,0.425719,-nan,0.089537
11026.760060,0.424711,-nan,0.088025
11175.218632,0.424939,-nan,0.089786
11325.676222,0.422164,-nan,0.091152
11478.159394,0.428694,-nan,0.091841
11632.695539,0.429264,-nan,0.091944
11789.312026,0.432728,-nan,0.089281
11948.037864,0.424800,-nan,0.087989
12108.899968,0.428856,-nan,0.088257
12271.928223,0.426439,-nan,0.087770
12437.151429,0.425442,-nan,0.090423
12604.598809,0.423897,-nan,0.092155
12774.301078,0.430761,-nan,0.091163
12946.287553,0.427867,-nan,0.090228
13120.589987,0.422492,-nan,0.093488
13297.238660,0.429250,-nan,0.089639
13476.266180,0.424681,-nan,0.090630
13657.704140,0.427664,-nan,0.093287
13841.584613,0.427906,-nan,0.089756
14027.940771,0.424969,-nan,0.093791
14216.806241,0.423872,-nan,0.096443
14408.213927,0.426406,-nan,0.093815
14602.076976,0.419678,-nan,0.094326
14798.795876,0.423733,-nan,0.097873
14998.039488,0.420928,-nan,0.095939
15199.965635,0.422431,-nan,0.092145
15404.605075,0.429564,-nan,0.087391
15612.009963,0.423106,-nan,0.091831
15822.202312,0.430267,-nan,0.094558
16035.224662,0.424622,-nan,0.097260
16251.115166,0.417939,-nan,0.094867
16469.911693,0.426458,-nan,0.095608
16691.654136,0.428600,-nan,0.096715
16916.382398,0.426431,-nan,0.090781
17144.136205,0.422792,-nan,0.098926
17374.956589,0.427964,-nan,0.091894
17608.883899,0.430489,-nan,0.094784
17845.961212,0.421722,-nan,0.095238
18086.230244,0.427133,-nan,0.090771
18329.734463,0.426439,-nan,0.092996
18576.516645,0.424917,-nan,0.095262
18826.621968,0.424264,-nan,0.094988
19079.952522,0.425836,-nan,0.095049
19336.978924,0.422097,-nan,0.095890
19597.322127,0.422700,-nan,0.093879
19861.170649,0.423883,-nan,0.094830
20128.571784,0.418144,-nan,0.100842
20399.572553,0.418133,-nan,0.094351
20674.222868,0.418258,-nan,0.099604
20952.315958,0.419336,-nan,0.099903
21234.664797,0.422075,-nan,0.096006
21520.558031,0.422028,-nan,0.096809
21810.299555,0.422747,-nan,0.098610
22103.942778,0.424339,-nan,0.093533
22401.539365,0.426056,-nan,0.095097
22703.142294,0.423900,-nan,0.096698
23008.806326,0.421583,-nan,0.098874
23318.585245,0.419656,-nan,0.099561
23632.535115,0.417478,-nan,0.098323
23950.711671,0.428764,-nan,0.101866
24272.872426,0.419606,-nan,0.097087
24599.973944,0.422506,-nan,0.096964
24931.175986,0.425250,-nan,0.101914
25266.836761,0.419414,-nan,0.094495
25607.016799,0.420919,-nan,0.098796
25951.777484,0.426097,-nan,0.098805
26300.886922,0.423578,-nan,0.097514
26655.285068,0.429142,-nan,0.096825
27014.158598,0.422942,-nan,0.099453
27377.863478,0.416603,-nan,0.098474
27746.465288,0.425594,-nan,0.094648
28120.030104,0.425108,-nan,0.099124
28498.230940,0.425883,-nan,0.100628
28882.315836,0.421558,-nan,0.099994
29271.172691,0.422619,-nan,0.103726
29665.265156,0.416136,-nan,0.100766
30064.663720,0.418358,-nan,0.101208
30469.439214,0.419911,-nan,0.104065
30879.665011,0.416236,-nan,0.103207
31295.413081,0.414822,-nan,0.100849
31716.758943,0.421531,-nan,0.100405
32143.777965,0.416883,-nan,0.103669
32576.545268,0.419156,-nan,0.097369
33015.140039,0.418789,-nan,0.098016
33459.639395,0.421553,-nan,0.098679
33910.088077,0.422511,-nan,0.100410
34366.672151,0.418983,-nan,0.103636
34829.368067,0.424092,-nan,0.098141
35298.293331,0.423586,-nan,0.098451
35773.531843,0.423564,-nan,0.100479
36255.169210,0.420511,-nan,0.103478
36743.290716,0.421128,-nan,0.101824
37237.983797,0.422003,-nan,0.100562
37739.337670,0.422556,-nan,0.103987
38247.441563,0.417031,-nan,0.104017
38762.386237,0.423292,-nan,0.100773
39284.263383,0.422694,-nan,0.096761
39813.167220,0.419831,-nan,0.100019
40349.191862,0.423661,-nan,0.100026
40892.433866,0.418464,-nan,0.106088
41442.989268,0.420119,-nan,0.099967
42000.957161,0.415353,-nan,0.101540
42566.301306,0.426264,-nan,0.101688
43139.530181,0.424864,-nan,0.098999
43720.339650,0.416050,-nan,0.101396
44308.968608,0.418564,-nan,0.102505
44905.522304,0.417525,-nan,0.100780
45510.108266,0.417483,-nan,0.099032
46122.833686,0.420461,-nan,0.104511
46743.808379,0.427706,-nan,0.100702
47373.143949,0.421119,-nan,0.100022
48010.869780,0.423814,-nan,0.104307
48657.348142,0.422731,-nan,0.104876
49312.446703,0.418650,-nan,0.101158
49976.364745,0.416686,-nan,0.098517
50649.221798,0.417861,-nan,0.101195
51331.137906,0.418386,-nan,0.102419
52022.234814,0.423444,-nan,0.105354
52722.636530,0.424939,-nan,0.099076
53432.467345,0.423517,-nan,0.102213
54151.289730,0.426836,-nan,0.102256
54880.929746,0.423114,-nan,0.102344
55619.819239,0.419131,-nan,0.101800
56368.657130,0.420606,-nan,0.105748
57127.576281,0.421550,-nan,0.104459
57896.714108,0.419847,-nan,0.102869
58676.206505,0.418944,-nan,0.102489
59465.742567,0.413547,-nan,0.104736
60266.499269,0.417856,-nan,0.104718
61078.219673,0.419147,-nan,0.110054
61900.283317,0.415283,-nan,0.109295
62733.944965,0.417897,-nan,0.104917
63578.563563,0.419264,-nan,0.106897
64434.553880,0.414794,-nan,0.108060
65302.068626,0.418675,-nan,0.105381
66181.263921,0.411036,-nan,0.109846
67071.799361,0.420958,-nan,0.107113
67975.323252,0.416769,-nan,0.105581
68890.510331,0.414936,-nan,0.110608
69815.912090,0.417200,-nan,0.107530
70757.660758,0.416419,-nan,0.110892
71710.214531,0.415853,-nan,0.110278
72675.621275,0.418514,-nan,0.110681
73654.615002,0.416300,-nan,0.105862
74646.264439,0.424636,-nan,0.108884
75651.264896,0.408356,-nan,0.110716
76669.795894,0.414989,-nan,0.109675
77701.646717,0.419256,-nan,0.107620
78747.457713,0.416169,-nan,0.113295
79808.408257,0.409872,-nan,0.110561
80882.909225,0.414794,-nan,0.113825
81971.876567,0.413936,-nan,0.113484
83075.505355,0.415453,-nan,0.109975
84191.502407,0.419378,-nan,0.114077
85327.538959,0.412658,-nan,0.114151
86476.346269,0.419108,-nan,0.112422
87640.621109,0.420525,-nan,0.114004
88820.570934,0.416383,-nan,0.111524
90016.407405,0.414281,-nan,0.110071
91226.471015,0.414286,-nan,0.112699
92456.596794,0.411242,-nan,0.115977
93701.386896,0.411133,-nan,0.117431
94962.935883,0.420217,-nan,0.117486
96241.469536,0.414272,-nan,0.114674
97537.217102,0.411350,-nan,0.116419
98850.409930,0.409136,-nan,0.115208
100181.282653,0.418367,-nan,0.115619
101530.074150,0.412722,-nan,0.114445
102897.024784,0.417600,-nan,0.116360
104282.379115,0.416794,-nan,0.111997
105683.824723,0.412042,-nan,0.117506
107109.294722,0.411322,-nan,0.118478
108551.361080,0.410553,-nan,0.117946
110012.842980,0.411064,-nan,0.116261
111494.001403,0.411425,-nan,0.114006
112995.101299,0.418044,-nan,0.120619
114515.138696,0.415606,-nan,0.121904
116058.203688,0.415492,-nan,0.117159
117620.136773,0.409511,-nan,0.119040
119204.341368,0.412194,-nan,0.123025
120806.035091,0.405350,-nan,0.120814
122435.765415,0.416811,-nan,0.119500
124084.179628,0.410758,-nan,0.123425
125754.788170,0.409189,-nan,0.121688
127447.888500,0.405144,-nan,0.125450
129163.783237,0.406714,-nan,0.116736
130902.780813,0.408411,-nan,0.120385
132660.492125,0.413311,-nan,0.123595
134451.329261,0.410597,-nan,0.124717
136260.192983,0.407828,-nan,0.127266
138096.073221,0.409069,-nan,0.125135
139955.330214,0.409414,-nan,0.123491
141839.619369,0.399886,-nan,0.124419
143749.277661,0.406128,-nan,0.124441
145684.646659,0.412278,-nan,0.123657
147645.477658,0.408597,-nan,0.123123
149633.906251,0.413731,-nan,0.124229
151646.081487,0.409686,-nan,0.126543
153690.223823,0.401525,-nan,0.124718
155759.432494,0.411217,-nan,0.127306
157856.500398,0.410489,-nan,0.128195
159981.136063,0.405094,-nan,0.126833
162135.718134,0.403625,-nan,0.123215
164318.633317,0.405047,-nan,0.127156
166530.937956,0.400178,-nan,0.129881
168773.028223,0.403728,-nan,0.130945
171045.304466,0.410294,-nan,0.125390
173348.173783,0.406936,-nan,0.128434
175682.047583,0.406050,-nan,0.127198
178047.343660,0.406403,-nan,0.128209
180438.324183,0.404547,-nan,0.131536
182873.900372,0.406131,-nan,0.129377
185330.742353,0.404758,-nan,0.131210
187831.296472,0.414372,-nan,0.130386
190360.164088,0.406058,-nan,0.132525
192923.079327,0.403258,-nan,0.129360
195518.348972,0.401758,-nan,0.132615
198152.891301,0.407492,-nan,0.133057
200820.723955,0.401450,-nan,0.134951
203523.847060,0.406947,-nan,0.133043
206264.627326,0.409475,-nan,0.134370
209039.134209,0.398839,-nan,0.133346
211856.106143,0.398414,-nan,0.132478
214708.431344,0.406017,-nan,0.133228
217599.159638,0.398211,-nan,0.136830
220528.807073,0.397458,-nan,0.133535
223497.897513,0.408025,-nan,0.134737
226506.962816,0.399539,-nan,0.136815
229551.414733,0.392914,-nan,0.134308
232643.089761,0.393211,-nan,0.137701
235779.422637,0.396772,-nan,0.138240
238953.839647,0.400575,-nan,0.138813
242169.296008,0.399011,-nan,0.137035
245431.466582,0.397747,-nan,0.139409
248734.724384,0.401972,-nan,0.139041
252084.690550,0.403317,-nan,0.141601
255472.912768,0.397081,-nan,0.140892
258911.201887,0.387672,-nan,0.139607
262404.219355,0.399958,-nan,0.138475
265937.099697,0.398211,-nan,0.140992
269516.456416,0.398356,-nan,0.144481
273146.196273,0.398933,-nan,0.140829
276817.602577,0.391067,-nan,0.142652
280550.719058,0.390231,-nan,0.145838
284325.516098,0.397525,-nan,0.146422
288155.965459,0.390928,-nan,0.144860
292035.124840,0.398092,-nan,0.147350
295967.376941,0.388931,-nan,0.147108
299944.664565,0.386547,-nan,0.145762
303988.348491,0.395778,-nan,0.145309
308083.320340,0.396800,-nan,0.147929
312230.726937,0.387081,-nan,0.147528
316417.280274,0.392142,-nan,0.150952
320695.251534,0.391967,-nan,0.151054
325012.934012,0.386700,-nan,0.149813
329378.679460,0.385097,-nan,0.151402
333813.101617,0.384675,-nan,0.154310
338316.849168,0.379539,-nan,0.152466
342872.852977,0.385169,-nan,0.155192
347486.556361,0.380947,-nan,0.154093
352167.545310,0.381458,-nan,0.153829
356908.954768,0.381144,-nan,0.152876
361708.869335,0.378039,-nan,0.156210
366584.141306,0.380750,-nan,0.155789
371519.648910,0.384486,-nan,0.156005
376512.423608,0.384161,-nan,0.160210
381590.905803,0.382147,-nan,0.157032
386728.457434,0.382406,-nan,0.157225
391927.948029,0.380667,-nan,0.158000
397202.703378,0.386947,-nan,0.162039
402544.724811,0.377772,-nan,0.161844
407966.055518,0.380375,-nan,0.164927
413472.569200,0.377008,-nan,0.163182
419039.358954,0.376061,-nan,0.159353
424681.097844,0.377814,-nan,0.161713
430398.794173,0.374439,-nan,0.161099
436185.806601,0.372733,-nan,0.160716
442054.920424,0.377489,-nan,0.164444
448012.896352,0.375842,-nan,0.165253
454049.815031,0.376181,-nan,0.163554
460148.963157,0.368511,-nan,0.166959
466351.563621,0.372308,-nan,0.167144
472637.141158,0.367056,-nan,0.166211
479000.493561,0.375061,-nan,0.168206
485448.062089,0.364347,-nan,0.169168
491975.177179,0.363219,-nan,0.169764
498609.219098,0.362572,-nan,0.169068
505317.699945,0.363847,-nan,0.168949
512117.844894,0.368278,-nan,0.172318
519004.786499,0.364092,-nan,0.174302
525979.761606,0.358853,-nan,0.175224
533089.867055,0.369906,-nan,0.177440
540259.071782,0.355294,-nan,0.172907
547541.580276,0.357617,-nan,0.170588
554908.650461,0.362992,-nan,0.173810
562370.465849,0.361556,-nan,0.175926
569949.520075,0.361594,-nan,0.175983
577625.223976,0.360431,-nan,0.176218
585406.684349,0.357811,-nan,0.176669
593288.130652,0.359247,-nan,0.174987
601271.307587,0.357133,-nan,0.177008
609358.653347,0.358350,-nan,0.177480
617563.615117,0.357756,-nan,0.179494
625890.340397,0.353156,-nan,0.174496
