0.000000,0.995000,0.000000,0.000000
1.002946,0.848276,0.001722,0.026265
1.016515,0.846837,0.001723,0.026478
1.030228,0.845605,0.001694,0.026594
1.044184,0.844139,0.001730,0.026684
1.058317,0.843047,0.001714,0.027104
1.072737,0.841792,0.001683,0.027321
1.087183,0.840621,0.001739,0.027071
1.101996,0.839139,0.001715,0.027120
1.116912,0.837695,0.001708,0.026972
1.131882,0.836397,0.001760,0.027343
1.147382,0.834755,0.001708,0.027258
1.162769,0.833313,0.001769,0.027479
1.178543,0.831724,0.001706,0.027905
1.194528,0.830453,0.001802,0.027772
1.210640,0.829211,0.001739,0.027651
1.227143,0.828113,0.001727,0.027583
1.243715,0.826729,0.001769,0.027483
1.260508,0.825174,0.001767,0.027553
1.277640,0.823818,0.001751,0.027748
1.294987,0.822447,0.001769,0.027978
1.312560,0.821226,0.001800,0.028019
1.330315,0.819921,0.001774,0.028375
1.348295,0.818332,0.001774,0.028580
1.366502,0.816761,0.001784,0.028721
1.384983,0.815226,0.001810,0.028616
1.403721,0.813237,0.001833,0.028315
1.422869,0.811913,0.001821,0.028810
1.442073,0.810195,0.001819,0.028832
1.461562,0.808847,0.001791,0.029147
1.481332,0.807524,0.001794,0.029109
1.501377,0.805653,0.001848,0.029309
1.521854,0.804318,0.001826,0.029349
1.542447,0.802811,0.001794,0.029660
1.563317,0.801295,0.001804,0.029679
1.584537,0.799634,0.001844,0.030142
1.606015,0.797858,0.001780,0.030005
1.627705,0.796100,0.001838,0.030133
1.649850,0.794647,0.001808,0.030578
1.672132,0.792674,0.001840,0.030655
1.694791,0.791413,0.001824,0.030802
1.717762,0.789374,0.001888,0.031136
1.740937,0.787689,0.001821,0.031294
1.764541,0.785992,0.001824,0.031555
1.788474,0.784595,0.001863,0.031516
1.812726,0.782713,0.001814,0.031443
1.837381,0.781295,0.001830,0.031087
1.862290,0.779945,0.001890,0.031145
1.887459,0.778850,0.001902,0.031733
1.912993,0.777155,0.001946,0.031826
1.938919,0.775637,0.001958,0.032142
1.965271,0.774442,0.001832,0.032934
1.991782,0.773050,0.001792,0.032737
2.018796,0.771697,0.001853,0.032761
2.046109,0.770208,0.001884,0.032872
2.073843,0.768924,0.001913,0.032834
2.102040,0.767561,0.001894,0.033301
2.130441,0.765868,0.001931,0.033469
2.159328,0.764079,0.001916,0.033877
2.188678,0.762761,0.001912,0.033767
2.218428,0.761416,0.001893,0.033801
2.248396,0.760389,0.001866,0.033723
2.278862,0.758755,0.001954,0.033863
2.309728,0.757058,0.001927,0.033669
2.341100,0.755150,0.001923,0.033445
2.372807,0.753789,0.001939,0.033359
2.404886,0.752232,0.001917,0.033670
2.437610,0.750826,0.001946,0.033943
2.470637,0.749426,0.001951,0.034155
2.503979,0.748063,0.001886,0.034192
2.537913,0.746555,0.001919,0.034255
2.572362,0.744868,0.001940,0.034526
2.607361,0.743742,0.001955,0.034898
2.642539,0.742116,0.002006,0.035140
2.678568,0.740445,0.001930,0.035344
2.714718,0.738503,0.002005,0.035669
2.751685,0.737432,0.001927,0.036491
2.788804,0.736437,0.002021,0.036972
2.826585,0.734866,0.001941,0.036895
2.865012,0.733297,0.002001,0.036868
2.903813,0.731826,0.001958,0.036823
2.943263,0.730418,0.001929,0.037194
2.983072,0.728795,0.002033,0.037003
3.023533,0.727782,0.001994,0.036689
3.064525,0.726334,0.001915,0.036492
3.106010,0.724508,0.002045,0.036942
3.148139,0.723179,0.001987,0.036733
3.190831,0.721818,0.002033,0.036771
3.234108,0.720832,0.001991,0.036579
3.278019,0.719650,0.002111,0.036907
3.322357,0.717868,0.002030,0.036687
3.367391,0.716574,0.002017,0.037094
3.413022,0.715082,0.002038,0.037271
3.459252,0.713361,0.002055,0.036868
3.506346,0.712339,0.002066,0.036925
3.553802,0.710453,0.002064,0.037467
3.602041,0.709042,0.002118,0.037572
3.650809,0.707845,0.001998,0.037587
3.700384,0.706066,0.002020,0.037788
3.750546,0.704553,0.002116,0.037578
3.801294,0.703408,0.002130,0.037970
3.853012,0.701813,0.002115,0.038318
3.905137,0.700061,0.002072,0.038381
3.958271,0.699066,0.002027,0.039244
4.011588,0.698113,0.002135,0.038885
4.066197,0.696526,0.002075,0.039250
4.121229,0.695050,0.002145,0.039780
4.177275,0.693574,0.002119,0.039553
4.233791,0.692382,0.002113,0.040157
4.291386,0.690300,0.002087,0.041037
4.349468,0.688918,0.002117,0.040801
4.408529,0.687229,0.002143,0.041070
4.468221,0.685863,0.002142,0.040376
4.528927,0.684292,0.002108,0.040368
4.590199,0.682555,0.002164,0.040571
4.652595,0.681155,0.002165,0.040825
4.715567,0.680129,0.002080,0.041248
4.779638,0.678305,0.002194,0.041409
4.844265,0.676666,0.002152,0.041733
4.910023,0.675337,0.002121,0.042723
4.976743,0.673745,0.002144,0.043453
5.044265,0.672234,0.002208,0.043794
5.112654,0.671668,0.002171,0.044215
5.181826,0.669976,0.002233,0.044502
5.252156,0.669213,0.002120,0.044182
5.323348,0.667774,0.002204,0.044049
5.395609,0.666013,0.002196,0.044048
5.468827,0.665097,0.002260,0.043977
5.542923,0.663371,0.002229,0.043939
5.618115,0.662450,0.002154,0.044298
5.694384,0.661363,0.002223,0.044413
5.771536,0.660550,0.002257,0.044439
5.849750,0.659189,0.002197,0.043733
5.929134,0.658176,0.002191,0.044147
6.009425,0.656595,0.002262,0.043847
6.091037,0.655734,0.002196,0.044038
6.173658,0.654529,0.002240,0.043676
6.257422,0.652884,0.002348,0.043386
6.342253,0.651250,0.002333,0.043976
6.428257,0.649800,0.002332,0.044465
6.515444,0.648995,0.002291,0.043947
6.603865,0.647300,0.002266,0.043263
6.693486,0.646074,0.002222,0.043341
6.784357,0.644432,0.002252,0.043441
6.876166,0.643539,0.002311,0.043778
6.969440,0.641932,0.002303,0.044071
7.064003,0.640987,0.002307,0.044995
7.159719,0.639761,0.002243,0.045078
7.256920,0.639558,0.002284,0.045261
7.355471,0.638795,0.002257,0.045218
7.455229,0.636705,0.002255,0.045549
7.556203,0.636103,0.002327,0.045018
7.658725,0.634563,0.002268,0.044832
7.762568,0.633358,0.002335,0.045002
7.868079,0.631924,0.002237,0.045338
7.974658,0.630008,0.002341,0.044851
8.082880,0.629453,0.002337,0.044972
8.192455,0.628084,0.002302,0.045915
8.303741,0.626447,0.002378,0.046139
8.416150,0.625303,0.002308,0.045828
8.530216,0.623758,0.002329,0.045912
8.646166,0.623305,0.002367,0.045704
8.763547,0.621842,0.002324,0.045728
8.882277,0.620692,0.002347,0.045719
9.002783,0.619611,0.002365,0.046787
9.125062,0.617487,0.002319,0.047108
9.248619,0.615850,0.002361,0.047500
9.374286,0.613950,0.002384,0.048687
9.501312,0.612739,0.002437,0.049483
9.630238,0.611563,0.002463,0.049316
9.760692,0.610176,0.002417,0.049664
9.893315,0.608295,0.002407,0.050526
10.027433,0.606503,0.002429,0.050778
10.163480,0.605126,0.002526,0.049646
10.301376,0.603942,0.002441,0.049571
10.441084,0.602547,0.002464,0.050187
10.582806,0.601745,0.002378,0.049978
10.726346,0.601876,0.002503,0.049165
10.871890,0.601018,0.002453,0.049618
11.019227,0.600229,0.002463,0.048904
11.168708,0.599187,0.002419,0.050127
11.320410,0.597282,0.002512,0.050579
11.473676,0.596261,0.002459,0.050353
11.629363,0.594853,0.002536,0.050881
11.787370,0.592579,0.002494,0.050912
11.947177,0.590855,0.002458,0.050502
12.109420,0.589479,0.002518,0.050853
12.273478,0.589029,0.002475,0.050542
12.440078,0.587853,0.002513,0.050279
12.608941,0.586953,0.002614,0.049856
12.779856,0.585337,0.002522,0.049643
12.953232,0.584268,0.002502,0.049704
13.128948,0.583697,0.002486,0.050067
13.307010,0.582795,0.002525,0.050573
13.487720,0.581945,0.002529,0.051524
13.670445,0.580892,0.002520,0.052332
13.856053,0.579595,0.002589,0.052318
14.044117,0.578221,0.002597,0.052821
14.234585,0.576229,0.002649,0.053549
14.427821,0.574100,0.002600,0.054938
14.623494,0.572916,0.002638,0.054971
14.821984,0.571382,0.002649,0.054612
15.022857,0.569839,0.002696,0.055062
15.226647,0.569187,0.002619,0.054500
15.433248,0.567618,0.002552,0.054687
15.642636,0.566805,0.002593,0.054129
15.854869,0.566932,0.002686,0.054539
16.069953,0.566597,0.002661,0.054719
16.288180,0.564868,0.002559,0.054189
16.508949,0.564213,0.002522,0.054225
16.733245,0.562992,0.002697,0.054511
16.960108,0.561555,0.002590,0.054543
17.190123,0.560087,0.002629,0.054670
17.423228,0.559508,0.002682,0.054319
17.659792,0.558397,0.002706,0.054666
17.899256,0.556626,0.002658,0.055138
18.142116,0.555766,0.002696,0.055533
18.388537,0.554239,0.002775,0.054923
18.638002,0.552895,0.002768,0.055681
18.890844,0.550818,0.002726,0.056194
19.147021,0.550792,0.002754,0.057029
19.406729,0.549616,0.002664,0.056317
19.670173,0.548229,0.002690,0.055979
19.936945,0.546361,0.002671,0.056141
20.207421,0.546811,0.002678,0.057233
20.481603,0.546166,0.002776,0.058336
20.759643,0.545579,0.002739,0.058584
21.041269,0.544468,0.002739,0.058496
21.326749,0.542913,0.002682,0.058402
21.616136,0.541439,0.002710,0.057916
21.909283,0.539895,0.002740,0.057498
22.206576,0.538511,0.002776,0.057415
22.507971,0.537634,0.002657,0.056793
22.813252,0.536034,0.002725,0.056764
23.122872,0.535268,0.002850,0.056913
23.436566,0.534332,0.002820,0.056791
23.754616,0.534105,0.002785,0.056833
24.076784,0.532511,0.002769,0.057329
24.403596,0.532226,0.002759,0.057276
24.734570,0.530721,0.002731,0.057008
25.070144,0.530000,0.002791,0.056208
25.410415,0.529455,0.002821,0.056579
25.755181,0.528471,0.002815,0.057132
26.104736,0.526987,0.002891,0.056926
26.458850,0.525353,0.002878,0.056581
26.817915,0.523734,0.002900,0.057374
27.181673,0.522871,0.002875,0.057450
27.550390,0.520645,0.002985,0.057957
27.924312,0.519042,0.002921,0.058166
28.303211,0.517321,0.002872,0.057323
28.687296,0.516547,0.002913,0.057456
29.076460,0.516063,0.002946,0.058988
29.470945,0.515800,0.002944,0.058585
29.870770,0.514645,0.002912,0.058492
30.275945,0.514321,0.002906,0.058777
30.686894,0.513563,0.002867,0.059312
31.103236,0.511871,0.002915,0.059336
31.525351,0.511245,0.002911,0.059347
31.953268,0.509674,0.003101,0.059532
32.386702,0.508268,0.002884,0.060691
32.825971,0.506784,0.002974,0.060092
33.271557,0.505626,0.003078,0.061284
33.723006,0.503897,0.003020,0.061102
34.180700,0.502755,0.002925,0.062267
34.644054,0.503016,0.002994,0.062197
35.114336,0.502505,0.003104,0.061801
35.590828,0.499666,0.003023,0.060901
36.073842,0.498821,0.003040,0.060695
36.563293,0.498463,0.003048,0.060824
37.059360,0.497808,0.003027,0.060170
37.562092,0.496563,0.003085,0.060588
38.071860,0.495776,0.003007,0.061522
38.588439,0.494255,0.002984,0.061121
39.111918,0.493168,0.003000,0.061559
39.642710,0.493218,0.003113,0.060740
40.180689,0.491247,0.003103,0.060839
40.725872,0.489732,0.003211,0.061573
41.278449,0.489358,0.003069,0.060693
41.838381,0.487842,0.003229,0.062923
42.406272,0.487355,0.003059,0.061755
42.981833,0.486397,0.003196,0.062466
43.564776,0.486397,0.003171,0.061182
44.155878,0.485032,0.003111,0.061894
44.755195,0.483889,0.003161,0.060962
45.362401,0.483071,0.003153,0.060352
45.978004,0.481832,0.003089,0.061904
46.601608,0.480466,0.003135,0.062218
47.234268,0.480905,0.003178,0.063446
47.874894,0.481392,0.003244,0.063408
48.524917,0.479445,0.003233,0.062308
49.183062,0.478424,0.003109,0.063567
49.850618,0.476211,0.003140,0.063793
50.526969,0.476061,0.003265,0.065036
51.212676,0.474250,0.003264,0.064865
51.907356,0.473726,0.003256,0.065195
52.611821,0.472505,0.003323,0.064739
53.325822,0.472968,0.003273,0.065437
54.049333,0.471595,0.003254,0.065339
54.782476,0.471005,0.003227,0.066466
55.525829,0.470529,0.003236,0.066287
56.279239,0.468850,0.003407,0.065662
57.043089,0.467882,0.003387,0.066550
57.817111,0.466563,0.003300,0.066886
58.601636,0.463937,0.003298,0.067054
59.396717,0.463105,0.003345,0.067299
60.202830,0.462671,0.003305,0.067236
61.019744,0.461511,0.003234,0.068804
61.847641,0.458713,0.003317,0.068401
62.686866,0.458739,0.003346,0.068241
63.537488,0.460963,0.003256,0.068518
64.399799,0.459895,0.003311,0.067859
65.273672,0.459337,0.003368,0.068675
66.159161,0.458708,0.003377,0.067986
67.057385,0.456016,0.003406,0.068398
67.966934,0.456611,0.003401,0.068307
68.889162,0.455850,0.003397,0.068356
69.824116,0.456050,0.003461,0.069851
70.771512,0.452076,0.003458,0.067955
71.731784,0.449905,0.003426,0.067787
72.705120,0.450816,0.003412,0.068874
73.691861,0.450826,0.003663,0.069934
74.691755,0.449739,0.003418,0.070053
75.705186,0.447787,0.003482,0.070484
76.732488,0.448647,0.003510,0.069821
77.773764,0.448205,0.003573,0.069405
78.828904,0.446711,0.003523,0.070328
79.898755,0.446545,0.003590,0.071693
80.982744,0.445055,0.003502,0.072924
82.081807,0.446689,0.003562,0.074833
83.195493,0.444345,0.003595,0.073993
84.324499,0.444408,0.003699,0.075086
85.468492,0.442318,0.003505,0.074364
86.628684,0.441487,0.003593,0.071854
87.804241,0.441458,0.003696,0.072943
88.995514,0.440345,0.003524,0.074788
90.203131,0.439863,0.003666,0.074796
91.426903,0.438061,0.003591,0.072772
92.667849,0.436958,0.003707,0.072669
93.924928,0.436405,0.003665,0.073677
95.199553,0.435424,0.003580,0.073874
96.491557,0.433547,0.003784,0.075787
97.800987,0.432292,0.003630,0.075485
99.128054,0.433376,0.003852,0.075047
100.473013,0.431111,0.003724,0.074807
101.836723,0.431403,0.003665,0.073672
103.218421,0.430708,0.003681,0.073524
104.619024,0.429016,0.003716,0.073261
106.038543,0.425905,0.003708,0.074015
107.477684,0.427487,0.003788,0.073878
108.936035,0.425945,0.003850,0.075045
110.414353,0.423479,0.003759,0.074857
111.912370,0.422553,0.003813,0.075207
113.430976,0.423684,0.003989,0.074861
114.970412,0.425350,0.003716,0.076818
116.530613,0.424763,0.003714,0.075672
118.111737,0.422621,0.003842,0.074291
119.714494,0.421471,0.003954,0.076499
121.338996,0.419566,0.003856,0.075531
122.985390,0.418676,0.003736,0.073416
124.654340,0.418158,0.003844,0.073646
126.346142,0.415605,0.003956,0.075208
128.060599,0.415795,0.004039,0.077167
129.798350,0.415542,0.004073,0.079367
131.559424,0.416468,0.004135,0.079791
133.344813,0.416932,0.003975,0.080151
135.154330,0.412595,0.004033,0.079215
136.988050,0.413932,0.003994,0.080269
138.847183,0.412576,0.003953,0.078727
140.731270,0.411434,0.003959,0.077769
142.641080,0.413242,0.003835,0.077644
144.576437,0.411279,0.004114,0.076494
146.538377,0.412039,0.003957,0.076910
148.526970,0.412732,0.003892,0.079211
150.542458,0.411645,0.003839,0.079132
152.585383,0.412721,0.004021,0.080835
154.655824,0.411250,0.004023,0.078005
156.754413,0.412713,0.003996,0.079819
158.881382,0.410355,0.004087,0.081077
161.037405,0.410153,0.003940,0.079537
163.222498,0.409142,0.004027,0.079755
165.437474,0.410116,0.004042,0.080731
167.682756,0.408171,0.004136,0.079165
169.958073,0.408853,0.004050,0.080003
172.264510,0.407195,0.004103,0.078981
174.601760,0.407516,0.004005,0.078200
176.971210,0.405226,0.004189,0.077409
179.372914,0.404224,0.004030,0.078431
181.806738,0.402547,0.004015,0.080634
184.274116,0.404163,0.004051,0.081136
186.774716,0.403726,0.004395,0.081950
189.309169,0.403661,0.004280,0.081961
191.877992,0.401839,0.004283,0.084085
194.481543,0.400539,0.004172,0.080617
197.120788,0.400616,0.004206,0.081771
199.795642,0.399403,0.004431,0.084509
202.506877,0.394995,0.004349,0.084366
205.254898,0.394792,0.004321,0.082670
208.040032,0.396266,0.004284,0.084061
210.863312,0.395113,0.004582,0.084602
213.724673,0.393624,0.004308,0.086183
216.624782,0.391521,0.004267,0.082885
219.564449,0.393058,0.004156,0.082570
222.544015,0.392047,0.004362,0.081083
225.564038,0.391153,0.004516,0.084134
228.624606,0.390845,0.004299,0.087093
231.727319,0.391142,0.004604,0.084711
234.871756,0.389832,0.004790,0.086471
238.059018,0.389455,0.004882,0.087504
241.289490,0.387724,0.004675,0.086152
244.563536,0.387521,0.004641,0.083942
247.882377,0.388024,0.004606,0.086725
251.246333,0.390605,0.004582,0.086431
254.655611,0.389261,0.004661,0.087024
258.111468,0.387892,0.004825,0.086766
261.613913,0.387271,0.004533,0.085770
265.163778,0.388600,0.004166,0.085318
268.762132,0.385797,0.004670,0.084208
272.409038,0.387650,0.004665,0.085156
276.105997,0.384971,0.004831,0.086024
279.852383,0.383826,0.004662,0.086845
283.650020,0.385432,0.004635,0.088106
287.499271,0.382842,0.004772,0.087167
291.400987,0.381355,0.004970,0.088865
295.354849,0.378795,0.005120,0.085566
299.362777,0.378908,0.005044,0.087283
303.425133,0.379029,0.004998,0.087968
307.542930,0.378887,0.005144,0.089434
311.716307,0.377632,0.005254,0.091089
315.946092,0.378547,0.004853,0.088883
320.233680,0.377608,0.004834,0.090457
324.579449,0.374274,0.005060,0.088436
328.983887,0.376158,0.004824,0.088573
333.447822,0.374363,0.004918,0.087927
337.973024,0.374308,0.004926,0.089529
342.559209,0.375184,0.005786,0.093825
347.208125,0.375700,0.008307,0.094617
351.919698,0.374124,0.005646,0.094391
356.695149,0.374350,0.005832,0.093629
361.535508,0.374582,0.008884,0.094779
366.441511,0.374089,0.005703,0.093905
371.414327,0.370947,0.006262,0.091356
376.453811,0.368911,0.005454,0.091000
381.562987,0.370395,0.006030,0.091021
386.740608,0.370729,0.005655,0.088950
391.988611,0.370432,0.005450,0.089767
397.308010,0.369395,0.005637,0.090468
402.699257,0.369645,0.006263,0.089196
408.163936,0.370326,0.005039,0.089595
413.702982,0.369561,0.005702,0.091060
419.316694,0.368566,0.004736,0.091374
425.006930,0.368942,0.007376,0.091401
430.774427,0.368518,0.005456,0.089658
436.619769,0.365561,0.005230,0.089799
442.545008,0.368374,0.005231,0.091141
448.550261,0.369055,0.005946,0.091117
454.637315,0.366658,0.005234,0.089931
460.806851,0.366716,0.005243,0.090392
467.060046,0.370184,0.005512,0.092180
473.398035,0.366145,0.005424,0.090788
479.821921,0.367324,0.005736,0.091058
486.333178,0.365311,0.005243,0.089355
492.932535,0.366779,0.005155,0.087716
499.621809,0.368137,0.005609,0.089204
506.401698,0.368455,0.005050,0.087597
513.273649,0.369655,0.005179,0.088454
520.238825,0.368292,0.005555,0.090527
527.298654,0.366584,0.005370,0.091239
534.454066,0.366334,0.005155,0.092558
541.706565,0.366139,0.005372,0.091645
549.057479,0.368295,0.005188,0.091837
556.508446,0.367692,0.005345,0.092760
564.060576,0.365261,0.005421,0.095769
571.714883,0.361097,0.005618,0.092967
579.472972,0.358161,0.005643,0.094183
587.336641,0.359055,0.005661,0.094358
595.307025,0.358934,0.005930,0.094725
603.385187,0.359224,0.006468,0.095656
611.573656,0.356632,0.005650,0.095293
619.872698,0.356411,0.007459,0.096776
628.284356,0.353758,0.006865,0.092908
636.810160,0.355189,0.006083,0.096497
645.451709,0.358642,0.005653,0.097152
654.210794,0.352042,0.006470,0.096057
663.088569,0.351332,0.005885,0.095888
672.087029,0.352655,0.006435,0.099303
681.206968,0.353439,0.005950,0.095388
690.451166,0.352213,0.006379,0.097017
699.820369,0.353992,0.007440,0.098588
709.317426,0.352074,0.009647,0.101189
718.941850,0.352887,0.026151,0.101232
728.699264,0.354795,0.006801,0.098936
738.587907,0.353388,0.007098,0.098762
748.610419,0.351947,0.007501,0.098199
758.769395,0.353119,0.006972,0.099469
769.065686,0.354273,0.008747,0.101198
779.502133,0.351054,0.006717,0.100574
790.079990,0.348203,0.006466,0.100587
800.801573,0.351062,0.006452,0.102663
811.668214,0.353048,0.006044,0.099818
822.683013,0.352568,0.007065,0.101155
833.846568,0.351378,0.005734,0.098568
845.162303,0.351172,0.006364,0.099601
856.631262,0.348438,0.006504,0.099426
868.255866,0.349094,0.005945,0.098742
880.038479,0.350458,0.006209,0.100473
891.980392,0.350061,0.005854,0.100106
904.085048,0.348975,0.006239,0.098537
916.353324,0.348209,0.006513,0.098115
928.788377,0.349204,0.005615,0.096213
941.392408,0.346225,0.007780,0.098513
954.161625,0.345840,0.234813,0.098437
967.115686,0.348363,0.013021,0.097078
980.239182,0.348698,0.006789,0.098973
993.541219,0.346315,0.006226,0.101002
1007.024500,0.343160,0.006236,0.100849
1020.689904,0.341278,0.007415,0.102162
1034.540741,0.341455,0.007487,0.106254
1048.579486,0.342557,0.007257,0.103490
1062.809096,0.342968,0.006949,0.103854
1077.225796,0.341782,0.250044,0.104691
1091.849992,0.340380,0.007690,0.105469
1106.666476,0.337023,0.006961,0.105546
1121.684433,0.338724,0.007246,0.103882
1136.905633,0.339425,0.010738,0.102583
1152.334359,0.337658,0.012068,0.106871
1167.962423,0.335775,0.202847,0.106463
1183.820474,0.338303,0.006363,0.102935
1199.885851,0.338420,0.010695,0.106775
1216.167931,0.338301,0.007094,0.103406
1232.672293,0.341033,0.014011,0.106039
1249.399796,0.340896,0.013097,0.102717
1266.353989,0.339707,0.008710,0.103857
1283.538745,0.335605,0.011242,0.102366
1300.956519,0.335264,0.009767,0.101474
1318.592363,0.335275,0.567932,0.104450
1336.504516,0.336513,0.009065,0.103657
1354.641067,0.339127,0.008394,0.104940
1373.023913,0.339894,0.008856,0.103340
1391.656211,0.339212,0.010809,0.104798
1410.541373,0.339958,0.008256,0.106225
1429.682573,0.337566,0.009250,0.102749
1449.073775,0.335444,0.441030,0.107320
1468.741012,0.332017,0.324723,0.105264
1488.677786,0.330183,0.084884,0.105787
1508.881459,0.328005,0.010855,0.103925
1529.357362,0.328967,0.009499,0.104198
1550.108008,0.332101,0.074396,0.105576
1571.146061,0.330605,0.008569,0.107365
1592.467006,0.332141,0.009151,0.108693
1614.058427,0.336581,0.479280,0.109188
1635.946196,0.332216,0.863330,0.108672
1658.181061,0.334093,0.007948,0.106820
1680.682883,0.332807,0.008246,0.106900
1703.490238,0.334814,0.011581,0.108424
1726.607293,0.333079,0.009435,0.107224
1750.019410,0.331993,0.473438,0.109434
1773.784672,0.334347,0.029208,0.109658
1797.856364,0.331596,0.008776,0.106989
1822.242884,0.328233,0.473084,0.105957
1846.966891,0.328507,0.466803,0.104765
1872.045887,0.330540,0.007553,0.104381
1897.449545,0.328535,0.007490,0.106541
1923.199203,0.331372,0.008519,0.107839
1949.296938,0.329561,0.007819,0.109176
1975.749759,0.326618,0.007629,0.108104
2002.560790,0.325588,0.007593,0.108973
2029.736530,0.327984,0.010346,0.108746
2057.280378,0.329845,0.010088,0.111043
2085.198058,0.324968,0.009037,0.107291
2113.494736,0.324840,0.008510,0.104750
2142.175843,0.325425,0.011221,0.107265
2171.235358,0.329168,0.299923,0.110291
2200.693499,0.329451,0.492855,0.109383
2230.573138,0.325983,0.008369,0.107242
2260.843114,0.324713,0.009317,0.109836
2291.523267,0.327805,0.011835,0.108288
2322.619944,0.322814,0.009101,0.107270
2354.114942,0.324159,0.525861,0.112397
2386.084622,0.326187,0.011440,0.112406
2418.464764,0.322820,0.016186,0.106977
2451.283122,0.324584,0.009126,0.108622
2484.547977,0.323727,0.008017,0.110036
2518.263651,0.325231,0.009441,0.110146
2552.437401,0.326437,0.010114,0.110082
2587.074099,0.323625,0.007868,0.104992
2622.181970,0.322790,0.011234,0.105898
2657.765141,0.324463,0.008659,0.105309
2693.831675,0.320948,0.010134,0.103038
2730.361496,0.323061,0.703932,0.102342
2767.439356,0.321549,0.008150,0.103621
2804.948409,0.322625,1.143216,0.102394
2843.058795,0.325770,0.010301,0.105909
2881.594444,0.326598,0.982327,0.109831
2920.736972,0.325410,0.238045,0.105359
2960.365724,0.327765,0.622061,0.104916
3000.516755,0.325533,0.622621,0.103242
3041.271064,0.325765,0.009853,0.102182
3082.528945,0.325380,0.549293,0.104421
3124.372786,0.325980,0.010595,0.106169
3166.771721,0.329205,0.010418,0.111494
3209.664667,0.322378,1.319398,0.110400
3253.302217,0.328608,0.008730,0.107473
3297.450001,0.324090,0.013273,0.106986
3342.177707,0.330147,0.828273,0.107540
3387.500112,0.324346,1.281462,0.107319
3433.521758,0.324503,0.008127,0.105458
3480.115647,0.327843,0.008988,0.111663
3527.248090,0.325161,1.912748,0.108767
3575.208702,0.324263,0.007726,0.105544
3623.716197,0.318896,0.274956,0.106858
3672.900339,0.320121,0.007528,0.107299
3722.742250,0.320905,0.007896,0.109770
3773.258160,0.321443,0.122689,0.110618
3824.464605,0.325727,0.008838,0.108702
3876.345455,0.325231,0.809795,0.107604
3928.930571,0.321727,0.638624,0.107353
3982.264122,0.324565,0.868640,0.104329
4036.324992,0.321905,0.007503,0.107666
4090.980852,0.319418,2.054561,0.108093
4146.579822,0.322605,0.895906,0.106442
4202.886831,0.323651,0.008403,0.104957
4259.921157,0.320366,0.009916,0.105670
4317.729563,0.324075,0.010586,0.110021
4376.267196,0.322388,1.366304,0.109196
4435.653338,0.322728,1.639357,0.108198
4495.845074,0.325692,1.432685,0.110605
4556.903414,0.323099,0.453580,0.105125
4618.749298,0.324212,0.144488,0.103748
4681.365425,0.325786,1.937961,0.109742
4744.959042,0.322478,0.012259,0.106837
4809.184444,0.321083,2.943616,0.106774
4874.529101,0.321375,1.781007,0.105106
4940.762976,0.325073,0.012290,0.106161
5007.728058,0.324840,1.996400,0.104529
5075.768043,0.323176,0.009032,0.107319
5144.647193,0.326107,0.008684,0.107828
-nan,-nan,-nan,-nan
5285.082964,0.326039,2.945800,0.108033
5356.944653,0.327319,0.009179,0.108105
5429.502183,0.328324,2.940718,0.111547
5503.208081,0.328914,2.756034,0.103888
-nan,-nan,-nan,-nan
5653.658875,0.328538,0.788847,0.106269
5730.405873,0.328055,0.615935,0.106103
5808.183544,0.335546,0.007501,0.103169
5886.999625,0.332075,0.092895,0.097793
5966.890173,0.334234,0.006927,0.106266
6047.797072,0.328870,2.071834,0.101711
6129.933795,0.329875,0.007054,0.101563
6213.109035,0.330952,0.273476,0.100116
6297.424111,0.331592,0.368847,0.102894
6382.792766,0.334546,2.874630,0.104501
6469.507953,0.333505,0.007518,0.105774
6557.259538,0.332733,1.755062,0.109396
6646.193758,0.331485,2.720420,0.106553
6736.477026,0.327990,0.007987,0.106686
6827.695341,0.329676,3.562929,0.108931
6920.549808,0.323468,0.008641,0.107839
7014.379178,0.324089,2.486706,0.109213
7109.651703,0.325000,0.008967,0.108900
7205.926657,0.324848,3.526863,0.108448
7303.920710,0.329466,0.010350,0.108887
7402.988252,0.326718,1.418516,0.108404
7503.498005,0.327728,0.008494,0.108036
7605.118508,0.328520,4.234285,0.105650
7708.529036,0.326892,0.008333,0.105560
7813.135319,0.324328,0.007742,0.104906
7918.917722,0.327552,4.185138,0.110757
8026.553722,0.323805,2.169009,0.106351
8135.140650,0.320905,5.571036,0.108551
8245.920507,0.325439,0.994120,0.105955
8357.578762,0.323364,5.050871,0.111322
8471.270593,0.321647,0.010377,0.104446
8586.228569,0.322597,0.010857,0.109363
8702.364973,0.320182,5.695360,0.110161
8820.844770,0.325393,0.010459,0.109291
8940.496056,0.321317,2.036290,0.108723
9061.537437,0.318484,6.137698,0.107881
9184.688347,0.324385,2.824547,0.108369
9309.416049,0.325629,2.782900,0.106650
9435.816838,0.319597,0.011654,0.105076
9563.715822,0.327934,3.044509,0.108143
9693.570183,0.326213,3.155269,0.109391
9824.991034,0.323630,4.853286,0.109621
9958.006538,0.316435,6.979634,0.109280
10093.417769,0.319867,3.696039,0.111340
10230.525084,0.321702,3.224358,0.105146
10369.448965,0.324912,0.588049,0.107772
10510.045938,0.324387,2.986052,0.104674
10652.812147,0.328113,0.007915,0.104661
10797.266940,0.330998,3.078898,0.104938
10943.897645,0.327974,0.012081,0.106165
11092.260279,0.328227,3.490308,0.103386
11242.873652,0.321514,2.548646,0.103858
11395.452528,0.327630,1.077678,0.107317
11550.060582,0.323748,2.470261,0.110014
11706.715222,0.325671,4.843568,0.110008
11865.525840,0.325804,4.257678,0.104585
12026.529471,0.328614,5.632232,0.109931
12189.886403,0.326627,1.862993,0.107348
12355.400577,0.324248,0.008040,0.107579
12522.713955,0.327435,5.729915,0.111087
12692.994925,0.326657,0.364915,0.104309
12865.117852,0.323116,3.424799,0.107377
13039.841107,0.320337,0.007932,0.108131
13216.505289,0.325222,5.024418,0.109525
13396.046119,0.324159,3.567240,0.105463
13577.725090,0.322530,3.939786,0.109288
13762.196745,0.322695,0.008388,0.106813
13948.699891,0.319149,5.054562,0.110006
14137.349457,0.317961,10.065638,0.111554
14330.104547,0.327342,0.007055,0.106601
14523.965158,0.327486,9.725852,0.109363
14721.562414,0.331166,2.672293,0.106426
14920.765190,0.332537,9.001873,0.106663
15123.672692,0.329725,5.961867,0.098617
15329.172088,0.329140,0.007892,0.103167
15536.595028,0.330026,9.663360,0.106792
15747.910907,0.327093,4.972762,0.106018
15961.466624,0.322172,3.722680,0.107146
16178.134849,0.325745,5.892063,0.109052
16397.893677,0.317093,0.008358,0.108398
16619.900664,0.319938,9.007317,0.107233
16845.800915,0.321991,4.334796,0.104557
17074.107984,0.324726,8.936734,0.107293
17305.835340,0.325056,8.486170,0.108491
17540.745575,0.326733,6.665429,0.109217
17778.410904,0.324307,13.005515,0.111559
18020.205586,0.316578,5.001534,0.109365
18263.843449,0.319591,13.674578,0.110956
18512.347721,0.320446,10.714441,0.108444
18763.574190,0.314492,8.358036,0.113417
19018.427679,0.326848,7.139914,0.108977
19276.336029,0.320381,7.788421,0.104580
19538.133732,0.321087,6.407850,0.110549
19802.281638,0.326088,12.309135,0.116087
20072.128214,0.321951,2.098562,0.107069
20344.430338,0.327286,4.531597,0.103250
20620.634534,0.325814,2.284816,0.105038
20900.031364,0.326465,11.426180,0.108319
21183.897106,0.322947,6.372320,0.116068
21470.474775,0.318244,15.394113,0.106693
21762.257330,0.324777,11.614188,0.103888
22057.122239,0.323018,16.368715,0.106641
22356.906705,0.325193,12.037889,0.110486
22660.583024,0.325615,9.005199,0.110528
22967.547078,0.321490,12.370481,0.106791
23279.753580,0.324652,10.814852,0.108765
23594.475852,0.323277,20.991179,0.108340
23915.901686,0.317063,11.689277,0.111278
24239.379925,0.318415,18.103585,0.110950
24569.725550,0.324090,4.098042,0.106876
24902.658890,0.323055,12.792060,0.108126
25241.257442,0.325337,1.877597,0.103491
25583.840304,0.332138,0.007525,0.106530
25930.633020,0.322654,7.539683,0.105972
26281.941231,0.317681,14.015290,0.109273
26638.670223,0.318788,15.270081,0.111701
27000.057692,0.320169,16.053776,0.109380
27366.651140,0.326135,9.814119,0.112230
27738.004657,0.327879,14.771090,0.114304
28114.382521,0.329757,14.703291,0.110603
28493.747602,0.331298,29.233968,0.112297
28883.204149,0.328830,6.455165,0.108179
29274.034611,0.320833,23.371375,0.104660
29672.132015,0.322228,10.266138,0.106625
30075.177090,0.320576,6.854317,0.099565
30481.466003,0.323524,24.680250,0.110418
30896.246792,0.325201,17.328467,0.103234
31316.309353,0.316834,8.123565,0.110788
31740.438432,0.323238,18.386528,0.111019
32169.477554,0.316848,23.757122,0.117864
32607.421734,0.322907,20.881962,0.108974
33051.241460,0.325323,2.256661,0.105995
33499.653403,0.331155,7.462388,0.107562
33953.049440,0.321020,21.233570,0.109918
34413.871052,0.323837,20.238701,0.109477
34880.462495,0.326752,22.855849,0.110566
35354.783141,0.334053,14.095825,0.110236
35832.576238,0.317978,25.611133,0.114829
36319.391893,0.324863,29.823502,0.114508
36812.279177,0.320789,25.095533,0.109738
37312.196620,0.318529,25.026487,0.109667
37819.762192,0.323473,18.749558,0.107826
38332.080209,0.323438,22.496691,0.110329
38851.355952,0.322987,27.387877,0.108704
39380.337832,0.326907,15.985119,0.107586
39913.645430,0.322610,20.827295,0.110345
40456.552888,0.323118,15.377409,0.112937
41003.391439,0.338589,36.661470,0.115190
41559.092748,0.326816,34.189229,0.114012
42125.599970,0.316290,15.375895,0.113645
42693.007898,0.318915,45.888794,0.113467
43276.368096,0.324090,18.724238,0.109398
43863.830649,0.329352,21.459847,0.115423
44457.772613,0.329689,32.953777,0.112260
45061.301408,0.324843,31.287559,0.120769
45672.495242,0.320265,32.231815,0.111853
46294.139413,0.321641,20.711487,0.112777
46917.894822,0.317461,47.680145,0.111752
47557.293457,0.328982,38.860107,0.109806
48203.562382,0.320403,28.193370,0.109131
48854.227789,0.318050,49.580055,0.110750
49520.876998,0.323115,30.971842,0.104206
50191.825128,0.329389,31.416617,0.109294
50870.680270,0.324218,49.626022,0.115008
51562.790639,0.333950,43.497864,0.108481
52266.195636,0.317224,0.009741,0.113432
52970.658752,0.317185,48.999596,0.110377
53691.916880,0.322298,35.242200,0.111144
54420.999111,0.323794,32.446063,0.114487
55159.604057,0.323447,32.794703,0.115243
55910.095489,0.324722,0.007340,0.103791
56662.827838,0.320006,54.134813,0.116384
57430.297009,0.322491,64.663587,0.115693
58216.147833,0.325024,18.721733,0.106246
59002.170498,0.320403,54.276966,0.112306
59803.664031,0.327704,48.859322,0.108781
60614.499945,0.320012,48.325869,0.112367
61438.413499,0.317909,42.646507,0.111256
62269.749108,0.318264,60.001861,0.121786
63119.784982,0.313410,23.386307,0.119121
63974.348139,0.315187,44.122443,0.110855
64842.393746,0.320787,38.856674,0.113531
65723.714107,0.320487,38.500107,0.111963
66600.448550,0.309406,102.985836,0.121557
67521.006703,0.324993,17.040634,0.103930
68434.344257,0.333448,51.281665,0.108144
69359.466589,0.317838,64.813777,0.113284
70303.177001,0.318838,50.066044,0.112678
71249.783454,0.321150,80.596563,0.111256
72228.044416,0.329286,34.129356,0.106802
73205.349307,0.322164,45.090811,0.114529
74188.590593,0.321463,95.318340,0.114111
75199.661625,0.322573,77.422555,0.116632
76218.053593,0.316354,78.789565,0.115442
77261.378566,0.315644,45.717889,0.109444
78302.562413,0.321337,92.136663,0.117165
79366.865177,0.309387,83.803955,0.116743
80451.412313,0.323017,16.463890,0.123745
81534.110023,0.317641,85.830343,0.117671
82642.961333,0.323746,81.157951,0.108459
83754.906815,0.324046,128.643618,0.114180
84902.418988,0.322604,70.118342,0.117370
86059.068958,0.329935,56.832225,0.106296
87227.359471,0.320334,49.333217,0.110896
88412.798857,0.319934,18.261115,0.104646
89602.471972,0.331689,99.896827,0.112216
90809.249157,0.312304,127.300378,0.124177
92051.343369,0.320897,101.130583,0.113086
93292.299448,0.321928,121.317553,0.115917
94564.156943,0.319897,94.309899,0.111524
95847.304739,0.317807,119.855590,0.114288
97145.860587,0.318002,135.531818,0.112003
98455.118081,0.313147,152.930188,0.116007
99810.509925,0.338201,59.845920,0.115189
101171.162479,0.325161,13.136908,0.098766
102522.158156,0.310069,147.834421,0.115315
103918.530001,0.320024,113.378169,0.118965
105344.791929,0.314756,40.881564,0.104352
106743.098346,0.308943,176.174901,0.116388
108222.740338,0.314781,33.865077,0.110484
109683.335806,0.316527,100.180739,0.110664
111167.405784,0.318883,117.974593,0.116609
112668.819395,0.335068,159.835359,0.115442
114215.690760,0.330651,76.307127,0.116338
115739.612524,0.311992,179.833484,0.121388
117334.452523,0.296715,67.651676,0.115750
118899.403397,0.311460,202.606080,0.120279
120522.484320,0.308777,164.697473,0.122019
122153.503252,0.303153,177.746615,0.117711
123825.633162,0.317566,119.465431,0.101355
125522.769859,0.328576,0.006905,0.096834
127219.198499,0.317593,63.523423,0.123555
128921.634556,0.321540,155.060421,0.126683
130679.034366,0.303814,129.697312,0.124279
132469.978937,0.324962,62.896848,0.117301
134267.428000,0.328716,105.681148,0.100213
136059.427946,0.325327,229.512424,0.110811
137939.140930,0.311414,60.745431,0.106299
139783.300167,0.328580,221.549703,0.108909
141696.476063,0.321061,141.557565,0.099183
143602.545302,0.318430,225.008675,0.107962
145555.761362,0.308681,160.729000,0.117241
147551.719628,0.333348,96.549640,0.104163
149555.426430,0.324305,64.109954,0.116599
151548.565201,0.312146,284.920712,0.105377
153599.803648,0.291690,230.139190,0.131466
155685.272451,0.314581,282.557416,0.110177
157839.210292,0.303731,106.088543,0.120602
159921.313264,0.306546,338.652468,0.108770
162109.017975,0.312231,291.759149,0.117193
164311.849273,0.321028,263.819457,0.130838
166552.775658,0.306657,252.712233,0.126043
168852.575491,0.311576,0.007308,0.118094
171078.089188,0.318788,301.851733,0.133559
173466.427999,0.309391,0.013811,0.112155
175809.096446,0.322628,99.319487,0.126631
178113.179294,0.306039,374.610054,0.138834
180566.866771,0.280607,291.436786,0.113750
182995.509319,0.346082,411.217644,0.123398
185517.548126,0.322713,238.779011,0.113146
188078.288994,0.301160,0.004784,0.097798
190568.517341,0.313240,346.277518,0.099435
193168.463648,0.334959,254.612810,0.122151
195819.263450,0.300216,216.940813,0.110651
198458.696343,0.315304,212.501079,0.131365
201028.935474,0.332613,624.102238,0.132107
203903.837981,0.322019,88.914518,0.151888
206540.110430,0.292806,538.952801,0.138419
209470.197074,0.270500,109.797705,0.100504
212281.857248,0.327267,350.498446,0.134401
215164.750958,0.327440,249.825849,0.132509
218137.961215,0.366203,0.014352,0.103138
221098.157130,0.315316,0.005524,0.105983
223987.185101,0.305380,406.129293,0.138949
227139.602774,0.333819,0.004784,0.110099
230063.486101,0.326458,653.376467,0.132998
233291.002965,0.261471,321.224729,0.138232
236404.482297,0.338615,425.874122,0.114554
239680.397196,0.271311,210.808300,0.133931
242958.833472,0.341228,123.621396,0.090230
246272.600989,0.308661,0.009959,0.135694
249452.835217,0.336339,488.753163,0.144767
252980.592293,0.269700,104.546683,0.147453
256390.143306,0.296250,309.208279,0.131516
259845.714837,0.346915,329.324691,0.119175
263442.264583,0.329222,0.007812,0.083500
266958.578657,0.289889,389.198208,0.093900
270640.753061,0.396477,0.006766,0.085444
274313.430200,0.300114,0.003906,0.084258
277638.823399,0.262273,897.787288,0.159108
281539.228004,0.239167,603.422838,0.172962
285633.199054,0.329333,0.005524,0.106393
289509.322757,0.386167,0.006766,0.112069
293368.041575,0.260167,261.960896,0.141465
297068.883533,0.317857,975.632905,0.157732
301456.163948,0.376458,-nan,0.108142
305435.539576,0.281458,369.721255,0.127062
309560.025711,0.337273,611.067245,0.147723
313896.004683,0.363810,0.010335,0.113136
318155.663292,0.353810,0.006766,0.081808
322473.127092,0.358095,0.005524,0.072956
326837.382277,0.315714,36.364802,0.113098
331199.397860,0.288421,361.582334,0.120657
335780.244504,0.314167,0.009568,0.150197
340172.275722,0.248056,678.704190,0.081686
344955.352994,0.226471,0.005524,0.107207
349636.494573,0.396765,0.000000,0.067561
354381.160640,0.381765,0.000000,0.104908
359190.219899,0.374706,0.007812,0.082203
363675.647871,0.315294,1121.630282,0.155000
369004.995085,0.347143,-nan,0.141569
374012.502511,0.255000,0.007812,0.075782
379087.970174,0.189286,0.019137,0.108313
384232.297890,0.276429,0.007812,0.058841
389446.438903,0.304286,0.000000,0.139013
394731.340928,0.302857,0.005524,0.046511
400087.955430,0.380000,-nan,0.037607
405517.267695,0.342143,-nan,0.073380
410327.804421,0.133571,1363.427648,0.122699
416597.916014,0.250000,-nan,0.077942
420942.315446,0.117500,755.724030,0.203516
427981.341130,0.490000,0.000000,0.000000
433789.169720,0.510000,0.000000,0.000000
439675.815008,0.480000,0.000000,0.000000
445642.350830,0.385000,0.000000,0.000000
451689.842429,0.385000,0.000000,0.000000
457819.404691,0.385000,0.000000,0.000000
464032.145643,0.400000,0.000000,0.000000
470329.191599,0.380000,0.000000,0.000000
476711.707814,0.175000,0.000000,0.000000
483180.823678,0.225000,0.000000,0.000000
489737.729793,0.275000,0.000000,0.000000
496383.596719,0.445000,0.000000,0.000000
503119.674837,0.390000,0.000000,0.000000
509701.307083,0.000000,0.000000,0.000000
