0.000000,0.995000,0.000000,0.000000
1.002945,0.845347,0.001694,0.026412
1.016285,0.844071,0.001723,0.026699
1.029817,0.842806,0.001759,0.026261
1.043728,0.841476,0.001674,0.026400
1.057343,0.840018,0.001700,0.026597
1.071497,0.838394,0.001767,0.026510
1.085778,0.836991,0.001703,0.026471
1.100232,0.835618,0.001744,0.026757
1.114917,0.834038,0.001720,0.026748
1.129673,0.832771,0.001765,0.026821
1.144675,0.831874,0.001715,0.026788
1.160106,0.830682,0.001756,0.026978
1.175333,0.829321,0.001723,0.026990
1.191171,0.827903,0.001746,0.026967
1.206931,0.826959,0.001775,0.026835
1.222923,0.825768,0.001730,0.027044
1.239314,0.824626,0.001755,0.027205
1.255766,0.823297,0.001743,0.027284
1.272519,0.821706,0.001803,0.027686
1.289418,0.820512,0.001800,0.027745
1.306567,0.819132,0.001781,0.027747
1.323995,0.817959,0.001805,0.027835
1.341565,0.816782,0.001788,0.028232
1.359410,0.815009,0.001754,0.028058
1.377531,0.813679,0.001762,0.028071
1.395908,0.812068,0.001799,0.028246
1.414528,0.810447,0.001827,0.028486
1.433373,0.808976,0.001819,0.028829
1.452452,0.807424,0.001837,0.028782
1.471902,0.805888,0.001829,0.028876
1.491335,0.804468,0.001806,0.029344
1.511467,0.803168,0.001822,0.029560
1.531470,0.801900,0.001798,0.030023
1.551972,0.800532,0.001800,0.030415
1.572581,0.799550,0.001812,0.030534
1.593497,0.798088,0.001807,0.030766
1.614706,0.796362,0.001838,0.030866
1.636252,0.794906,0.001843,0.030986
1.657948,0.793385,0.001792,0.030835
1.680222,0.791818,0.001865,0.030654
1.702433,0.790341,0.001836,0.030740
1.725227,0.788626,0.001859,0.031171
1.748308,0.787203,0.001849,0.030992
1.771344,0.785365,0.001895,0.031182
1.795069,0.783450,0.001784,0.031622
1.818946,0.781729,0.001820,0.031651
1.843282,0.780900,0.001869,0.032028
1.867895,0.779541,0.001825,0.031918
1.892765,0.778062,0.001860,0.031834
1.917864,0.776118,0.001824,0.031812
1.943506,0.774803,0.001867,0.031924
1.969304,0.773144,0.001897,0.031870
1.995564,0.771756,0.001900,0.032196
2.022162,0.770338,0.001860,0.031935
2.049114,0.768968,0.001885,0.032000
2.076413,0.767297,0.001922,0.031669
2.104032,0.765050,0.001889,0.031981
2.132234,0.763376,0.001886,0.031837
2.160502,0.761618,0.001877,0.031968
2.189306,0.760297,0.001910,0.031650
2.218508,0.758385,0.001910,0.031526
2.248096,0.756765,0.001937,0.031483
2.278113,0.755621,0.001926,0.031301
2.308466,0.754315,0.001907,0.031242
2.339069,0.752906,0.001931,0.030985
2.370309,0.751300,0.001913,0.031126
2.401952,0.749494,0.001906,0.031192
2.434017,0.748226,0.001940,0.031160
2.466346,0.747012,0.001902,0.031501
2.499224,0.745506,0.001880,0.031610
2.532592,0.744218,0.001926,0.032225
2.566371,0.742447,0.002025,0.032644
2.600762,0.740888,0.001988,0.033090
2.635196,0.739491,0.001924,0.033149
2.670223,0.738059,0.002007,0.033633
2.705882,0.735932,0.002000,0.033951
2.742028,0.734391,0.001991,0.034096
2.778624,0.732938,0.001977,0.034830
2.815610,0.732318,0.001985,0.034873
2.853142,0.731094,0.001944,0.034451
2.891022,0.730029,0.002008,0.034704
2.929735,0.728515,0.002034,0.034901
2.968805,0.727126,0.002014,0.034469
3.008302,0.726341,0.001944,0.034376
3.048425,0.724803,0.001984,0.034084
3.089072,0.723453,0.002036,0.034389
3.130174,0.721800,0.001977,0.034461
3.171981,0.720691,0.002029,0.034599
3.214243,0.719209,0.002076,0.034802
3.257181,0.717485,0.002040,0.034843
3.300541,0.716015,0.002042,0.035025
3.344389,0.714465,0.002024,0.035583
3.389146,0.713144,0.002016,0.035664
3.434344,0.711553,0.002062,0.036142
3.480179,0.710276,0.002010,0.036690
3.526474,0.709259,0.002032,0.037478
3.573471,0.707682,0.002014,0.037809
3.621205,0.705691,0.002068,0.038460
3.669634,0.704282,0.002097,0.038589
3.718450,0.702771,0.002124,0.038618
3.767957,0.701565,0.002070,0.038701
3.818320,0.700229,0.002179,0.038458
3.869084,0.698588,0.002047,0.038734
3.920805,0.697044,0.002138,0.038573
3.973024,0.694956,0.002100,0.038680
4.025905,0.693479,0.002072,0.038871
4.079729,0.692118,0.002100,0.038505
4.134006,0.690026,0.002046,0.038272
4.189269,0.688126,0.002099,0.038569
4.245069,0.687491,0.002048,0.038725
4.301673,0.686300,0.002193,0.039095
4.358886,0.685203,0.002120,0.038904
4.417128,0.683315,0.002119,0.038978
4.476119,0.682221,0.002081,0.038944
4.535732,0.681368,0.002116,0.039159
4.596229,0.681138,0.002146,0.038944
4.657358,0.679421,0.002103,0.039032
4.719621,0.677115,0.002178,0.038975
4.782485,0.675406,0.002200,0.039453
4.846319,0.674006,0.002162,0.039340
4.910861,0.672459,0.002182,0.039023
4.976422,0.671112,0.002182,0.039321
5.042782,0.669938,0.002195,0.039473
5.109946,0.668071,0.002162,0.039444
5.178304,0.667288,0.002127,0.039384
5.247258,0.665806,0.002148,0.039509
5.317375,0.664562,0.002210,0.039741
5.388149,0.663088,0.002152,0.039848
5.459855,0.662229,0.002144,0.040076
5.532773,0.661000,0.002188,0.040116
5.606739,0.659679,0.002237,0.040588
5.681418,0.658432,0.002256,0.041144
5.757021,0.657138,0.002186,0.041641
5.833842,0.655753,0.002251,0.042710
5.911658,0.654297,0.002279,0.043847
5.990488,0.652588,0.002254,0.043895
6.070597,0.651768,0.002161,0.043957
6.151301,0.650050,0.002202,0.043631
6.233363,0.648582,0.002198,0.042571
6.316665,0.648259,0.002246,0.043173
6.400771,0.647406,0.002265,0.043309
6.486139,0.646326,0.002233,0.043286
6.572519,0.644668,0.002239,0.043371
6.660450,0.643476,0.002303,0.044316
6.749064,0.641618,0.002257,0.043864
6.839340,0.639874,0.002244,0.044116
6.930535,0.638203,0.002335,0.043959
7.022974,0.637476,0.002237,0.044537
7.116571,0.636197,0.002316,0.044380
7.211417,0.635085,0.002232,0.045253
7.307664,0.633241,0.002273,0.045532
7.405033,0.631138,0.002434,0.045706
7.503670,0.629603,0.002278,0.046445
7.604163,0.627150,0.002351,0.045943
7.705385,0.626488,0.002352,0.046924
7.808283,0.625276,0.002371,0.046518
7.912446,0.623682,0.002362,0.046401
8.018059,0.623288,0.002396,0.045967
8.124722,0.622109,0.002354,0.044689
8.233218,0.621209,0.002361,0.045386
8.343062,0.621268,0.002359,0.045738
8.454190,0.619824,0.002425,0.045407
8.567078,0.618785,0.002486,0.044734
8.681344,0.617965,0.002345,0.045576
8.797165,0.615615,0.002450,0.045799
8.914643,0.613582,0.002359,0.045224
9.033482,0.612765,0.002465,0.045767
9.154041,0.610935,0.002332,0.045969
9.276003,0.609471,0.002447,0.045307
9.399590,0.608215,0.002353,0.045634
9.525190,0.606691,0.002378,0.045991
9.652164,0.604882,0.002378,0.046016
9.780836,0.604415,0.002399,0.047035
9.911435,0.603068,0.002479,0.047352
10.043713,0.600879,0.002453,0.047631
10.177572,0.599629,0.002470,0.047395
10.313222,0.598621,0.002451,0.047752
10.450950,0.598079,0.002518,0.047346
10.590499,0.597847,0.002459,0.047460
10.731818,0.596097,0.002493,0.048394
10.874716,0.594806,0.002430,0.048579
11.019857,0.594206,0.002465,0.048306
11.166714,0.593197,0.002482,0.048081
11.315777,0.592218,0.002512,0.047707
11.466762,0.590782,0.002542,0.048626
11.619788,0.589976,0.002467,0.049065
11.774758,0.589438,0.002411,0.050326
11.931833,0.588118,0.002561,0.050932
12.091021,0.587103,0.002477,0.051359
12.252297,0.586276,0.002531,0.052091
12.415727,0.585032,0.002551,0.051415
12.581435,0.583629,0.002492,0.052032
12.749258,0.581379,0.002568,0.052675
12.919351,0.580097,0.002606,0.053052
13.091681,0.578703,0.002519,0.052299
13.266258,0.577285,0.002605,0.052185
13.443394,0.575621,0.002467,0.052486
13.622773,0.575094,0.002542,0.051844
13.804267,0.574141,0.002594,0.052406
13.988474,0.574165,0.002576,0.052848
14.175359,0.572612,0.002606,0.052507
14.364412,0.570715,0.002639,0.052721
14.555750,0.568976,0.002589,0.052821
14.750000,0.568874,0.002489,0.053043
14.946807,0.567424,0.002545,0.053579
15.146186,0.566132,0.002608,0.053802
15.348238,0.565271,0.002652,0.053973
15.553011,0.562891,0.002647,0.053802
15.760611,0.561550,0.002649,0.054139
15.970759,0.561191,0.002583,0.054252
16.183814,0.560468,0.002661,0.053820
16.399777,0.559465,0.002751,0.053165
16.618643,0.559224,0.002668,0.054035
16.840373,0.557850,0.002676,0.054494
17.065090,0.557171,0.002596,0.054051
17.292746,0.554985,0.002668,0.054161
17.523259,0.553944,0.002744,0.054989
17.756889,0.552532,0.002700,0.055182
17.993978,0.551068,0.002740,0.055236
18.234127,0.549853,0.002765,0.054529
18.477464,0.549232,0.002706,0.054622
18.724060,0.548568,0.002707,0.054663
18.973514,0.547156,0.002709,0.054152
19.226969,0.545794,0.002764,0.054115
19.483377,0.545485,0.002690,0.054162
19.743180,0.544697,0.002743,0.055643
20.006829,0.544094,0.002782,0.057294
20.273595,0.541524,0.002714,0.056749
20.544085,0.539676,0.002914,0.055885
20.818291,0.538509,0.002826,0.056435
21.095867,0.537576,0.002852,0.055961
21.377244,0.536591,0.002773,0.054836
21.662668,0.535918,0.002752,0.054604
21.951665,0.533665,0.002619,0.053705
22.244552,0.532797,0.002745,0.053929
22.541430,0.532115,0.002876,0.054605
22.842144,0.530971,0.002863,0.057032
23.146785,0.529712,0.002823,0.056743
23.455582,0.529091,0.002738,0.057534
23.768433,0.527976,0.002772,0.055946
24.085775,0.527415,0.002872,0.056996
24.406926,0.526015,0.002815,0.056881
24.732609,0.525618,0.002870,0.057958
25.062485,0.525174,0.002734,0.057801
25.396994,0.524103,0.002794,0.058857
25.735742,0.523488,0.002875,0.058950
26.079249,0.522715,0.002966,0.058345
26.426989,0.521441,0.002858,0.058576
26.779412,0.520668,0.002837,0.059533
27.137023,0.519691,0.002898,0.060167
27.499142,0.520038,0.002845,0.060007
27.865836,0.518024,0.002937,0.060341
28.237638,0.515759,0.002925,0.060723
28.614673,0.514065,0.003003,0.059699
28.996269,0.512879,0.002916,0.059197
29.383248,0.512118,0.002966,0.059859
29.775193,0.511985,0.002947,0.061024
30.172416,0.510624,0.003030,0.061007
30.574987,0.510850,0.002905,0.061404
30.982977,0.509950,0.002993,0.060789
31.396486,0.507300,0.002973,0.060674
31.815193,0.506032,0.002965,0.061381
32.239571,0.504874,0.002979,0.060962
32.669935,0.504021,0.002973,0.062231
33.105950,0.504359,0.003036,0.062352
33.547565,0.503729,0.002972,0.060751
33.995247,0.502653,0.002893,0.061864
34.448624,0.501932,0.003145,0.061939
34.908439,0.500326,0.003145,0.061955
35.374108,0.498485,0.003127,0.060682
35.846133,0.497179,0.003152,0.060431
36.324341,0.496076,0.003146,0.061179
36.809004,0.496321,0.003103,0.061334
37.300146,0.495712,0.002961,0.061207
37.797772,0.494906,0.003073,0.060865
38.302063,0.494412,0.003040,0.060619
38.813200,0.493268,0.003096,0.060495
39.331187,0.491559,0.003096,0.062524
39.855835,0.490459,0.003088,0.062300
40.387885,0.489421,0.003103,0.062781
40.926500,0.488906,0.003061,0.062435
41.472509,0.487138,0.003180,0.062770
42.025778,0.485441,0.003068,0.061976
42.586638,0.483794,0.003105,0.060443
43.154930,0.483721,0.003143,0.060547
43.730715,0.482521,0.003058,0.060130
44.314064,0.482488,0.003019,0.062722
44.905591,0.480209,0.003170,0.062127
45.504833,0.480435,0.003195,0.062716
46.111971,0.480697,0.003158,0.062917
46.726990,0.479291,0.003238,0.063875
47.350639,0.478068,0.003058,0.064467
47.982262,0.477006,0.003291,0.065487
48.622678,0.476103,0.003375,0.065108
49.271280,0.474768,0.003370,0.064252
49.928867,0.472471,0.003216,0.064075
50.594779,0.472353,0.003320,0.064598
51.269956,0.470853,0.003217,0.064814
51.954213,0.471771,0.003250,0.064526
52.647238,0.470406,0.003249,0.064875
53.349802,0.468897,0.003378,0.064432
54.061709,0.467582,0.003329,0.066205
54.782997,0.465147,0.003387,0.066274
55.514122,0.465138,0.003389,0.066935
56.254627,0.464756,0.003299,0.067218
57.005394,0.464474,0.003362,0.065814
57.765791,0.461397,0.003511,0.064785
58.536927,0.460344,0.003308,0.065134
59.317800,0.458247,0.003370,0.065506
60.109221,0.458115,0.003313,0.065201
60.911159,0.457794,0.003389,0.064415
61.723894,0.456056,0.003286,0.065064
62.547455,0.454300,0.003350,0.064101
63.382298,0.454076,0.003391,0.064553
64.227985,0.451618,0.003349,0.065726
65.084993,0.449394,0.003459,0.065700
65.953634,0.451882,0.003403,0.066441
66.833287,0.452309,0.003495,0.068133
67.725062,0.450535,0.003389,0.066907
68.628850,0.450524,0.003494,0.067286
69.544858,0.450647,0.003533,0.068309
70.472725,0.448100,0.003594,0.067437
71.412809,0.447818,0.003518,0.067593
72.365563,0.447818,0.003526,0.067009
73.331464,0.447638,0.003493,0.065872
74.309846,0.447156,0.003362,0.066535
75.301047,0.445885,0.003575,0.066059
76.306304,0.444074,0.003677,0.064283
77.324251,0.442200,0.003328,0.064204
78.355998,0.442826,0.003480,0.064783
79.401523,0.443626,0.003555,0.065984
80.461034,0.442238,0.003476,0.067622
81.534785,0.442212,0.003485,0.067977
82.622474,0.441818,0.003383,0.067539
83.725029,0.439688,0.003500,0.066783
84.842320,0.437094,0.003577,0.066758
85.974577,0.436274,0.003697,0.066846
87.121294,0.434562,0.003630,0.067984
88.284067,0.436106,0.003581,0.066826
89.461939,0.436621,0.003711,0.070527
90.655865,0.436988,0.003590,0.069774
91.865566,0.434538,0.003522,0.068518
93.091183,0.434653,0.003594,0.071432
94.333398,0.432553,0.003679,0.071368
95.592250,0.430359,0.003706,0.071314
96.867300,0.430285,0.003412,0.070579
98.160227,0.430679,0.003814,0.071542
99.470034,0.429500,0.003578,0.071705
100.796933,0.429535,0.003739,0.072389
102.142042,0.429862,0.003808,0.073954
103.505345,0.430715,0.003465,0.074485
104.886233,0.428544,0.003669,0.074806
106.285639,0.428512,0.003871,0.075224
107.704042,0.427212,0.003778,0.075758
109.141377,0.426009,0.003822,0.074433
110.597538,0.427071,0.003775,0.074609
112.073154,0.424753,0.003791,0.073065
113.568602,0.425206,0.003766,0.073581
115.084083,0.425250,0.003746,0.073563
116.619730,0.425862,0.003887,0.074826
118.175989,0.423768,0.003713,0.075744
119.752681,0.422259,0.003801,0.075529
121.350664,0.422121,0.003685,0.076828
122.969987,0.418465,0.003793,0.076638
124.610918,0.418882,0.004012,0.074093
126.273433,0.416682,0.003983,0.077481
127.958430,0.415618,0.003915,0.078581
129.666007,0.414609,0.003913,0.077117
131.396276,0.413044,0.003913,0.078819
133.149738,0.412300,0.004274,0.080986
134.925909,0.410026,0.003980,0.078888
136.726599,0.410662,0.004253,0.079112
138.551024,0.410638,0.003933,0.078683
140.399713,0.407447,0.004006,0.079723
142.273485,0.406406,0.004156,0.080683
144.171770,0.404862,0.004062,0.078264
146.095433,0.402282,0.004190,0.080290
148.044914,0.401962,0.004209,0.080246
150.020716,0.400094,0.004151,0.080395
152.022282,0.400353,0.004104,0.081733
154.051187,0.400212,0.003999,0.079554
156.106561,0.400029,0.004212,0.080552
158.189305,0.399124,0.004226,0.079443
160.300278,0.398965,0.004224,0.079483
162.439391,0.398553,0.004224,0.079710
164.606635,0.397576,0.004263,0.079628
166.803210,0.400841,0.004374,0.080924
169.028756,0.397712,0.004110,0.079626
171.284263,0.399812,0.003995,0.080301
173.570173,0.399753,0.004145,0.079408
175.885827,0.400762,0.003999,0.079070
178.233172,0.400268,0.004135,0.081688
180.611298,0.400382,0.004184,0.082369
183.021221,0.400059,0.004268,0.084199
185.463731,0.397503,0.004334,0.082300
187.938141,0.397338,0.004017,0.083593
190.445908,0.397847,0.004227,0.080468
192.987452,0.396235,0.004268,0.079634
195.562437,0.394232,0.004008,0.079235
198.171979,0.395741,0.004377,0.079991
200.816561,0.393276,0.004364,0.081093
203.495974,0.394429,0.004240,0.082479
206.211285,0.393391,0.004104,0.082970
208.963513,0.393047,0.004605,0.083970
211.751481,0.392732,0.004425,0.083544
214.576924,0.391074,0.004343,0.085513
217.440523,0.388468,0.004553,0.085647
220.341815,0.386403,0.004517,0.084287
223.282083,0.387512,0.004473,0.083708
226.261350,0.388753,0.004337,0.085393
229.280525,0.388685,0.004370,0.086026
232.339962,0.387241,0.004584,0.085904
235.440460,0.385135,0.004563,0.084321
238.581955,0.386112,0.004421,0.085377
241.765415,0.383303,0.004314,0.083695
244.991558,0.382285,0.004519,0.085841
248.260950,0.380853,0.004631,0.087061
251.573764,0.376382,0.004848,0.086560
254.930722,0.379118,0.004650,0.087074
258.332821,0.374974,0.005102,0.086295
261.779858,0.376185,0.004835,0.084877
265.272496,0.377715,0.004356,0.083534
268.812218,0.374515,0.004811,0.084807
272.399494,0.372759,0.005451,0.080421
276.034225,0.374109,0.004586,0.085498
279.717578,0.374044,0.004773,0.086633
283.450160,0.371488,0.005062,0.086487
287.232519,0.370421,0.004809,0.087326
291.065522,0.371238,0.004815,0.086782
294.949152,0.371129,0.004786,0.088370
298.885130,0.369885,0.004784,0.089742
302.873319,0.371938,0.004783,0.087475
306.914360,0.371197,0.004645,0.085902
311.009819,0.373197,0.004792,0.086643
315.160268,0.374606,0.004907,0.088327
319.365906,0.372226,0.004728,0.087068
323.627386,0.369200,0.005181,0.090375
327.945752,0.367906,0.005312,0.088998
332.322085,0.365650,0.005027,0.088491
336.756250,0.366732,0.005232,0.091724
341.249804,0.365197,0.005194,0.090046
345.803722,0.364609,0.004892,0.089509
350.417931,0.364503,0.005104,0.089589
355.093695,0.363103,0.004711,0.086333
359.832593,0.362885,0.005228,0.087877
364.633930,0.363115,0.005373,0.090960
369.499535,0.363603,0.005083,0.091101
374.430065,0.364029,0.005157,0.090768
379.426474,0.367518,0.005057,0.091218
384.489725,0.364609,0.005103,0.090527
389.619854,0.362335,0.005141,0.091464
394.818964,0.363691,0.005760,0.088149
400.087466,0.363494,0.005792,0.090172
405.426191,0.361791,0.004998,0.090792
410.836163,0.358506,0.005357,0.090093
416.318359,0.360324,0.004980,0.092769
421.873639,0.360779,0.005708,0.091985
427.503110,0.360274,0.005521,0.090424
433.207670,0.357024,0.005322,0.090229
438.988532,0.354162,0.005104,0.089197
444.845976,0.354991,0.005222,0.092235
450.782390,0.356968,0.005772,0.093323
456.797362,0.355168,0.005332,0.093683
462.892917,0.353909,0.005055,0.095264
469.069683,0.353571,0.005484,0.095198
475.328955,0.354147,0.005199,0.093866
481.671862,0.354403,0.005756,0.095688
488.099174,0.353250,0.005569,0.098024
494.612440,0.352738,0.005518,0.096610
501.212477,0.349221,0.005913,0.097149
507.900551,0.349132,0.008476,0.098326
514.678190,0.350165,0.007939,0.098908
521.546433,0.350221,0.007463,0.098915
528.505423,0.347232,0.006309,0.096048
535.557874,0.348956,0.006573,0.096705
542.704443,0.347809,0.006201,0.096622
549.946093,0.347424,0.006658,0.095963
557.284492,0.346035,0.006582,0.094351
564.721284,0.346153,0.006968,0.093390
572.256504,0.348824,0.007865,0.092217
579.892926,0.345624,0.006578,0.094208
587.630589,0.347803,0.005743,0.096235
595.471958,0.344756,0.005871,0.093756
603.418033,0.343326,0.005850,0.093323
611.470451,0.342406,0.006103,0.096266
619.629808,0.342059,0.006050,0.094704
627.897874,0.343144,0.005844,0.096089
636.277216,0.342350,0.007106,0.097997
644.767105,0.339738,0.006072,0.094947
653.371162,0.339706,0.007209,0.097597
662.089263,0.339532,0.006474,0.097795
670.924628,0.341059,0.006486,0.098684
679.877308,0.339368,0.006260,0.098064
688.949615,0.335829,0.005941,0.099323
698.142987,0.335224,0.006771,0.098204
707.459285,0.335771,0.007161,0.098851
716.899570,0.336126,0.006831,0.099715
726.465634,0.332432,0.007550,0.099263
736.160264,0.334826,0.012728,0.101219
745.983449,0.331282,0.008586,0.098886
755.937307,0.331838,0.007127,0.100671
766.025020,0.332300,0.010496,0.102079
776.246690,0.333374,0.007489,0.102312
786.604812,0.329926,0.006969,0.101517
797.101368,0.328432,0.006549,0.097082
807.738253,0.328224,0.008749,0.098662
818.516667,0.329415,0.009304,0.100864
829.438624,0.333606,0.007328,0.102248
840.506534,0.331521,0.006754,0.101128
851.722056,0.333494,0.019443,0.099698
863.088002,0.334382,0.007661,0.098563
874.606127,0.331101,0.033011,0.099913
886.275467,0.331352,0.008175,0.102908
898.102307,0.327627,0.015474,0.103516
910.086925,0.329587,0.008921,0.104298
922.231118,0.326064,0.011762,0.101056
934.536974,0.324584,0.009179,0.101849
947.006602,0.323644,0.032038,0.097149
959.643426,0.326477,0.038518,0.101240
972.450326,0.325402,0.011170,0.101091
985.426414,0.327670,0.008783,0.101139
998.575837,0.326706,0.009039,0.100129
1011.882508,0.327824,0.371739,0.104239
1025.403472,0.328441,0.007236,0.102678
1039.087909,0.323296,0.024247,0.101801
1052.952552,0.325104,0.007911,0.103354
1067.003355,0.323441,0.008284,0.103693
1081.241693,0.321310,0.010920,0.105743
1095.669579,0.322253,0.010575,0.103505
1110.290910,0.321500,0.015231,0.103023
1125.086187,0.323583,0.398538,0.103807
1140.118736,0.324070,0.008057,0.102561
1155.332667,0.320882,0.007774,0.101566
1170.750270,0.321598,0.009396,0.103673
1186.372413,0.324792,0.009308,0.101407
1202.203322,0.328461,0.009242,0.103285
1218.245519,0.328437,0.011653,0.103333
1234.501472,0.327534,0.008004,0.101240
1250.974657,0.326845,0.007644,0.100379
1267.661462,0.329456,0.298646,0.102853
1284.584526,0.327815,0.010643,0.104795
1301.725194,0.324988,0.007086,0.102246
1319.096227,0.323838,0.007507,0.101441
1336.698120,0.324087,0.008268,0.099865
1354.534945,0.321091,0.008937,0.103323
1372.609444,0.325250,0.015285,0.102079
1390.926025,0.323744,0.007515,0.102979
1409.486205,0.322988,0.008171,0.103674
1428.276846,0.325187,0.521870,0.102590
1447.353970,0.323495,0.008052,0.105171
1466.667869,0.322691,0.008489,0.105980
1486.239346,0.321100,0.008808,0.104568
1506.072151,0.319440,0.008931,0.104077
1526.169684,0.314896,0.012624,0.104262
1546.535075,0.318978,0.015076,0.106640
1567.162102,0.317557,0.401034,0.108061
1588.083811,0.322513,0.015865,0.105962
1609.275471,0.323134,0.009105,0.111044
1630.749805,0.322764,0.012953,0.110323
1652.505316,0.320978,0.149139,0.113714
1674.561982,0.319397,0.009203,0.110226
1696.907201,0.315946,0.009040,0.108167
1719.551052,0.311681,0.009030,0.106641
1742.496397,0.314558,0.007980,0.107121
1765.748889,0.313576,0.010794,0.110020
1789.311849,0.312958,0.025206,0.107309
1813.159970,0.309952,0.801220,0.106987
1837.377352,0.307932,0.124335,0.106868
1861.901801,0.307484,0.010231,0.110962
1886.737418,0.302472,0.422580,0.111839
1911.924022,0.304454,0.014333,0.106440
1937.436797,0.304311,0.010544,0.106373
1963.290418,0.306502,0.010437,0.110518
1989.488907,0.305842,0.015769,0.112262
2016.036506,0.305692,0.014997,0.110149
2042.938380,0.311334,0.010284,0.110538
2070.199306,0.305381,0.009772,0.112623
2097.823859,0.303396,0.008483,0.108156
2125.818772,0.305944,0.022409,0.110750
2154.186564,0.303282,0.021496,0.108820
2182.914005,0.305788,0.689770,0.113480
2212.058743,0.305537,0.067830,0.113111
2241.516577,0.305150,1.228616,0.109826
2271.489685,0.307908,0.011858,0.110402
2301.800332,0.309389,0.010667,0.110820
2332.489966,0.309425,0.612184,0.112701
2363.595563,0.311610,0.927220,0.113446
2395.182131,0.310100,0.009899,0.111319
2427.142875,0.308812,0.008910,0.108792
2459.531447,0.306711,0.011302,0.107010
2492.352100,0.306947,0.014583,0.113030
2525.609337,0.310079,0.009520,0.110131
2559.311545,0.307651,0.010970,0.114588
2593.464818,0.308567,0.030300,0.109220
2627.995064,0.303579,1.413876,0.108584
2663.109420,0.310965,0.705556,0.108061
2698.676621,0.310568,0.008731,0.106130
2734.688972,0.312003,0.010938,0.108494
2771.180048,0.307319,0.009755,0.104503
2808.159782,0.308921,0.011152,0.108011
2845.619090,0.308495,0.357247,0.108842
2883.604469,0.307130,0.010166,0.110935
2922.083435,0.306951,0.011857,0.114277
2961.076548,0.305986,0.014307,0.114238
3000.573796,0.307094,0.309360,0.110849
3040.628541,0.309411,0.009599,0.112077
3081.200384,0.308331,0.056212,0.113463
3122.319292,0.306306,0.010307,0.110707
3163.983778,0.309676,0.011198,0.111952
3206.185059,0.309303,0.765854,0.108660
3248.988369,0.307791,0.014863,0.108414
3292.272982,0.305058,1.662872,0.107509
3336.275967,0.305938,0.011934,0.105223
3380.796049,0.309605,0.013891,0.111009
3425.909240,0.313550,0.010686,0.106511
3471.625943,0.312244,0.014375,0.108730
3517.951013,0.318262,0.010536,0.113365
3564.894592,0.311947,0.010205,0.110160
3612.421215,0.315190,1.273338,0.109388
3660.652346,0.315503,0.702977,0.109285
3709.519819,0.312362,0.021554,0.112049
3758.942239,0.316038,1.810381,0.112842
3809.146132,0.314997,0.956679,0.111879
3860.004724,0.310231,0.148303,0.108220
3911.518794,0.310956,0.023210,0.107969
3963.713419,0.308476,0.009177,0.108914
4016.544061,0.307933,1.452513,0.108754
4070.001752,0.306863,2.864229,0.105404
4124.517600,0.308224,0.009834,0.106504
4179.555400,0.306811,0.009075,0.109168
4235.328312,0.302096,0.011218,0.106604
4291.844829,0.307857,0.009389,0.110437
4349.093751,0.308618,0.877362,0.110284
4407.100111,0.302408,1.018906,0.112247
4465.826861,0.304969,2.673870,0.111791
-nan,-nan,-nan,-nan
4585.931168,0.311127,0.260872,0.112397
4647.023270,0.303647,2.328646,0.111190
4709.151532,0.304276,0.011142,0.107727
4771.990891,0.303455,0.008746,0.106346
-nan,-nan,-nan,-nan
4900.093591,0.305689,2.321384,0.110283
4965.572645,0.307055,0.286297,0.108015
5031.797437,0.309921,1.383718,0.111578
5098.894952,0.306111,1.571515,0.105922
5167.033373,0.308862,0.008958,0.104239
5235.980697,0.308929,0.064758,0.105570
5305.777605,0.309968,1.575340,0.107827
5376.611996,0.319493,0.970200,0.106191
5448.245406,0.319038,2.628804,0.106764
5521.093156,0.317188,0.456437,0.102984
5594.778872,0.318698,0.008288,0.104623
5669.214928,0.322193,3.905227,0.105704
5745.090348,0.320471,0.010245,0.107760
5821.706134,0.322077,1.868313,0.106099
5899.405419,0.318254,1.372064,0.108565
5978.162496,0.315849,0.012908,0.106851
6057.908179,0.317984,0.771538,0.105379
6138.774655,0.317943,0.016822,0.104771
6220.618552,0.320592,1.668668,0.105411
6303.700065,0.321993,0.009478,0.107345
6387.817476,0.327469,0.011551,0.107102
6472.929242,0.325324,1.883750,0.106310
6559.315419,0.330029,2.392304,0.105096
6646.950723,0.327482,0.359505,0.101736
6735.555371,0.324130,2.946280,0.103281
6825.390936,0.322417,2.968956,0.104972
6916.624770,0.327357,0.009544,0.108616
7008.921425,0.320443,0.010933,0.105051
7102.449104,0.323749,0.011583,0.108733
7197.145836,0.322804,1.554380,0.110699
7293.142171,0.315908,3.386645,0.105506
7390.549533,0.315175,1.527707,0.109286
7489.000643,0.319222,3.786025,0.111608
7589.087651,0.321015,1.597421,0.112231
7690.281276,0.315455,2.624805,0.109846
7792.996442,0.317615,1.612258,0.105180
7896.811977,0.312260,4.213625,0.107980
8002.179472,0.312620,4.260245,0.104177
8108.981865,0.315942,4.338527,0.106935
8217.292767,0.318230,3.063633,0.106161
8327.057799,0.319626,0.008638,0.105700
8438.037650,0.313504,2.637917,0.109739
8550.775677,0.319172,0.010657,0.114200
8664.744361,0.315784,3.187467,0.106830
8780.371617,0.310691,2.349246,0.103482
8897.589879,0.308990,1.580706,0.106887
9016.218140,0.311258,3.692652,0.109168
9136.718986,0.312190,0.009163,0.105595
9258.570789,0.312591,2.682270,0.108832
9382.188929,0.312016,0.009258,0.108892
9507.290362,0.309983,2.203839,0.113587
9633.902640,0.309052,6.048083,0.107360
9762.815390,0.309672,0.009613,0.107005
9893.077242,0.314139,0.302166,0.105121
10025.047150,0.316036,1.581642,0.108380
10158.691743,0.311041,3.480393,0.110416
10294.444248,0.316745,0.009913,0.109894
10431.651130,0.320056,3.571396,0.112492
10570.984999,0.310990,0.601550,0.110967
10711.901644,0.306641,3.628938,0.107366
10854.607930,0.309500,5.455042,0.109672
10999.872438,0.314712,0.008279,0.107616
11146.622170,0.310544,1.286811,0.108332
11295.399528,0.313819,0.008566,0.110485
11446.074295,0.309879,1.388239,0.113880
11598.585452,0.310962,5.224859,0.107164
11753.186859,0.309979,6.239810,0.108759
11910.160782,0.306853,6.026988,0.107550
12069.132508,0.312648,6.159934,0.109437
12230.475300,0.307177,0.011516,0.104711
12393.413237,0.304220,6.217475,0.108980
12558.880042,0.307284,4.301870,0.112259
12726.135379,0.306235,8.719152,0.113136
12896.080085,0.303724,5.941971,0.103961
13068.261410,0.305451,4.392808,0.118358
13242.344663,0.310749,8.619119,0.109185
13418.946106,0.304955,8.623511,0.107536
13598.346308,0.306538,7.378822,0.107217
13779.720691,0.309666,7.566464,0.110962
13963.820016,0.310971,5.922080,0.110857
14150.183271,0.306414,4.338406,0.105379
14339.062938,0.307966,4.191421,0.110953
14530.131398,0.307889,8.607372,0.106494
14723.651873,0.303492,9.445668,0.105093
14920.801886,0.306940,3.414040,0.104059
15120.099361,0.312136,0.008322,0.109727
15321.709582,0.308806,3.932710,0.107111
15524.922444,0.309107,14.831567,0.113174
15731.958888,0.303295,13.686231,0.112696
15943.306005,0.307458,3.655394,0.110225
16156.036464,0.308853,4.320848,0.112079
16370.615204,0.304214,12.965912,0.112609
16589.432714,0.305286,11.942912,0.114677
16811.430086,0.304619,3.752457,0.109445
17034.351702,0.309251,15.806690,0.114211
17263.136550,0.314165,4.908752,0.112237
17492.972302,0.307502,10.934556,0.111738
17726.793135,0.304850,6.612772,0.109714
17963.651768,0.302393,0.744936,0.112170
18202.365794,0.301668,13.287945,0.117735
18446.290767,0.301486,0.009543,0.104608
18691.868828,0.310729,8.049151,0.115064
18940.351294,0.306143,17.126287,0.110060
19193.295018,0.301513,17.366951,0.110122
19449.410287,0.303207,15.211166,0.109533
19710.204380,0.312556,2.927685,0.107327
19973.015239,0.312948,7.886737,0.105363
20239.685155,0.317822,3.555535,0.112377
20509.613030,0.312012,6.221922,0.109377
20783.342837,0.313393,7.135212,0.110181
21059.512304,0.306675,16.720175,0.113863
21340.501556,0.304876,15.128496,0.111730
21623.251984,0.299658,26.034688,0.118791
21914.639639,0.306674,9.904484,0.118799
22205.449707,0.308829,23.799680,0.113661
22503.324744,0.307423,12.224589,0.110711
22802.096657,0.302110,23.805949,0.107777
23108.006316,0.299411,13.499244,0.110120
23414.550213,0.300317,24.166488,0.114150
23728.820303,0.308354,10.311169,0.114030
24044.515657,0.310853,18.289264,0.113797
24365.886710,0.318524,16.028311,0.114548
24691.125421,0.316527,15.191653,0.113105
25021.092916,0.310388,12.996629,0.116843
25353.211426,0.306636,24.908988,0.114386
25690.669866,0.311412,29.838346,0.115528
26036.342281,0.312960,13.123545,0.101553
26381.742349,0.306168,26.085328,0.112879
26736.421318,0.307048,0.589875,0.110664
27091.798933,0.303937,14.420258,0.112764
27452.947532,0.302293,21.227527,0.113828
27820.569085,0.310038,11.746278,0.114358
28189.953250,0.303518,24.596074,0.113234
28567.255617,0.311203,16.391176,0.114234
28948.589669,0.301988,17.217808,0.103777
29335.881432,0.307634,7.047517,0.106500
29725.955564,0.307219,21.343521,0.108557
30122.200300,0.306268,21.255683,0.113445
30524.700161,0.313841,16.663008,0.116676
30931.171559,0.304217,25.184384,0.113772
31343.332164,0.308430,27.839924,0.110435
31763.958797,0.303698,12.960369,0.111922
32188.544582,0.311352,0.008583,0.118091
32615.271535,0.299330,30.550574,0.111877
33049.108319,0.301509,32.604772,0.116613
33489.624526,0.310251,39.381581,0.110733
33939.387287,0.301482,24.403133,0.115944
34392.608890,0.305773,24.741678,0.115838
34849.370401,0.293043,30.742118,0.105543
35317.696825,0.306673,12.311502,0.105486
35787.273012,0.305903,27.100263,0.115373
36263.441624,0.299545,37.611013,0.116103
36750.387805,0.308230,11.271137,0.109476
37237.945579,0.303571,36.691002,0.112899
37736.892124,0.306344,25.664849,0.111480
38239.910157,0.301181,29.061632,0.111090
38748.979466,0.302199,34.585930,0.116663
39268.396395,0.297158,11.430263,0.113573
39788.893921,0.309848,44.514875,0.116041
40321.637244,0.314367,26.488074,0.115837
40860.787446,0.316600,25.931502,0.110566
41405.544868,0.302399,28.366430,0.108924
41957.313433,0.312646,34.623404,0.114385
42515.085652,0.310796,43.754261,0.111159
43086.351678,0.311542,26.063703,0.110511
43659.243023,0.311350,37.427543,0.111931
44242.678871,0.308516,30.367757,0.119649
44835.844528,0.313963,0.010346,0.114220
45427.085479,0.300968,50.827658,0.114181
46037.838242,0.317300,27.569074,0.112534
46650.519143,0.309531,37.946101,0.119901
47274.182275,0.309474,36.631855,0.114948
47899.495000,0.314926,62.955787,0.105687
48544.677623,0.314322,32.900063,0.107390
49195.233300,0.324147,2.602488,0.113847
49850.401710,0.317211,24.310446,0.102393
50517.051574,0.316971,0.010586,0.111879
51188.090542,0.307423,31.712996,0.111733
51871.696325,0.304034,37.577062,0.106609
52563.683188,0.317444,33.591367,0.108554
53265.353464,0.308595,24.751430,0.113480
53970.585226,0.312566,59.195778,0.117536
54693.821202,0.308448,41.728495,0.120649
55426.423249,0.310701,41.318578,0.115704
56159.651304,0.304870,73.260462,0.115483
56907.259494,0.309546,67.378658,0.113048
57667.204351,0.283016,77.142638,0.110803
58441.399555,0.312788,48.802725,0.120495
59223.941911,0.311980,39.106776,0.106121
60016.316207,0.317383,27.996615,0.105603
60818.465635,0.301306,0.011177,0.117852
61623.860243,0.309296,62.100318,0.113177
62446.343662,0.308907,51.269113,0.113570
63271.523602,0.316600,93.463278,0.113731
64123.173017,0.314217,54.094399,0.113948
64981.823845,0.310229,42.681815,0.103338
65852.099530,0.294569,24.081707,0.102205
66722.261824,0.308167,73.106072,0.118087
67612.988332,0.304478,65.877356,0.124867
68513.003382,0.320329,78.017082,0.117807
69432.771320,0.312923,47.464752,0.127453
70356.404709,0.290633,55.584134,0.124263
71300.996568,0.294551,34.060777,0.112866
72242.965221,0.302701,84.678143,0.129848
73208.575205,0.301089,90.681229,0.122209
74189.585381,0.298874,79.368073,0.113496
75176.796526,0.317597,91.071461,0.118456
76170.605834,0.304435,120.596210,0.111507
77207.725383,0.313363,0.015594,0.107948
78220.808514,0.313319,117.036375,0.117166
79274.100200,0.319548,85.692752,0.104015
80324.036030,0.310228,106.177838,0.113689
81408.796513,0.321313,57.776655,0.096980
82490.852250,0.293871,66.442033,0.121468
83586.001221,0.302812,81.400733,0.121276
84701.673421,0.296987,90.027969,0.117092
85842.012540,0.297653,32.225913,0.103482
86965.415459,0.299364,138.056265,0.123063
88123.557779,0.303919,141.404195,0.129734
89317.490368,0.288462,91.035119,0.108883
90485.037112,0.300843,164.475438,0.120689
91703.188498,0.299403,139.248760,0.122067
92939.967263,0.304149,91.438046,0.107672
94166.473122,0.303268,164.082900,0.113513
95440.773588,0.290267,79.624328,0.110476
96713.086745,0.313941,95.804805,0.116607
97996.866597,0.306758,118.421754,0.112322
99299.006464,0.310047,102.102356,0.133219
100633.931459,0.307711,95.703477,0.113241
101979.323114,0.293010,84.382497,0.127131
103280.787032,0.293901,283.331795,0.141433
104678.845102,0.279889,221.135857,0.128592
106125.522393,0.294029,25.355557,0.111188
107523.567819,0.320740,155.739023,0.135678
108942.891481,0.296325,207.612876,0.129692
110403.506430,0.308727,136.267841,0.120883
111898.115105,0.316513,104.145184,0.110138
113377.015521,0.311755,141.016163,0.127835
114907.028482,0.297415,62.853548,0.112650
116413.050779,0.314929,195.926395,0.109433
118000.410747,0.301314,0.011135,0.101200
119532.376612,0.336934,245.903775,0.123178
121164.166158,0.319474,52.482704,0.116863
122774.401336,0.295344,108.508890,0.114996
124409.420769,0.291240,132.654767,0.132693
126054.414863,0.278858,129.504503,0.129720
127736.137751,0.298220,175.872260,0.124592
129473.903559,0.307743,0.007176,0.111027
131176.248506,0.332522,181.811976,0.115433
132901.419461,0.312963,259.923339,0.116780
134712.109598,0.258462,146.427089,0.117388
136446.290499,0.328447,355.523044,0.129489
138346.141967,0.325612,0.006176,0.094923
140121.902045,0.301122,244.082550,0.132622
142039.890118,0.337809,123.715469,0.120185
143938.486676,0.315233,131.027265,0.107908
145844.265139,0.300417,226.963315,0.104483
147812.111803,0.307988,122.209165,0.132117
149641.949616,0.312625,482.071774,0.141280
151773.866017,0.319931,142.236724,0.123408
153823.519749,0.289429,0.003906,0.092294
155797.113635,0.285286,293.106791,0.126457
157956.194941,0.336462,0.005859,0.092349
159968.320638,0.275769,331.784333,0.131255
162199.902594,0.330000,0.005859,0.093396
164324.384588,0.302288,174.905897,0.129406
166488.453313,0.310893,252.110455,0.161015
168756.207783,0.268100,167.881310,0.088102
170916.515043,0.225612,297.566393,0.131128
173250.698000,0.264750,278.988665,0.119802
175627.437588,0.303421,0.011389,0.134385
177971.032725,0.309211,0.007564,0.083914
180345.902188,0.329079,0.005167,0.098888
182657.353420,0.273684,403.529429,0.123521
185191.141447,0.293333,0.008053,0.120612
187638.269551,0.302500,142.518665,0.124513
190166.550465,0.309857,-nan,0.087688
192704.161722,0.347286,0.008735,0.092198
195179.168726,0.267714,366.417537,0.201793
197812.986277,0.301724,251.450097,0.161348
200073.086212,0.185926,859.434879,0.161400
203197.771477,0.218500,0.007812,0.113447
205484.708879,0.237750,849.122313,0.129281
208656.961945,0.274375,0.017686,0.132828
211441.299075,0.449375,-nan,0.055926
214156.708225,0.259062,280.733533,0.193174
216331.491686,0.196786,1013.161091,0.182938
220019.259705,0.376250,0.002762,0.027128
222955.236893,0.233125,0.006176,0.091274
225930.376367,0.310000,-nan,0.092060
228945.227964,0.274375,0.004784,0.034860
232000.303931,0.260625,0.005524,0.104266
235096.150441,0.249375,0.007812,0.028333
238233.304617,0.371250,0.003906,0.117094
241412.325679,0.337500,-nan,0.065096
244633.771056,0.288750,0.012040,0.091983
247898.206762,0.233750,0.014616,0.125965
251206.189332,0.308125,0.009161,0.141861
254558.317833,0.288750,0.000000,0.055495
257955.181949,0.248750,0.006176,0.063970
261397.368993,0.306250,0.002762,0.056665
264885.485913,0.361250,-nan,0.138174
268420.158283,0.296875,0.000000,0.067543
272002.003062,0.303125,0.003906,0.060670
275631.630674,0.295000,0.003906,0.128744
279309.701668,0.357500,0.003906,0.025249
283036.855333,0.250000,0.006766,0.088847
286813.735131,0.311875,0.005524,0.083887
290641.018842,0.251250,0.006766,0.133902
293259.264906,0.194375,1626.785931,0.154544
298449.488508,0.316000,0.005524,0.041641
302432.030758,0.457000,0.000000,0.002449
306467.730361,0.394000,-nan,0.029394
310557.284900,0.250000,0.005524,0.036742
314701.403064,0.396000,-nan,0.090631
318900.816205,0.373000,0.003906,0.046540
323156.282429,0.223000,0.012353,0.124924
327468.519988,0.315000,0.003906,0.012247
331838.306536,0.389000,0.005524,0.004899
336266.406526,0.273000,0.006766,0.034293
340753.599803,0.313000,0.008735,0.083283
345300.664197,0.332000,-nan,0.120025
349535.426717,0.075000,456.800092,0.061237
354577.629042,0.265000,0.000000,0.000000
359309.159943,0.250000,0.003906,0.000000
364103.837798,0.490000,0.000000,0.000000
368962.493200,0.300000,-nan,0.000000
373885.975179,0.290000,0.000000,0.000000
378875.163495,0.235000,0.000000,0.000000
383930.933821,0.275000,0.000000,0.000000
389054.167586,0.245000,0.000000,0.000000
394245.747481,0.445000,0.007812,0.000000
399506.630079,0.380000,0.000000,-nan
404837.694524,0.250000,0.000000,0.000000
410239.911377,0.500000,0.000000,0.000000
415714.214411,0.435000,0.000000,0.000000
420198.778838,0.000000,0.000000,0.000000
