0.000000,0.995000,0.000000,-nan
1.003045,0.849705,0.001746,0.028953
1.014926,0.848382,0.001784,0.028877
1.027167,0.846800,0.001765,0.028873
1.039367,0.845623,0.001731,0.028951
1.051634,0.844377,0.001686,0.028850
1.064070,0.843064,0.001709,0.028588
1.076806,0.841759,0.001761,0.028453
1.089673,0.840232,0.001746,0.028539
1.102556,0.839068,0.001661,0.028651
1.115655,0.837986,0.001714,0.028317
1.128940,0.836627,0.001743,0.028467
1.142537,0.835482,0.001751,0.028895
1.156052,0.834395,0.001725,0.028936
1.169809,0.833186,0.001741,0.029071
1.183782,0.832105,0.001827,0.029537
1.197924,0.830859,0.001713,0.029297
1.212069,0.829545,0.001655,0.029313
1.226561,0.828327,0.001794,0.029162
1.241310,0.827095,0.001699,0.029633
1.256051,0.825600,0.001746,0.029739
1.270994,0.824382,0.001726,0.029807
1.286094,0.823155,0.001804,0.030059
1.301391,0.821864,0.001727,0.030272
1.317019,0.820555,0.001801,0.029873
1.332646,0.819668,0.001737,0.029734
1.348631,0.818255,0.001790,0.029187
1.364692,0.817500,0.001756,0.029410
1.380957,0.816477,0.001773,0.029357
1.397250,0.815077,0.001837,0.029401
1.413898,0.813782,0.001776,0.028699
1.430740,0.812614,0.001698,0.029079
1.447972,0.810832,0.001788,0.029010
1.465234,0.809595,0.001801,0.029278
1.482653,0.808886,0.001840,0.029044
1.500171,0.807300,0.001841,0.029604
1.518002,0.806250,0.001716,0.029533
1.536293,0.804582,0.001716,0.029822
1.554610,0.803286,0.001754,0.030086
1.573073,0.801959,0.001768,0.030702
1.591753,0.800755,0.001728,0.030656
1.610601,0.799605,0.001765,0.030487
1.629894,0.798005,0.001827,0.030486
1.649522,0.796882,0.001768,0.030740
1.669017,0.795505,0.001767,0.030702
1.688823,0.794445,0.001882,0.030991
1.709189,0.792859,0.001858,0.030666
1.729688,0.791336,0.001832,0.030830
1.750185,0.790291,0.001719,0.030974
1.770775,0.789159,0.001863,0.030668
1.792175,0.787745,0.001824,0.030665
1.813346,0.786305,0.001843,0.030953
1.835203,0.785327,0.001821,0.030914
1.857007,0.784059,0.001854,0.030958
1.879268,0.782695,0.001878,0.030830
1.901372,0.781555,0.001830,0.031310
1.924312,0.780441,0.001863,0.031634
1.947071,0.779377,0.001817,0.031722
1.970411,0.777859,0.001849,0.031857
1.993919,0.777000,0.001894,0.031930
2.017528,0.776482,0.001828,0.032019
2.041959,0.775632,0.001823,0.031837
2.066086,0.774505,0.001963,0.031997
2.090618,0.773409,0.001879,0.032234
2.115635,0.772668,0.001844,0.031772
2.140821,0.771668,0.001901,0.031826
2.166423,0.770405,0.001855,0.032271
2.192269,0.769491,0.001916,0.032346
2.218258,0.767882,0.001944,0.032654
2.244869,0.766591,0.001826,0.032328
2.271432,0.765382,0.001873,0.032518
2.298447,0.764341,0.001901,0.032123
2.326096,0.763105,0.001939,0.031766
2.353685,0.762073,0.001986,0.032240
2.382034,0.760968,0.001908,0.032277
2.410099,0.759809,0.001851,0.033138
2.438964,0.758968,0.001955,0.032728
2.468172,0.757850,0.001881,0.033102
2.497516,0.756827,0.001943,0.033094
2.527343,0.755500,0.001872,0.033626
2.557487,0.753827,0.001970,0.033810
2.587830,0.752732,0.002007,0.034037
2.618767,0.751377,0.001879,0.034363
2.650048,0.749868,0.001977,0.033769
2.681641,0.748691,0.001898,0.034180
2.713746,0.747764,0.001964,0.034123
2.745932,0.746418,0.001951,0.034552
2.778725,0.744827,0.002003,0.035025
2.812027,0.743227,0.001928,0.034863
2.845514,0.742105,0.001934,0.035407
2.879361,0.741009,0.001931,0.035412
2.913737,0.739464,0.001977,0.035549
2.948668,0.737736,0.001990,0.036294
2.983643,0.736477,0.002048,0.036421
3.019262,0.734855,0.002000,0.037307
3.055242,0.733286,0.002060,0.036871
3.091891,0.731723,0.002049,0.037570
3.128552,0.731023,0.001965,0.037951
3.165819,0.729127,0.002092,0.038186
3.203663,0.727341,0.002020,0.038268
3.241714,0.726523,0.002010,0.038474
3.280543,0.725727,0.002040,0.038962
3.319647,0.724773,0.001967,0.039356
3.359344,0.723105,0.002060,0.039345
3.399410,0.721614,0.001991,0.039387
3.439897,0.720082,0.001970,0.039446
3.481035,0.719518,0.002082,0.039619
3.522635,0.718295,0.002039,0.039971
3.564704,0.716936,0.001959,0.039691
3.607280,0.715691,0.002036,0.039711
3.650002,0.714600,0.002090,0.039426
3.693520,0.713177,0.001957,0.039697
3.737680,0.712014,0.002093,0.039642
3.782346,0.710873,0.002015,0.039767
3.827472,0.709909,0.002028,0.039941
3.873112,0.709159,0.002078,0.041051
3.919424,0.707941,0.002122,0.041616
3.965938,0.706450,0.002027,0.041189
4.013398,0.705109,0.002073,0.041572
4.061134,0.704136,0.002130,0.042148
4.109650,0.702300,0.002073,0.041434
4.158718,0.701150,0.002130,0.040591
4.208408,0.701427,0.002053,0.040731
4.258664,0.700405,0.002106,0.040264
4.309315,0.699259,0.002090,0.040663
4.360771,0.698014,0.002076,0.040893
4.412901,0.697100,0.002105,0.041014
4.465577,0.696736,0.002158,0.041403
4.518824,0.695064,0.002079,0.041174
4.572746,0.693691,0.002116,0.041370
4.627336,0.692332,0.002140,0.041718
4.682574,0.691555,0.002036,0.041486
4.738250,0.690682,0.002123,0.041753
4.794739,0.689514,0.002109,0.042068
4.852229,0.688536,0.002062,0.042407
4.910125,0.687264,0.002138,0.042398
4.968656,0.686250,0.002173,0.042760
5.027699,0.684527,0.002156,0.042391
5.087738,0.683968,0.002235,0.042674
5.148621,0.682545,0.002159,0.042272
5.209986,0.682300,0.002128,0.042524
5.272076,0.681336,0.002203,0.041996
5.335169,0.680532,0.002075,0.042036
5.398613,0.679941,0.002116,0.041973
5.463342,0.678559,0.002149,0.041622
5.528450,0.677500,0.002116,0.041722
5.594331,0.676523,0.002180,0.042215
5.661210,0.675282,0.002172,0.041627
5.728597,0.674409,0.002248,0.041883
5.796881,0.673600,0.002177,0.042262
5.866068,0.673186,0.002116,0.042653
5.936394,0.670805,0.002126,0.042443
6.007167,0.669400,0.002165,0.041987
6.078576,0.668768,0.002221,0.041755
6.151232,0.666973,0.002200,0.042071
6.224805,0.665391,0.002211,0.042119
6.299026,0.663945,0.002164,0.041629
6.373984,0.663250,0.002186,0.042135
6.449971,0.661577,0.002162,0.042508
6.527228,0.661336,0.002224,0.042940
6.605191,0.659900,0.002190,0.043165
6.683990,0.658745,0.002269,0.043765
6.763817,0.657577,0.002290,0.043776
6.844515,0.657209,0.002253,0.044708
6.925992,0.656132,0.002232,0.044461
7.008651,0.654186,0.002213,0.044460
7.092491,0.653682,0.002242,0.044261
7.177027,0.652391,0.002257,0.044368
7.262924,0.651341,0.002270,0.043863
7.349456,0.649409,0.002212,0.043072
7.437078,0.648695,0.002223,0.043614
7.525928,0.648295,0.002296,0.043685
7.615720,0.647164,0.002289,0.043899
7.706583,0.646314,0.002256,0.043993
7.798695,0.644673,0.002247,0.044975
7.891781,0.643955,0.002208,0.046077
7.985799,0.642327,0.002336,0.046875
8.081375,0.641464,0.002253,0.045909
8.177695,0.640827,0.002312,0.046039
8.275151,0.640491,0.002335,0.046215
8.373848,0.639818,0.002319,0.045773
8.473913,0.638827,0.002216,0.045055
8.575074,0.637632,0.002344,0.044228
8.677601,0.635605,0.002328,0.043433
8.781042,0.634800,0.002339,0.043278
8.885677,0.633491,0.002354,0.043898
8.991983,0.632409,0.002402,0.044832
9.099106,0.632141,0.002345,0.044944
9.207818,0.630482,0.002272,0.045994
9.317676,0.629145,0.002331,0.045367
9.428728,0.628655,0.002442,0.046022
9.541434,0.626973,0.002340,0.046851
9.655093,0.625573,0.002334,0.047250
9.770428,0.625391,0.002321,0.047391
9.886941,0.625795,0.002329,0.048738
10.005113,0.623264,0.002334,0.047684
10.124683,0.621182,0.002404,0.047171
10.245575,0.621573,0.002386,0.047555
10.367662,0.620782,0.002457,0.047794
10.491238,0.620023,0.002315,0.047609
10.616883,0.618705,0.002413,0.047992
10.743404,0.617491,0.002396,0.048399
10.871577,0.616127,0.002356,0.049127
11.001483,0.614359,0.002494,0.049899
11.132620,0.613409,0.002333,0.048683
11.266013,0.612150,0.002393,0.047859
11.400113,0.610564,0.002427,0.047219
11.536256,0.609105,0.002449,0.047026
11.673938,0.608032,0.002407,0.046884
11.813327,0.607173,0.002400,0.046804
11.954431,0.606445,0.002329,0.046529
12.097210,0.606705,0.002440,0.047234
12.241388,0.606150,0.002372,0.046892
12.387614,0.606691,0.002428,0.047362
12.535363,0.604941,0.002433,0.047972
12.685248,0.603223,0.002385,0.047742
12.836466,0.601105,0.002434,0.047697
12.989689,0.600164,0.002485,0.047509
13.144776,0.599955,0.002379,0.049051
13.301662,0.598650,0.002381,0.049447
13.460342,0.597514,0.002399,0.049611
13.621186,0.597664,0.002392,0.049964
13.783689,0.597041,0.002373,0.049272
13.948241,0.596482,0.002379,0.048361
14.114823,0.595318,0.002573,0.048603
14.283131,0.594009,0.002513,0.047093
14.453699,0.593159,0.002506,0.048766
14.626271,0.592295,0.002526,0.048256
14.800912,0.591264,0.002550,0.049188
14.977627,0.589691,0.002551,0.050644
15.156218,0.588000,0.002474,0.050387
15.337097,0.587050,0.002592,0.050321
15.520470,0.585768,0.002439,0.049358
15.705903,0.585732,0.002503,0.049312
15.893011,0.585386,0.002478,0.049832
16.082843,0.584945,0.002602,0.048550
16.274754,0.582705,0.002483,0.048259
16.469308,0.580768,0.002611,0.047551
16.665844,0.578623,0.002397,0.048380
16.864728,0.577518,0.002653,0.049441
17.065886,0.577200,0.002578,0.049578
17.269801,0.576300,0.002606,0.049992
17.476040,0.575168,0.002498,0.050557
17.684544,0.574655,0.002598,0.051088
17.895777,0.574500,0.002526,0.051078
18.109254,0.574732,0.002493,0.050582
18.325500,0.573977,0.002652,0.050621
18.544145,0.572105,0.002532,0.049695
18.765776,0.572882,0.002583,0.050036
18.989644,0.573268,0.002504,0.050345
19.216379,0.571355,0.002681,0.050534
19.445740,0.570118,0.002578,0.050093
19.678064,0.569873,0.002526,0.050508
19.912675,0.569218,0.002632,0.050992
20.150600,0.568673,0.002518,0.050677
20.391099,0.568718,0.002462,0.051254
20.634429,0.567968,0.002479,0.052601
20.880823,0.568014,0.002581,0.051767
21.129995,0.566977,0.002632,0.052469
21.382287,0.566350,0.002610,0.054817
21.637422,0.566150,0.002552,0.053999
21.896034,0.565405,0.002523,0.054492
22.157408,0.563936,0.002661,0.054086
22.422043,0.563818,0.002701,0.054258
22.689561,0.561636,0.002710,0.054509
22.960390,0.559095,0.002696,0.054049
23.234308,0.557995,0.002726,0.052903
23.511906,0.555018,0.002583,0.053755
23.792526,0.553232,0.002706,0.053605
24.076855,0.553036,0.002842,0.053457
24.364186,0.552095,0.002812,0.052901
24.654834,0.551395,0.002715,0.053774
24.949253,0.551764,0.002774,0.053784
25.247133,0.551591,0.002719,0.052615
25.548583,0.551555,0.002659,0.053633
25.853603,0.551564,0.002731,0.054378
26.162312,0.552464,0.002668,0.053987
26.474665,0.551527,0.002649,0.054773
26.790396,0.549445,0.002774,0.055278
27.110249,0.546159,0.002784,0.055529
27.434215,0.546064,0.002719,0.058259
27.761650,0.546377,0.002807,0.057972
28.092902,0.545268,0.002790,0.058274
28.428339,0.545623,0.002806,0.057469
28.767804,0.546118,0.002692,0.055818
29.111365,0.543664,0.002673,0.056312
29.459146,0.541550,0.002827,0.057357
29.810784,0.540727,0.002821,0.058047
30.166388,0.539673,0.002817,0.057206
30.526608,0.536095,0.002839,0.059177
30.891202,0.536982,0.002758,0.057955
31.259815,0.537068,0.002878,0.055712
31.633082,0.535382,0.002840,0.053099
32.010776,0.535541,0.002743,0.055280
32.392572,0.533418,0.002819,0.055456
32.779512,0.532309,0.002857,0.054590
33.171061,0.531586,0.002918,0.057483
33.566822,0.530350,0.002758,0.060230
33.967809,0.531873,0.002780,0.061561
34.373395,0.532200,0.002895,0.058793
34.783462,0.532364,0.002838,0.059036
35.198699,0.531250,0.002728,0.060513
35.619058,0.530618,0.002744,0.060087
36.044384,0.530750,0.003016,0.060368
36.474885,0.530909,0.002790,0.061634
36.910094,0.529127,0.002795,0.061997
37.350950,0.529450,0.003026,0.063169
37.796880,0.529695,0.002861,0.063745
38.247868,0.527877,0.002775,0.064069
38.704729,0.528536,0.002868,0.061895
39.166513,0.527141,0.002887,0.061203
39.634324,0.527641,0.002812,0.059646
40.107817,0.525995,0.002804,0.059630
40.586321,0.524786,0.002713,0.059467
41.071105,0.523523,0.002805,0.058544
41.561350,0.522477,0.002687,0.058009
42.057381,0.523500,0.002726,0.058316
42.559676,0.522082,0.002747,0.059881
43.067650,0.519582,0.002948,0.060791
43.581949,0.519036,0.002869,0.060998
44.102292,0.518759,0.002799,0.060949
44.628925,0.519632,0.002863,0.062950
45.161730,0.518732,0.002869,0.061831
45.700767,0.519182,0.002835,0.062091
46.246479,0.517836,0.002830,0.061891
46.798854,0.516041,0.002983,0.062714
47.357303,0.516027,0.002874,0.062302
47.922991,0.515959,0.002926,0.063547
48.495351,0.515409,0.003059,0.064022
49.073856,0.514773,0.002863,0.062107
49.660011,0.514982,0.003056,0.063138
50.252792,0.513577,0.002939,0.062760
50.852715,0.512618,0.002984,0.061702
51.459723,0.515827,0.002835,0.060499
52.074405,0.515627,0.003064,0.061588
52.696101,0.512827,0.002932,0.061927
53.325224,0.512241,0.002947,0.060457
53.961774,0.511291,0.003055,0.061429
54.606131,0.512018,0.002944,0.058249
55.258058,0.511818,0.002851,0.060079
55.917779,0.507609,0.002872,0.058741
56.585270,0.507141,0.003077,0.058694
57.261248,0.505182,0.003023,0.059347
57.944840,0.504123,0.003105,0.059029
58.636693,0.503364,0.002984,0.060862
59.336547,0.504418,0.003143,0.059899
60.045146,0.504195,0.002975,0.060229
60.761915,0.504155,0.003036,0.062322
61.487615,0.505500,0.003067,0.063914
62.221635,0.502882,0.003067,0.064572
62.964526,0.501968,0.003048,0.063678
63.716157,0.500705,0.003118,0.063131
64.477000,0.501264,0.003063,0.062482
65.247054,0.500614,0.003009,0.063509
66.025673,0.500550,0.002898,0.063763
66.814169,0.497182,0.003092,0.063633
67.611771,0.499155,0.003009,0.064194
68.419131,0.498691,0.003084,0.063776
69.235861,0.496723,0.003144,0.062753
70.062739,0.495268,0.003073,0.063490
70.899190,0.498586,0.003094,0.063421
71.745440,0.498264,0.002973,0.062864
72.602290,0.499782,0.002964,0.063291
73.469124,0.496418,0.003149,0.060575
74.346254,0.496350,0.003021,0.061801
75.233926,0.493432,0.003010,0.059940
76.132250,0.492509,0.003054,0.062150
77.041369,0.491186,0.003128,0.060468
77.961223,0.490632,0.003018,0.061036
78.891975,0.491909,0.003021,0.061446
79.833855,0.490418,0.002987,0.061300
80.787102,0.490727,0.003096,0.062444
81.751904,0.489282,0.003026,0.061633
82.727884,0.486723,0.003194,0.061575
83.715572,0.488600,0.003037,0.061351
84.714968,0.485909,0.002994,0.061817
85.726509,0.485018,0.003136,0.060761
86.750243,0.484486,0.003170,0.063938
87.785818,0.482450,0.003191,0.064255
88.833934,0.483023,0.003130,0.067035
89.894617,0.482205,0.003284,0.065878
90.968245,0.482355,0.003066,0.065838
92.053872,0.485695,0.003234,0.065701
93.153163,0.483768,0.003124,0.067504
94.265231,0.484555,0.002994,0.066272
95.390675,0.480400,0.003301,0.064462
96.529813,0.478636,0.003149,0.065089
97.682155,0.480591,0.003191,0.066211
98.848743,0.479859,0.003179,0.067466
100.028868,0.479427,0.003261,0.069649
101.223472,0.476786,0.003179,0.068098
102.431924,0.475614,0.003116,0.070291
103.654817,0.474386,0.003247,0.072067
104.892322,0.475323,0.003331,0.072894
106.144982,0.475464,0.003220,0.072202
107.412234,0.474232,0.003223,0.072040
108.694538,0.474273,0.003171,0.071794
109.992488,0.473609,0.003123,0.073130
111.305635,0.470700,0.003447,0.074050
112.634722,0.472218,0.003353,0.075373
113.979586,0.472800,0.003488,0.075083
115.340277,0.473155,0.003470,0.076731
116.717534,0.471618,0.003549,0.076425
118.110796,0.467868,0.003249,0.076154
119.521298,0.466495,0.003425,0.076656
120.948560,0.465214,0.003343,0.074364
122.392753,0.463955,0.003311,0.075906
123.853710,0.463305,0.003264,0.076872
125.332709,0.464818,0.003267,0.076161
126.828889,0.462368,0.003526,0.075432
128.343357,0.463736,0.003324,0.077074
129.875759,0.462300,0.003486,0.078274
131.426514,0.462518,0.003437,0.076352
132.995860,0.461136,0.003513,0.074468
134.583733,0.460386,0.003502,0.073379
136.190403,0.461505,0.003332,0.073522
137.817102,0.459645,0.003367,0.073188
139.462085,0.462795,0.003334,0.073400
141.127467,0.459700,0.003564,0.077030
142.812234,0.459509,0.003382,0.074472
144.517663,0.457109,0.003487,0.073743
146.243328,0.456432,0.003347,0.076225
147.989598,0.458127,0.003612,0.078257
149.756555,0.455991,0.003647,0.077598
151.544361,0.457755,0.003542,0.076329
153.353778,0.457518,0.003680,0.076846
155.184994,0.454945,0.003639,0.076080
157.037913,0.452927,0.003473,0.076863
158.912666,0.453432,0.003445,0.077291
160.809847,0.453305,0.003403,0.076535
162.729976,0.453786,0.003514,0.077259
164.673326,0.454123,0.003743,0.075923
166.639287,0.454168,0.003539,0.076328
168.628942,0.452800,0.003424,0.074667
170.642451,0.455718,0.003621,0.074698
172.679773,0.454173,0.003685,0.076621
174.741968,0.453700,0.003662,0.077251
176.827941,0.450050,0.003498,0.075491
178.939468,0.451595,0.003713,0.073517
181.075682,0.452691,0.003397,0.075044
183.238197,0.453118,0.003607,0.076540
185.425822,0.450855,0.003478,0.076658
187.639848,0.450941,0.003565,0.076540
189.880348,0.451173,0.003557,0.081034
192.147244,0.452032,0.003535,0.078860
194.441591,0.452900,0.003523,0.079748
196.763324,0.453286,0.003361,0.079407
199.112820,0.454909,0.003561,0.080772
201.489905,0.452368,0.003639,0.081007
203.895897,0.452895,0.003625,0.081124
206.330674,0.451718,0.003791,0.081320
208.793883,0.448841,0.003668,0.079307
211.287102,0.449355,0.003683,0.078738
213.809741,0.447450,0.003686,0.078137
216.362767,0.443505,0.003780,0.078582
218.945978,0.442832,0.003541,0.077027
221.560218,0.441923,0.003530,0.080183
224.206234,0.441814,0.003887,0.081478
226.882934,0.448095,0.003929,0.082256
229.591512,0.443482,0.003694,0.085041
232.332814,0.445809,0.003526,0.084297
235.107073,0.449068,0.003690,0.084294
237.914330,0.448936,0.003820,0.085857
240.755169,0.442873,0.003656,0.082386
243.629615,0.443782,0.003531,0.084310
246.538346,0.444200,0.003599,0.082500
249.482010,0.446718,0.003666,0.080637
252.460976,0.448836,0.003682,0.082579
255.475536,0.443650,0.003883,0.079563
258.525619,0.447414,0.003625,0.079826
261.612397,0.445145,0.003829,0.078402
264.736091,0.447773,0.003351,0.079737
267.896974,0.446432,0.003601,0.077549
271.095827,0.448145,0.003646,0.079133
274.332774,0.448114,0.003696,0.080112
277.608596,0.444818,0.003885,0.079065
280.923139,0.445414,0.003411,0.076872
284.277104,0.446305,0.003600,0.080253
287.671612,0.445395,0.003791,0.079131
291.106462,0.446414,0.003870,0.079601
294.582744,0.443336,0.003789,0.080210
298.099741,0.445945,0.003687,0.079637
301.659071,0.448650,0.003661,0.080888
305.260673,0.445364,0.003714,0.081138
308.905611,0.447655,0.003670,0.082494
312.593829,0.445168,0.003913,0.084653
316.326654,0.442509,0.003904,0.082618
320.103097,0.440982,0.003620,0.083228
323.925697,0.441645,0.003594,0.083209
327.793378,0.441714,0.003723,0.080174
331.707279,0.445564,0.003744,0.080038
335.667613,0.446205,0.003718,0.078444
339.675795,0.446009,0.003721,0.077103
343.731363,0.444105,0.003506,0.077230
347.835582,0.442077,0.003697,0.079020
351.988619,0.443036,0.003955,0.080697
356.191557,0.442395,0.003615,0.083850
360.444221,0.445586,0.003641,0.085424
364.748276,0.443568,0.003929,0.082330
369.103614,0.445091,0.003658,0.084374
373.510631,0.443645,0.003616,0.083691
377.970214,0.446418,0.003854,0.082990
382.482964,0.446477,0.003691,0.079667
387.050574,0.447514,0.003915,0.083923
391.671469,0.446286,0.003642,0.082546
396.348432,0.443877,0.003758,0.081472
401.080772,0.444950,0.003650,0.082276
405.869653,0.441595,0.003955,0.082029
410.715919,0.439582,0.003824,0.081917
415.619988,0.442936,0.003819,0.083405
420.582185,0.442182,0.003746,0.084495
425.604361,0.442686,0.003789,0.082362
430.686244,0.443505,0.004136,0.080593
435.828473,0.442400,0.004003,0.082116
441.032799,0.438645,0.003994,0.084351
446.298696,0.434500,0.004195,0.084443
451.627293,0.437264,0.004318,0.087141
457.020124,0.433523,0.004136,0.084609
462.476704,0.437859,0.004592,0.083058
467.998858,0.437950,0.005058,0.084222
473.586940,0.434027,0.004055,0.086397
479.241730,0.435427,0.008150,0.085653
484.963895,0.436918,0.004995,0.088364
490.754425,0.435432,0.005017,0.087352
496.614547,0.432082,0.003978,0.085831
502.544119,0.432495,0.006696,0.085956
508.544277,0.434923,0.004317,0.087655
514.616341,0.432459,0.004293,0.090182
520.761141,0.430855,0.005254,0.084913
526.979219,0.427041,0.004604,0.087950
533.271365,0.430432,0.004237,0.084839
539.638652,0.433818,0.003946,0.086625
546.082025,0.434550,0.003764,0.086847
552.602268,0.438023,0.005187,0.087563
559.200347,0.436923,0.003869,0.088138
565.877214,0.436391,0.003925,0.087029
572.633469,0.437232,0.003618,0.090735
579.471523,0.436250,0.003903,0.087147
586.390228,0.438145,0.004117,0.087115
593.392003,0.437727,0.004765,0.090576
600.477094,0.435645,0.004245,0.088371
607.646798,0.434182,0.003935,0.086920
614.902504,0.434914,0.004099,0.086956
622.244798,0.435186,0.004448,0.090788
629.674424,0.431618,0.004019,0.089610
637.192749,0.433905,0.004595,0.089713
644.800739,0.437814,0.004164,0.091555
652.499932,0.434091,0.004700,0.088312
660.290904,0.431418,0.005764,0.088862
668.175017,0.430750,0.004461,0.087682
676.153028,0.432968,0.004270,0.088315
684.226637,0.434868,0.006000,0.087454
692.396212,0.429582,0.004538,0.086995
700.663706,0.430514,0.004675,0.086598
709.030383,0.430873,0.006249,0.086699
717.495575,0.434382,0.004345,0.086682
726.063067,0.434223,0.005304,0.086935
734.732384,0.432959,0.004310,0.084974
743.505071,0.434227,0.003986,0.083459
752.382729,0.431905,0.003773,0.087049
761.366545,0.431832,0.005543,0.090539
770.457591,0.436659,0.004589,0.087270
779.656454,0.432245,0.004280,0.084963
788.965883,0.431745,0.004518,0.090380
798.386318,0.433873,0.004403,0.089249
807.919381,0.428200,0.003923,0.084212
817.566108,0.430382,0.004237,0.088492
827.328162,0.431109,0.005132,0.087175
837.206611,0.425914,0.005325,0.089593
847.202868,0.428314,0.004031,0.087496
857.319125,0.430927,0.003837,0.085935
867.555826,0.423732,0.004507,0.086140
877.914158,0.429018,0.003985,0.087042
888.396778,0.428636,0.004180,0.085180
899.004393,0.429141,0.004643,0.084177
909.738692,0.427223,0.004359,0.084563
920.601118,0.429882,0.003827,0.087488
931.593436,0.432268,0.003843,0.089333
942.716791,0.428868,0.004604,0.084454
953.973348,0.429609,0.003950,0.084437
965.363960,0.427850,0.003792,0.083500
976.890922,0.430895,0.003927,0.083399
988.554629,0.430200,0.003681,0.083763
1000.358441,0.432264,0.003611,0.084644
1012.303170,0.426818,0.004050,0.084098
1024.390098,0.425173,0.003940,0.088041
1036.621416,0.429091,0.004136,0.091060
1048.999030,0.424323,0.003896,0.090172
1061.524764,0.422527,0.004475,0.091344
1074.199018,0.429345,0.003851,0.087901
1087.025604,0.426323,0.004024,0.092278
1100.005031,0.421118,0.003930,0.088524
1113.139496,0.426873,0.004746,0.088526
1126.430514,0.423191,0.004154,0.086505
1139.880325,0.425277,0.004021,0.084663
1153.490899,0.425782,0.003851,0.088899
1167.263759,0.425036,0.004100,0.086780
1181.201308,0.427014,0.003864,0.080005
1195.305279,0.430827,0.003644,0.079989
1209.577107,0.427318,0.003893,0.085482
1224.019613,0.431214,0.003995,0.084888
1238.634511,0.432900,0.003710,0.087226
1253.424563,0.431695,0.003824,0.086852
1268.390569,0.428764,0.003728,0.085002
1283.535820,0.428909,0.003724,0.083273
1298.861591,0.428100,0.003777,0.085760
1314.370157,0.429073,0.003968,0.081621
1330.064315,0.426818,0.003644,0.083434
1345.945218,0.428432,0.003701,0.082307
1362.016546,0.430155,0.004030,0.083788
1378.279112,0.426700,0.003887,0.085171
1394.735990,0.431059,0.003896,0.083637
1411.389615,0.431682,0.004007,0.085701
1428.242230,0.427959,0.004441,0.089098
1445.295987,0.430259,0.004128,0.087979
1462.552732,0.429814,0.003767,0.085464
1480.016179,0.431105,0.004089,0.084718
1497.688198,0.433373,0.003868,0.086524
1515.570712,0.430991,0.003792,0.086697
1533.667387,0.435055,0.003889,0.087237
1551.979567,0.433864,0.003886,0.084844
1570.511175,0.432323,0.003943,0.083995
1589.262922,0.439145,0.003963,0.083017
1608.239383,0.434323,0.004016,0.086200
1627.442202,0.431714,0.003890,0.080869
1646.874168,0.431073,0.004165,0.090259
1666.538430,0.429064,0.003983,0.085889
1686.437377,0.432250,0.004013,0.089453
1706.573946,0.427495,0.004013,0.087177
1726.951039,0.425982,0.003867,0.083907
1747.570882,0.430727,0.003709,0.086005
1768.437426,0.429300,0.003986,0.084505
1789.553202,0.432745,0.004069,0.085022
1810.920892,0.429259,0.003670,0.083067
1832.544095,0.429550,0.004000,0.087389
1854.425009,0.428586,0.004203,0.083927
-nan,-nan,-nan,-nan
1898.974454,0.431464,0.004009,0.084771
1921.648365,0.425218,0.003923,0.089290
1944.593406,0.421341,0.004230,0.082177
1967.812823,0.423036,0.008580,0.092133
-nan,-nan,-nan,-nan
2015.085620,0.414873,0.004441,0.086061
2039.146743,0.420759,0.005003,0.091549
2063.494539,0.422564,0.004193,0.091201
2088.132814,0.427909,0.004157,0.092151
2113.066023,0.424445,0.003898,0.086219
2138.296702,0.421827,0.004622,0.094650
2163.828828,0.413477,0.004232,0.088779
2189.665332,0.417818,0.004465,0.093554
2215.810242,0.417923,0.004328,0.095545
2242.267952,0.423782,0.004215,0.088457
2269.041236,0.428982,0.004348,0.090140
2296.133425,0.428236,0.003701,0.089954
2323.550925,0.421782,0.004582,0.091252
2351.294681,0.426877,0.004111,0.087831
2379.369519,0.427077,0.004041,0.088563
2407.779846,0.427286,0.003911,0.090289
2436.529500,0.427345,0.004168,0.086700
2465.622159,0.430009,0.003915,0.090185
2495.062890,0.427077,0.003795,0.085620
2524.854370,0.424736,0.003898,0.083706
2555.001945,0.431314,0.003653,0.089166
2585.509282,0.430968,0.004107,0.089179
2616.381133,0.428055,0.004107,0.090240
2647.621585,0.425423,0.004202,0.089875
2679.235039,0.430241,0.004132,0.086956
2711.225904,0.434482,0.003935,0.090129
2743.598725,0.424164,0.004089,0.090724
2776.358076,0.424395,0.003978,0.091261
2809.508496,0.421859,0.003785,0.083687
2843.054789,0.424709,0.003910,0.084353
2877.001872,0.428564,0.003777,0.086435
2911.354050,0.423959,0.003884,0.085086
2946.116676,0.425573,0.003989,0.086123
2981.294179,0.428582,0.004191,0.086586
3016.891658,0.424568,0.003855,0.085238
3052.914453,0.425959,0.004221,0.087154
3089.366784,0.423227,0.004100,0.087624
3126.254888,0.428641,0.004046,0.091698
3163.583396,0.425591,0.004026,0.090904
3201.357458,0.422395,0.004166,0.087916
3239.582466,0.428950,0.003875,0.087451
3278.264336,0.426595,0.003845,0.088739
3317.407713,0.428418,0.004084,0.088309
3357.018657,0.427868,0.003712,0.082251
3397.102377,0.421218,0.004009,0.086015
3437.664457,0.423841,0.004082,0.085592
3478.711677,0.427918,0.004154,0.086393
3520.248210,0.428868,0.003986,0.083588
3562.281274,0.425523,0.003887,0.087111
3604.815712,0.422795,0.003973,0.088612
3647.858180,0.426205,0.003886,0.085371
3691.415321,0.426805,0.003997,0.085202
3735.491526,0.431536,0.004099,0.085866
3780.094360,0.429759,0.003843,0.082477
3825.230421,0.420736,0.004161,0.087858
3870.904522,0.419827,0.004213,0.090622
3917.124341,0.422709,0.004045,0.085781
3963.896109,0.425491,0.004018,0.084145
4011.226136,0.427632,0.003938,0.086241
4059.121414,0.428032,0.004212,0.086496
4107.588651,0.421814,0.004302,0.088284
4156.634569,0.424159,0.004117,0.087214
4206.265892,0.427809,0.004110,0.088548
4256.490735,0.419664,0.006498,0.096830
4307.314229,0.414850,0.005610,0.087285
4358.744604,0.421723,0.004306,0.087980
4410.788952,0.424536,0.004275,0.092069
4463.455390,0.423950,0.004431,0.093239
4516.750610,0.424432,0.004975,0.091031
4570.682019,0.420727,0.004160,0.084839
4625.257214,0.415709,0.004223,0.089778
4680.484215,0.424818,0.004105,0.093920
4736.370395,0.428164,0.003904,0.090442
4792.923819,0.419495,0.004022,0.090788
4850.153271,0.424986,0.003687,0.093299
4908.065534,0.425636,0.003930,0.089336
4966.669477,0.424709,0.003887,0.085138
5025.972793,0.427755,0.003866,0.085749
5085.984211,0.434305,0.003612,0.085665
5146.712472,0.430895,0.003895,0.084964
5208.166139,0.427327,0.003988,0.083543
5270.352945,0.422914,0.003915,0.089792
5333.283076,0.428214,0.003915,0.085410
5396.964351,0.425595,0.004088,0.088064
5461.405612,0.422123,0.004445,0.089717
5526.616189,0.425755,0.004365,0.084612
5592.605971,0.423609,0.003940,0.084553
5659.383497,0.422773,0.004076,0.087601
5726.957797,0.421264,0.003820,0.084278
5795.339375,0.428968,0.003757,0.083818
5864.537655,0.425868,0.003893,0.084587
5934.562126,0.428386,0.004132,0.086959
6005.422721,0.423845,0.004203,0.089742
6077.129269,0.428700,0.004109,0.084261
6149.692395,0.429718,0.004075,0.089176
6223.121224,0.422686,0.004020,0.081427
6297.427457,0.426555,0.003876,0.085658
6372.620860,0.429768,0.004354,0.083629
6448.711657,0.423145,0.003898,0.089178
6525.710983,0.429059,0.004132,0.087504
6603.630586,0.430086,0.003935,0.089554
6682.479650,0.423545,0.003739,0.087761
6762.270651,0.429795,0.003837,0.087002
6843.014129,0.431736,0.003945,0.084833
6924.722105,0.429341,0.004279,0.091612
7007.405760,0.429005,0.004129,0.088829
7091.075844,0.431577,0.004211,0.088947
7175.745802,0.426345,0.004149,0.085496
7261.426328,0.418659,0.004244,0.083915
7348.129791,0.430659,0.003891,0.090451
7435.869014,0.427318,0.004074,0.088177
7524.655383,0.427927,0.004039,0.088508
7614.502392,0.423459,0.004155,0.081163
7705.422117,0.416845,0.004241,0.085666
7797.427049,0.425718,0.004309,0.087990
7890.531050,0.420945,0.004093,0.085178
7984.746406,0.429327,0.003951,0.091114
8080.086598,0.428559,0.003845,0.088323
8176.565696,0.421441,0.004289,0.087202
8274.196080,0.421632,0.003952,0.089308
8372.992628,0.419095,0.003806,0.089195
8472.968868,0.423386,0.004049,0.089628
8574.138736,0.421395,0.003942,0.085672
8676.516376,0.429041,0.003870,0.091684
8780.117080,0.428909,0.004085,0.091803
8884.954152,0.428923,0.004017,0.086614
8991.043502,0.420750,0.004319,0.088807
9098.399628,0.428982,0.004140,0.089090
9207.037418,0.427014,0.003802,0.083579
9316.972178,0.432668,0.003806,0.084819
9428.219735,0.432532,0.004071,0.087020
9540.795775,0.427927,0.004487,0.089472
9654.715992,0.426632,0.004616,0.090153
9769.996158,0.425777,0.004213,0.090069
9886.653006,0.430359,0.003980,0.085826
10004.702793,0.432305,0.004597,0.089571
10124.162016,0.427695,0.004222,0.090085
10245.047611,0.427041,0.003999,0.084379
10367.376713,0.427609,0.003827,0.085295
10491.166458,0.425936,0.004269,0.089661
10616.434774,0.430523,0.004021,0.092515
10743.197879,0.420627,0.003872,0.083409
10871.475379,0.425909,0.003823,0.088110
11001.284092,0.430714,0.004199,0.087152
11132.642842,0.430850,0.003819,0.082098
11265.569978,0.429886,0.003762,0.087733
11400.084989,0.419341,0.004372,0.087300
11536.205455,0.422295,0.004314,0.090542
11673.951300,0.424559,0.003997,0.083394
11813.342254,0.421745,0.004019,0.091871
11954.397381,0.426068,0.006452,0.091799
12096.941091,0.429168,3.729889,0.095425
12241.580159,0.429517,0.004186,0.090552
12387.748582,0.430948,0.004330,0.089973
12535.661984,0.427794,0.004281,0.089084
12685.342175,0.423450,0.004381,0.092959
12836.808598,0.420378,0.003952,0.091534
12990.084784,0.429385,0.004008,0.087155
13145.190211,0.419954,0.004712,0.087337
13302.147580,0.418514,0.004132,0.088135
13460.979481,0.429435,0.004071,0.085024
13621.707997,0.429152,0.003872,0.078627
13784.355522,0.422607,0.003879,0.087564
13948.945072,0.421955,0.004004,0.085818
14115.499668,0.438861,0.003860,0.084960
14284.043636,0.432425,0.004067,0.081846
14454.599498,0.436964,0.005003,0.088838
14627.192312,0.427780,0.004143,0.086477
14801.845834,0.424157,0.004305,0.090336
14978.584036,0.431714,0.004193,0.088822
15157.433092,0.432252,0.004085,0.081951
15338.418025,0.429727,0.003940,0.087355
15521.563370,0.427830,0.004350,0.084766
15706.895991,0.427539,0.004030,0.089486
15894.441019,0.426308,0.004041,0.084307
16084.225776,0.434654,0.004340,0.087484
16276.276624,0.425419,0.004118,0.088725
16470.620578,0.424129,0.003654,0.085922
16667.285163,0.433432,0.004034,0.080430
16866.297974,0.429407,0.004093,0.092267
17067.686660,0.430178,0.003703,0.085548
17271.480105,0.426864,0.003821,0.087506
17477.707438,0.426609,0.003782,0.085069
17686.396923,0.423842,0.004085,0.086895
17897.578309,0.428601,0.004632,0.090342
18111.281069,0.429339,0.004122,0.086969
18327.535611,0.426057,0.004200,0.093343
18546.372366,0.430570,0.006000,0.091699
18767.821864,0.425556,0.004136,0.090887
18991.915611,0.422284,0.004333,0.091584
19218.684568,0.426272,0.004271,0.087625
19448.162482,0.428870,0.004264,0.087083
19680.379449,0.429804,0.004312,0.086512
19915.369999,0.426522,0.004158,0.086892
20153.165627,0.424139,0.003719,0.088533
20393.800634,0.423418,0.004448,0.091098
20637.309260,0.426185,0.003937,0.084971
20883.725100,0.422083,0.003989,0.087571
21133.083620,0.418067,0.003571,0.086873
21385.419489,0.427224,0.004012,0.089784
21640.768421,0.424015,0.006084,0.089461
21899.165711,0.425223,0.003891,0.092339
22160.648765,0.425948,0.004278,0.091183
22425.254323,0.423833,0.004319,0.094559
22693.018815,0.427019,0.004236,0.086945
22963.980535,0.429034,0.003929,0.089520
23238.178328,0.417922,0.003588,0.088036
23515.649438,0.425871,0.004200,0.081990
23796.433765,0.427671,0.004026,0.084846
24080.570651,0.431896,0.004215,0.089335
24368.100454,0.428947,0.003703,0.087929
24659.063332,0.428541,0.005513,0.085057
24953.500547,0.427069,0.004632,0.087117
25251.453393,0.429480,0.004026,0.085264
25552.963626,0.423906,0.004285,0.086688
25857.772906,0.424088,5.762221,0.090826
26166.828173,0.423003,0.003703,0.086437
26479.268568,0.425777,0.004100,0.090436
26795.439813,0.417966,0.004312,0.093512
27115.385690,0.425878,0.004606,0.090471
27439.152085,0.423382,0.005144,0.088730
27766.784587,0.427665,0.005015,0.090496
28097.864325,0.423501,10.847527,0.090887
28433.831596,0.421909,0.003798,0.085983
28773.247711,0.431035,3.069220,0.088142
29116.903789,0.422530,0.003453,0.087592
29464.569502,0.425720,0.012835,0.086349
29816.385264,0.419010,0.004243,0.087322
30172.402400,0.434583,0.003967,0.082092
30532.670727,0.417562,0.003798,0.093824
30897.240467,0.424432,0.004071,0.085341
31266.163774,0.415885,0.004041,0.089902
31638.311355,0.427580,19.458910,0.088351
32017.277221,0.423993,0.004143,0.086806
32399.573357,0.430980,0.003782,0.082231
32786.435330,0.428247,0.004143,0.084789
33177.915899,0.422999,0.004606,0.091462
33574.070998,0.429517,0.004683,0.088396
33974.955964,0.430055,0.003555,0.090141
34380.627495,0.432944,0.004026,0.089327
34791.143991,0.421191,0.004759,0.091411
35206.561298,0.429085,0.003997,0.088233
35626.939131,0.427217,0.004114,0.092864
36052.335648,0.428155,0.004229,0.082857
36482.812393,0.419540,0.004367,0.091884
36918.407730,0.428395,0.400054,0.092375
37359.246629,0.428971,0.006138,0.086269
37805.327719,0.434253,0.003418,0.090200
38256.735851,0.425235,0.003967,0.085465
38713.533807,0.425743,0.003751,0.087012
39175.785785,0.421762,0.004422,0.094106
39643.370572,0.432417,6.130462,0.091039
40116.913802,0.425554,0.003814,0.081569
40595.923064,0.424012,0.004285,0.087980
41080.651239,0.427479,0.003621,0.087983
41571.167754,0.421560,0.004172,0.089044
42067.540424,0.425037,0.003751,0.083290
42569.840205,0.430794,0.003275,0.084343
43078.137913,0.429908,0.004085,0.090212
43592.504873,0.425125,0.003487,0.087502
44113.013462,0.424608,0.004759,0.086415
44639.736816,0.428061,0.004658,0.087247
45172.750315,0.423273,0.003049,0.090967
45712.126775,0.429557,0.004257,0.083405
46257.944524,0.430259,0.003164,0.092271
46810.279694,0.422318,0.005213,0.089163
47369.208960,0.429668,0.003453,0.087830
47934.812679,0.437442,0.003719,0.088352
48507.169903,0.426625,0.004257,0.088704
49086.361230,0.432410,0.003719,0.085745
49672.467993,0.421353,0.003164,0.091119
50265.573580,0.423181,0.004834,0.090989
50865.760806,0.423638,0.004632,0.094282
51473.114310,0.420642,0.004143,0.086057
52087.719176,0.433306,0.004683,0.083100
52709.663617,0.421514,0.004883,0.094439
53339.034590,0.421810,0.005900,0.095861
53975.919520,0.420180,0.003453,0.088812
54620.409266,0.423126,0.004475,0.092079
55272.594789,0.423910,0.005074,0.091959
55932.567119,0.427045,0.001196,0.085698
56600.420172,0.429090,0.002847,0.086585
57276.247213,0.425462,0.005694,0.087155
57960.144253,0.419488,0.007042,0.093140
58652.207245,0.424127,0.003967,0.088696
59352.533335,0.429418,0.004312,0.093008
60061.222083,0.421907,0.005074,0.089240
60778.371918,0.425933,0.003521,0.091358
61504.085517,0.421879,0.006478,0.093019
62238.463744,0.429958,0.002184,0.088679
62981.611378,0.421542,0.005349,0.087852
63733.632174,0.430420,0.002762,0.087895
64494.632170,0.421653,0.003164,0.085209
65264.406998,0.425563,10.258913,0.088939
66044.000955,0.419626,0.003906,0.091681
66832.587639,0.430887,0.004257,0.089331
67630.590142,0.416405,0.003088,0.084333
68438.121117,0.427828,0.003654,0.085515
69255.293987,0.428433,-nan,0.085239
70081.202161,0.424187,19.391912,0.090583
70919.029551,0.420936,0.005074,0.091696
71765.825400,0.422748,0.002930,0.089115
72622.732058,0.427637,0.004143,0.089748
73489.871506,0.420672,0.003654,0.092278
74367.363558,0.425505,0.004257,0.085786
75255.334531,0.424240,0.006551,0.084428
76153.907240,0.430996,0.004883,0.088229
77061.313137,0.421001,35.914305,0.090459
77983.369111,0.434526,0.002184,0.084325
78914.515784,0.423211,0.003383,0.090765
79856.780820,0.428192,0.007627,0.086116
80810.296253,0.431487,0.004883,0.083881
81775.197013,0.429126,0.006329,0.084277
82751.619644,0.423875,0.002184,0.081686
83739.701068,0.421343,0.005259,0.089917
84739.579677,0.424763,0.004367,0.088123
85751.397578,0.415618,-nan,0.089130
86775.296707,0.431371,0.005349,0.089990
87810.852768,0.415265,18.678019,0.094742
88859.918795,0.425367,0.000000,0.085595
89920.935012,0.425247,0.006176,0.087642
90994.619762,0.418744,0.005610,0.090559
92081.125087,0.425019,0.007501,0.091532
93180.603297,0.425600,0.001953,0.090495
94293.210182,0.417902,-nan,0.094140
95419.101113,0.424335,0.004367,0.092289
96558.436126,0.424526,0.007812,0.085687
97711.280675,0.421423,3.101875,0.092318
98875.443950,0.425191,49.815296,0.092563
100058.716958,0.424762,-nan,0.086707
101253.449831,0.419127,0.002762,0.091061
102462.449033,0.418618,0.005694,0.094709
103685.883769,0.418613,0.004784,0.087837
104923.926516,0.424743,0.003906,0.090152
106176.751979,0.426181,-nan,0.087147
107441.596370,0.420845,55.478573,0.093562
108727.459250,0.429981,0.006766,0.090938
110025.700449,0.422673,0.006329,0.086847
111339.442526,0.439860,0.008843,0.086304
112668.871215,0.427523,-nan,0.087401
114014.174438,0.420726,-nan,0.089564
115375.540747,0.421142,0.004784,0.089912
116753.161841,0.428118,0.009468,0.093930
118147.232128,0.429092,0.008053,0.090526
119557.948355,0.421222,0.006329,0.092630
120985.509009,0.410248,-nan,0.090230
122430.114758,0.425646,-nan,0.088532
123891.969911,0.424869,0.008171,0.081890
125371.280112,0.420506,0.003654,0.087873
126868.253605,0.425314,-nan,0.086460
128383.101521,0.420674,-nan,0.093132
129916.037232,0.424410,-nan,0.083864
131467.276976,0.426353,0.008053,0.084485
133037.038848,0.423956,0.005859,0.089962
134623.202136,0.429766,44.263577,0.086311
136233.016274,0.424596,-nan,0.093220
137859.683121,0.419756,0.006478,0.088975
139505.771556,0.429915,0.003906,0.089656
