0.000000,0.995000,0.000000,0.000000
1.002928,0.846558,0.001668,0.027581
1.015507,0.845415,0.001674,0.027362
1.028333,0.844019,0.001738,0.027287
1.041366,0.842865,0.001749,0.027306
1.054458,0.841596,0.001762,0.027180
1.067888,0.839981,0.001742,0.027327
1.081396,0.838700,0.001636,0.027111
1.094752,0.837965,0.001720,0.026942
1.108776,0.836558,0.001827,0.026888
1.122860,0.835427,0.001670,0.027073
1.136744,0.834050,0.001684,0.027497
1.151260,0.832354,0.001802,0.027488
1.165852,0.831012,0.001737,0.027064
1.180470,0.829938,0.001722,0.026891
1.195285,0.828700,0.001806,0.027068
1.210512,0.827562,0.001683,0.027044
1.225669,0.826250,0.001853,0.026714
1.241211,0.824350,0.001679,0.027065
1.256760,0.823265,0.001811,0.026998
1.272557,0.822027,0.001710,0.027252
1.288738,0.820946,0.001794,0.027287
1.304844,0.819781,0.001791,0.027366
1.321349,0.818250,0.001706,0.027396
1.338093,0.816777,0.001769,0.027631
1.355030,0.815292,0.001743,0.028076
1.372176,0.813946,0.001778,0.028409
1.389323,0.812704,0.001816,0.028361
1.406961,0.811412,0.001768,0.028338
1.424713,0.809781,0.001819,0.028078
1.442618,0.808812,0.001828,0.028313
1.460730,0.807200,0.001780,0.028667
1.479169,0.806088,0.001792,0.028597
1.497812,0.804904,0.001860,0.028818
1.516824,0.803496,0.001860,0.028958
1.535939,0.802050,0.001847,0.028942
1.555388,0.800769,0.001859,0.029232
1.575007,0.799754,0.001822,0.028701
1.594861,0.798404,0.001808,0.029611
1.614953,0.797112,0.001777,0.030264
1.635281,0.796585,0.001825,0.030851
1.656012,0.795192,0.001819,0.030626
1.676788,0.794304,0.001810,0.030813
1.698153,0.793362,0.001869,0.030885
1.719531,0.791954,0.001749,0.030984
1.740938,0.790862,0.001872,0.030671
1.763329,0.789454,0.001792,0.031019
1.785347,0.788200,0.001797,0.031489
1.807999,0.786396,0.001833,0.031970
1.830765,0.784627,0.001881,0.031934
1.853899,0.783319,0.001807,0.032544
1.877359,0.781888,0.001917,0.032967
1.900901,0.780669,0.001855,0.032636
1.924976,0.779419,0.001875,0.032704
1.949298,0.778065,0.001904,0.033261
1.973849,0.776881,0.001879,0.033534
1.998856,0.775392,0.001840,0.033964
2.024101,0.774288,0.001856,0.033709
2.049591,0.773238,0.001877,0.033158
2.075289,0.772677,0.001894,0.032764
2.101553,0.771050,0.001869,0.032944
2.128082,0.769854,0.001870,0.033304
2.154990,0.768385,0.001908,0.033333
2.182341,0.766754,0.001953,0.033146
2.209891,0.765515,0.001874,0.032691
2.237742,0.764392,0.001943,0.032924
2.266107,0.763546,0.001970,0.032746
2.294697,0.762435,0.001879,0.033210
2.323544,0.760938,0.001961,0.033410
2.353133,0.759985,0.001881,0.033653
2.382597,0.759185,0.001871,0.033695
2.412699,0.757742,0.001949,0.033916
2.443230,0.756238,0.001892,0.033860
2.474094,0.754962,0.001922,0.033349
2.505320,0.753535,0.001910,0.033078
2.536801,0.752835,0.001936,0.033041
2.568940,0.751319,0.001874,0.032426
2.601534,0.749638,0.001893,0.032334
2.634337,0.748258,0.001927,0.032414
2.667577,0.747296,0.001993,0.032470
2.701095,0.746092,0.001944,0.033325
2.735304,0.744988,0.001950,0.033406
2.769972,0.743965,0.001961,0.033805
2.804824,0.742277,0.001908,0.033107
2.840279,0.741438,0.001916,0.033469
2.876201,0.739835,0.001903,0.033463
2.912402,0.738704,0.001943,0.034244
2.949253,0.737427,0.002006,0.034941
2.986607,0.735815,0.001907,0.034773
3.024185,0.734273,0.001905,0.034862
3.062395,0.733019,0.002106,0.034956
3.100995,0.731504,0.001993,0.035116
3.140209,0.729492,0.001955,0.035652
3.179914,0.728492,0.002124,0.036463
3.220201,0.726881,0.002011,0.036401
3.260888,0.725127,0.002051,0.036748
3.302086,0.723935,0.002088,0.036244
3.343540,0.723265,0.002001,0.036046
3.385850,0.721631,0.002011,0.036764
3.428666,0.720592,0.001997,0.037364
3.471973,0.719142,0.002033,0.037733
3.515803,0.717477,0.001985,0.037726
3.560107,0.716023,0.002018,0.037649
3.605177,0.715146,0.002063,0.037838
3.650618,0.713877,0.001921,0.037766
3.696815,0.712738,0.002108,0.037117
3.743625,0.712035,0.002030,0.038300
3.790860,0.710504,0.002088,0.038262
3.838669,0.709377,0.002112,0.038418
3.887081,0.708046,0.002009,0.038537
3.936226,0.706754,0.001984,0.039446
3.986045,0.705904,0.002106,0.039489
4.036411,0.705127,0.002018,0.039346
4.087567,0.703477,0.002104,0.039398
4.138965,0.702538,0.002172,0.039773
4.191411,0.700865,0.002200,0.039536
4.244412,0.699262,0.002094,0.039198
4.297749,0.697650,0.002018,0.039135
4.352039,0.696342,0.002058,0.039657
4.407128,0.695854,0.002104,0.040437
4.462849,0.694423,0.002135,0.040785
4.519053,0.693465,0.002121,0.040573
4.576325,0.692565,0.002055,0.040954
4.634145,0.691738,0.002088,0.040416
4.692775,0.690831,0.002185,0.039972
4.752099,0.689838,0.002101,0.039784
4.812037,0.688004,0.002130,0.041168
4.872847,0.686954,0.002105,0.041210
4.934109,0.685438,0.002096,0.041704
4.996590,0.684277,0.002193,0.042438
5.059807,0.682646,0.002174,0.042037
5.123761,0.681012,0.002079,0.041675
5.188306,0.679577,0.002167,0.041456
5.254071,0.678792,0.002211,0.042304
5.320300,0.677165,0.002133,0.042276
5.387569,0.675585,0.002252,0.042934
5.455570,0.675112,0.002144,0.043335
5.524528,0.674196,0.002155,0.043957
5.594346,0.672296,0.002115,0.043432
5.664880,0.670842,0.002268,0.043398
5.736544,0.669535,0.002156,0.042160
5.809180,0.668100,0.002158,0.042207
5.882549,0.667042,0.002187,0.042799
5.956835,0.665742,0.002106,0.043076
6.032102,0.664769,0.002134,0.042694
6.108269,0.663396,0.002209,0.041287
6.185397,0.662858,0.002241,0.040170
6.263366,0.661758,0.002092,0.040314
6.342919,0.660438,0.002290,0.039843
6.423100,0.659012,0.002283,0.040557
6.504101,0.657573,0.002236,0.041150
6.586439,0.657077,0.002162,0.040706
6.669440,0.655762,0.002231,0.041577
6.753862,0.652996,0.002262,0.041768
6.839260,0.651377,0.002230,0.041589
6.925574,0.650115,0.002252,0.042343
7.013013,0.648823,0.002325,0.042297
7.101836,0.648335,0.002200,0.041881
7.191559,0.646927,0.002319,0.042326
7.282300,0.646769,0.002291,0.042822
7.374144,0.645962,0.002224,0.043862
7.467499,0.645431,0.002200,0.043809
7.561950,0.644715,0.002295,0.043995
7.657447,0.644154,0.002269,0.044650
7.754287,0.643600,0.002308,0.044679
7.852029,0.643369,0.002284,0.044098
7.951127,0.642596,0.002225,0.043719
8.051723,0.641046,0.002283,0.044885
8.153710,0.639350,0.002272,0.044788
8.256664,0.636923,0.002376,0.044424
8.360855,0.636650,0.002336,0.044707
8.466548,0.635238,0.002369,0.044401
8.573739,0.634204,0.002348,0.043415
8.682163,0.633204,0.002357,0.043021
8.791525,0.631450,0.002430,0.042672
8.902978,0.629792,0.002369,0.042830
9.015404,0.628127,0.002315,0.042867
9.129396,0.625792,0.002374,0.043470
9.244705,0.624800,0.002392,0.044030
9.361347,0.623323,0.002371,0.043516
9.479976,0.622858,0.002347,0.043790
9.599686,0.622008,0.002409,0.044256
9.720968,0.621481,0.002344,0.045027
9.844030,0.620462,0.002353,0.044484
9.968286,0.620892,0.002228,0.045236
10.093708,0.618715,0.002331,0.045943
10.221634,0.617015,0.002345,0.045961
10.350704,0.615823,0.002416,0.044922
10.481520,0.615300,0.002425,0.044824
10.614126,0.614838,0.002279,0.045889
10.747957,0.614273,0.002342,0.044566
10.884282,0.613373,0.002334,0.045931
11.021818,0.612796,0.002298,0.046187
11.160975,0.612712,0.002411,0.046731
11.302034,0.610862,0.002399,0.047098
11.444686,0.609273,0.002436,0.048068
11.589496,0.606912,0.002449,0.047634
11.736001,0.605573,0.002416,0.048032
11.884223,0.605012,0.002395,0.048572
12.034447,0.604142,0.002425,0.049204
12.186636,0.601358,0.002430,0.049663
12.340511,0.599727,0.002329,0.049784
12.496499,0.598858,0.002487,0.050748
12.654388,0.597408,0.002491,0.050808
12.814289,0.597085,0.002521,0.050069
12.976276,0.595812,0.002408,0.051051
13.140053,0.594308,0.002488,0.051241
13.306309,0.593804,0.002450,0.050923
13.474626,0.591754,0.002454,0.051079
13.644661,0.590685,0.002623,0.049460
13.817421,0.588938,0.002544,0.050149
13.992186,0.588631,0.002512,0.050740
14.168870,0.586950,0.002518,0.051033
14.347910,0.585915,0.002490,0.052163
14.529148,0.584973,0.002508,0.052640
14.713018,0.583054,0.002484,0.053570
14.899021,0.580769,0.002564,0.052820
15.087217,0.580531,0.002641,0.052721
15.277969,0.580496,0.002476,0.053688
15.471167,0.580204,0.002567,0.052667
15.666326,0.580269,0.002605,0.052061
15.864251,0.579996,0.002601,0.051653
16.064909,0.579442,0.002613,0.054217
16.268041,0.580312,0.002593,0.053647
16.473697,0.579135,0.002584,0.054006
16.681715,0.575781,0.002530,0.054014
16.892720,0.574019,0.002606,0.053823
17.106247,0.573808,0.002602,0.053405
17.322245,0.572519,0.002625,0.053059
17.541412,0.571700,0.002446,0.053903
17.763237,0.571231,0.002502,0.053174
17.987627,0.569246,0.002526,0.052191
18.214812,0.566438,0.002594,0.051586
18.445238,0.565512,0.002615,0.050700
18.678230,0.563904,0.002611,0.052074
18.914234,0.563350,0.002777,0.052448
19.153433,0.561096,0.002787,0.053880
19.395636,0.560477,0.002653,0.055215
19.640645,0.560392,0.002746,0.055311
19.888810,0.559658,0.002637,0.055085
20.140157,0.559115,0.002650,0.057196
20.394916,0.558335,0.002683,0.057245
20.652965,0.556362,0.002530,0.057668
20.913740,0.555485,0.002776,0.057621
21.177990,0.555404,0.002762,0.057122
21.445795,0.555881,0.002643,0.056805
21.716693,0.554581,0.002624,0.055060
21.991139,0.553604,0.002762,0.055655
22.269009,0.553662,0.002658,0.055588
22.550556,0.551823,0.002607,0.055532
22.835732,0.549900,0.002656,0.056085
23.124309,0.548550,0.002736,0.054802
23.416657,0.548308,0.002736,0.053656
23.712702,0.547346,0.002772,0.055018
24.012407,0.547892,0.002802,0.055614
24.315899,0.545362,0.002744,0.055434
24.623100,0.544050,0.002682,0.055342
24.934517,0.542512,0.002744,0.055556
25.249684,0.542112,0.002775,0.055922
25.568817,0.540912,0.002765,0.054526
25.891900,0.541577,0.002706,0.055743
26.219135,0.540931,0.002797,0.056048
26.550626,0.539469,0.002755,0.054778
26.886187,0.538950,0.002730,0.055918
27.226012,0.537631,0.002795,0.055135
27.570040,0.537065,0.002685,0.054756
27.918533,0.535369,0.002715,0.053625
28.271450,0.535215,0.002711,0.054707
28.629110,0.536681,0.002790,0.055133
28.991081,0.536462,0.002862,0.055471
29.357229,0.534327,0.002773,0.054198
29.728437,0.534227,0.002845,0.054461
30.104421,0.532281,0.002789,0.055065
30.484439,0.532254,0.002832,0.056151
30.870166,0.532504,0.002884,0.055780
31.259947,0.531481,0.002800,0.057692
31.655175,0.530296,0.002761,0.057450
32.055429,0.528088,0.002771,0.057815
32.460810,0.526362,0.002966,0.057509
32.871000,0.524554,0.002821,0.057063
33.286548,0.524062,0.002932,0.058358
33.707295,0.524115,0.002878,0.058898
34.133452,0.523115,0.002883,0.060594
34.564857,0.522600,0.002719,0.059818
35.001644,0.523765,0.002928,0.059046
35.444033,0.522423,0.002962,0.057258
35.892169,0.518969,0.002879,0.057237
36.345848,0.517273,0.002736,0.058713
36.805423,0.518150,0.002916,0.059404
37.270411,0.518196,0.002758,0.060002
37.741579,0.516677,0.002910,0.058788
38.218659,0.517742,0.002960,0.061112
38.701817,0.515919,0.002876,0.061135
39.191286,0.514362,0.002835,0.064084
39.686428,0.513935,0.002973,0.063517
40.188217,0.511577,0.003089,0.064994
40.696366,0.510219,0.002918,0.064197
41.210499,0.510192,0.002890,0.063485
41.731492,0.511038,0.002999,0.064792
42.258978,0.511358,0.002956,0.066912
42.793051,0.509938,0.002957,0.066868
43.334282,0.508112,0.003121,0.066560
43.881846,0.506665,0.002995,0.066631
44.436634,0.505835,0.002977,0.065207
44.998123,0.504062,0.003036,0.065480
45.566831,0.501781,0.002959,0.062868
46.143126,0.500300,0.003094,0.062541
46.726445,0.500688,0.003183,0.062884
47.317085,0.500785,0.002902,0.064599
47.915253,0.500135,0.003095,0.064326
48.520796,0.500004,0.003031,0.062057
49.134316,0.498712,0.003020,0.063621
49.755257,0.496200,0.003096,0.064201
50.384237,0.497312,0.003103,0.063610
51.021225,0.496062,0.003026,0.063234
51.666247,0.496673,0.003051,0.062633
52.319341,0.495596,0.003139,0.062461
52.980579,0.495919,0.003212,0.062145
53.650302,0.496446,0.003013,0.061936
54.328486,0.498281,0.003008,0.062624
55.015376,0.495988,0.003161,0.063410
55.710773,0.495085,0.003031,0.063165
56.415074,0.492985,0.003122,0.063990
57.128120,0.493465,0.003181,0.063124
57.850370,0.493869,0.003178,0.061361
58.581453,0.492196,0.003135,0.064847
59.322200,0.493285,0.003166,0.064196
60.071860,0.493727,0.003046,0.065953
60.831281,0.492519,0.003084,0.066493
61.600043,0.491165,0.003123,0.066588
62.378864,0.490950,0.003104,0.065993
63.167287,0.492492,0.003164,0.066902
63.965913,0.490238,0.003010,0.067745
64.774475,0.489369,0.003297,0.066874
65.593318,0.486473,0.003183,0.066265
66.422385,0.486823,0.003070,0.064696
67.262456,0.485181,0.003075,0.065368
68.112527,0.484538,0.002979,0.064770
68.973335,0.484688,0.003128,0.066257
69.845196,0.482396,0.003242,0.065553
70.728094,0.481081,0.003112,0.063018
71.622333,0.481065,0.003151,0.064068
72.528007,0.479265,0.003182,0.066961
73.444517,0.476854,0.003222,0.068675
74.372986,0.475981,0.003184,0.067423
75.312928,0.475900,0.003177,0.070886
76.265470,0.475369,0.003235,0.070525
77.229602,0.472531,0.003370,0.070557
78.206071,0.472223,0.003372,0.070070
79.194257,0.474827,0.003395,0.070072
80.195281,0.472650,0.003333,0.070265
81.209047,0.471723,0.003165,0.068143
82.235790,0.471231,0.003296,0.066123
83.275370,0.469373,0.003370,0.065363
84.327941,0.471531,0.003107,0.069306
85.394102,0.470146,0.003218,0.069619
86.473421,0.469981,0.003379,0.070679
87.566703,0.465477,0.003470,0.070251
88.673766,0.464162,0.003431,0.071403
89.794560,0.464600,0.003323,0.070740
90.929748,0.462662,0.003339,0.068715
92.079269,0.464300,0.003218,0.069656
93.242999,0.462835,0.003384,0.070837
94.422142,0.462685,0.003556,0.073423
95.615506,0.461750,0.003453,0.069611
96.824058,0.461423,0.003245,0.069690
98.048538,0.461177,0.003191,0.070579
99.287622,0.460031,0.003167,0.069768
100.543037,0.459527,0.003360,0.068756
101.813622,0.459631,0.003351,0.066234
103.100793,0.456092,0.003305,0.067638
104.404395,0.456415,0.003392,0.072136
105.724039,0.458527,0.003376,0.070409
107.060655,0.456765,0.003326,0.070164
108.413895,0.457312,0.003431,0.069291
109.784520,0.458015,0.003299,0.070831
111.172341,0.455123,0.003317,0.071049
112.577591,0.454954,0.003371,0.071190
114.000807,0.456338,0.003601,0.072876
115.441796,0.455542,0.003459,0.071285
116.901286,0.456623,0.003371,0.072721
118.379368,0.457808,0.003341,0.072912
119.875587,0.457077,0.003404,0.071672
121.390905,0.455577,0.003473,0.072577
122.925319,0.455758,0.003408,0.072307
124.479323,0.451138,0.003423,0.071940
126.053259,0.453919,0.003519,0.074795
127.646356,0.452096,0.003507,0.071246
129.260171,0.449977,0.003563,0.072870
130.894222,0.449092,0.003549,0.071409
132.548976,0.448069,0.003527,0.072750
134.224885,0.450015,0.003523,0.073434
135.921314,0.451565,0.003581,0.075906
137.639359,0.448662,0.003453,0.071126
139.379821,0.450473,0.003513,0.072213
141.141631,0.448965,0.003440,0.074545
142.925796,0.449192,0.003666,0.071926
144.732797,0.452108,0.003574,0.072421
146.562344,0.451623,0.003514,0.072936
148.415293,0.450504,0.003621,0.073938
150.291218,0.449854,0.003689,0.075311
152.191138,0.446635,0.003525,0.072621
154.115351,0.446296,0.003597,0.074925
156.063337,0.446119,0.003714,0.076330
158.036358,0.447054,0.003698,0.076307
160.034005,0.445188,0.003566,0.076895
162.056968,0.443438,0.003485,0.074990
164.105801,0.442619,0.003593,0.074051
166.180533,0.441288,0.003649,0.075408
168.281400,0.440908,0.003656,0.076025
170.408664,0.438700,0.003618,0.075522
172.562966,0.437331,0.003573,0.073025
174.744302,0.435296,0.003848,0.076983
176.953141,0.435642,0.003762,0.075454
179.190412,0.434158,0.003847,0.075954
181.455610,0.436062,0.003595,0.075925
183.749225,0.438462,0.003556,0.077580
186.072060,0.437050,0.003687,0.077997
188.424393,0.435538,0.003714,0.075418
190.806427,0.436258,0.003653,0.075747
193.218572,0.435958,0.003518,0.076595
195.660807,0.432373,0.003503,0.076708
198.134522,0.431508,0.003724,0.076408
200.639496,0.431462,0.003910,0.073807
203.175922,0.429646,0.003713,0.073420
205.744431,0.432215,0.003833,0.076846
208.345341,0.430973,0.003815,0.077888
210.978821,0.429873,0.003838,0.074791
213.646382,0.434400,0.003848,0.075363
216.346826,0.431192,0.003720,0.077409
219.081898,0.430158,0.003689,0.075312
221.851895,0.429700,0.003707,0.076963
224.656364,0.427415,0.003772,0.075152
227.496321,0.429600,0.003751,0.076079
230.372046,0.431546,0.003818,0.076985
233.284427,0.432377,0.003867,0.078316
236.233684,0.432338,0.003841,0.076980
239.219474,0.432104,0.003815,0.080257
242.244137,0.428458,0.003660,0.078960
245.306268,0.429096,0.003790,0.077951
248.407547,0.429962,0.003628,0.078167
251.547677,0.429604,0.003741,0.077959
254.727607,0.428512,0.003953,0.081105
257.947813,0.429146,0.003752,0.079977
261.208754,0.431946,0.003715,0.078078
264.511158,0.431881,0.003644,0.076440
267.854864,0.430108,0.004042,0.078073
271.241042,0.427427,0.003978,0.079506
274.669758,0.430827,0.003717,0.081027
278.142425,0.428835,0.003506,0.077853
281.658435,0.425877,0.003919,0.080307
285.219019,0.423623,0.003855,0.082559
288.825286,0.422400,0.004052,0.081359
292.475998,0.421885,0.003816,0.082106
296.173213,0.420942,0.003923,0.080097
299.917490,0.425642,0.003920,0.080214
303.709320,0.425538,0.003874,0.085083
307.548317,0.422892,0.003795,0.085504
311.436465,0.423731,0.003930,0.080351
315.373613,0.424842,0.003913,0.083496
319.360512,0.422058,0.003855,0.084893
323.398136,0.422881,0.004121,0.079857
327.486165,0.421846,0.004046,0.081257
331.626071,0.423592,0.003993,0.081217
335.818662,0.424858,0.004003,0.083827
340.063848,0.424392,0.004235,0.082607
344.362784,0.420719,0.003973,0.083383
348.716252,0.423081,0.004164,0.086408
353.124675,0.425877,0.004028,0.085603
357.588768,0.425685,0.003797,0.086795
362.109364,0.421812,0.003768,0.080797
366.686567,0.419208,0.004042,0.080937
371.322444,0.416162,0.003973,0.080119
376.016791,0.416269,0.004189,0.083172
380.770127,0.417258,0.003938,0.081830
385.583856,0.412592,0.003941,0.081261
390.458072,0.414162,0.004141,0.082160
395.394184,0.416265,0.004079,0.084686
400.393071,0.415527,0.004152,0.084413
405.454857,0.417054,0.004165,0.085771
410.580282,0.421308,0.003799,0.083708
415.770719,0.415881,0.004002,0.082456
421.026727,0.413846,0.004306,0.083338
426.349653,0.413635,0.003976,0.086493
431.739309,0.410731,0.004007,0.084595
437.197023,0.410731,0.004010,0.085314
442.724349,0.414785,0.004484,0.085878
448.321165,0.415292,0.004074,0.087829
453.988531,0.411327,0.004286,0.090835
459.728083,0.411077,0.004257,0.089498
465.539690,0.408885,0.004087,0.086581
471.424936,0.410927,0.004139,0.089647
477.384688,0.411027,0.004099,0.089063
483.419882,0.412388,0.004208,0.087481
489.530876,0.408331,0.004079,0.085600
495.719614,0.409919,0.004151,0.088102
501.986150,0.410269,0.004082,0.087185
508.332331,0.406346,0.004556,0.085381
514.758653,0.407462,0.004553,0.084536
521.266211,0.414100,0.003902,0.085551
527.855895,0.407785,0.004084,0.085173
534.528934,0.409042,0.004385,0.085136
541.286423,0.406477,0.004347,0.082251
548.129302,0.405192,0.004624,0.084762
555.058498,0.407127,0.004376,0.089144
562.075345,0.405446,0.003962,0.085515
569.181673,0.403365,0.004130,0.088302
576.376709,0.404827,0.004559,0.088617
583.662764,0.412742,0.004158,0.087903
591.041679,0.409285,0.004250,0.090398
598.513950,0.404542,0.004945,0.092612
606.080140,0.407242,0.004827,0.092809
613.742115,0.402727,0.004318,0.091587
621.500625,0.402985,0.004273,0.091419
629.357968,0.403031,0.004361,0.090255
637.314308,0.400488,0.005005,0.089655
645.371069,0.406627,0.004428,0.092125
653.529238,0.404831,0.004314,0.089828
661.791324,0.407762,0.004192,0.094538
670.157764,0.405973,0.004458,0.094615
678.629509,0.402604,0.004079,0.094807
687.209173,0.399477,0.004945,0.091049
695.896723,0.394100,0.004820,0.092917
704.694098,0.399527,0.004353,0.088386
713.602647,0.399515,0.004295,0.091065
722.624052,0.403708,0.004435,0.092266
731.759393,0.401112,0.004947,0.091330
741.010126,0.404177,0.004891,0.092471
750.377696,0.405331,0.004271,0.092887
759.863875,0.408446,0.004972,0.095599
769.469994,0.402465,0.005219,0.094454
779.197568,0.400458,0.004913,0.091522
789.048471,0.398165,0.005067,0.092367
799.023336,0.398254,0.005093,0.096993
809.124651,0.399473,0.007728,0.095496
819.353705,0.398200,0.007752,0.091206
829.711873,0.400504,0.004577,0.089931
840.200708,0.402773,0.004389,0.091222
850.822508,0.397631,0.004925,0.091391
861.578045,0.397681,0.004727,0.093871
872.470298,0.396681,0.004674,0.094534
883.500144,0.396104,0.004753,0.094697
894.668972,0.400519,0.004563,0.091720
905.979268,0.397673,0.004548,0.092475
917.432888,0.400769,0.004982,0.092901
929.030983,0.401677,0.004487,0.093466
940.775690,0.403285,0.004951,0.094082
952.668638,0.399869,0.004876,0.093510
964.712264,0.403015,0.004517,0.096738
976.907711,0.405450,0.004655,0.095238
989.257828,0.409523,0.004156,0.093407
1001.764385,0.403873,0.004389,0.093136
1014.428433,0.398758,0.004231,0.093128
1027.252606,0.403992,0.004534,0.095552
1040.239272,0.403104,0.004618,0.092151
1053.389691,0.402381,0.004404,0.090396
1066.706093,0.403854,0.004341,0.092502
1080.191995,0.405096,0.004572,0.094422
1093.847262,0.407846,0.004503,0.097699
1107.675576,0.407492,0.004529,0.097498
1121.678995,0.410423,0.004824,0.095647
1135.859070,0.414962,0.004264,0.091359
1150.217854,0.414231,0.004078,0.089525
1164.759310,0.414554,0.004519,0.093037
1179.484130,0.412938,0.004522,0.087214
1194.395381,0.413338,0.007268,0.094661
1209.494323,0.410219,0.005256,0.091948
1224.785511,0.406154,0.013510,0.095287
1240.268866,0.409554,0.005163,0.098996
1255.948912,0.410715,0.030930,0.098506
1271.802518,0.408835,0.591709,0.096197
1287.903567,0.412069,0.004516,0.092585
1304.185324,0.412207,0.005000,0.094909
1320.672700,0.410855,0.005115,0.091360
1337.368729,0.408032,0.004700,0.091165
1354.275398,0.409561,0.004846,0.092258
1371.396177,0.408767,0.004541,0.091226
1388.733269,0.408513,0.004997,0.090486
1406.289348,0.407958,0.003889,0.089460
1424.067742,0.403856,0.004532,0.090391
1442.070681,0.412115,0.004475,0.092015
1460.301193,0.410412,0.004080,0.089806
1478.762246,0.406618,0.004439,0.088455
1497.457302,0.405008,0.004343,0.089557
1516.387570,0.404368,0.004164,0.089336
1535.557781,0.398929,0.004248,0.086184
1554.970262,0.403278,0.004520,0.088708
1574.627685,0.408355,0.004044,0.087191
1594.534432,0.402770,0.004181,0.090606
1614.692394,0.406005,0.004095,0.089556
1635.104599,0.407535,0.004118,0.091446
1655.775858,0.403197,0.004432,0.091610
1676.707893,0.407265,0.004364,0.090993
1697.905309,0.400428,0.004515,0.091265
1719.369993,0.399981,0.004638,0.093092
1741.106022,0.402935,0.004500,0.096323
1763.117176,0.407053,0.004597,0.095183
1785.406300,0.407296,0.004418,0.090226
1807.977317,0.403324,0.004757,0.090786
1830.833459,0.401471,0.004695,0.092677
1853.979152,0.403906,0.005444,0.094626
1877.416647,0.402539,0.004303,0.085859
1901.151035,0.400366,0.004580,0.089432
1925.185199,0.401760,0.004375,0.088704
1949.523575,0.403394,0.004990,0.095299
1974.169051,0.406999,0.004521,0.094314
1999.126503,0.397639,0.004608,0.090642
2024.399515,0.404322,0.004702,0.091831
2049.991488,0.400759,0.004075,0.085719
2075.907733,0.401186,0.004771,0.089764
2102.151325,0.403340,0.004611,0.090174
2128.726354,0.402481,0.005327,0.093569
2155.638138,0.398586,0.005161,0.094069
2182.889407,0.400666,0.005196,0.093226
2210.484683,0.399133,0.005031,0.091029
2238.429904,0.397797,0.005578,0.094485
2266.728358,0.397646,0.005300,0.094828
2295.384244,0.399187,0.005426,0.095808
2324.402661,0.397022,0.004636,0.096755
2353.787497,0.397215,0.004596,0.097220
2383.543644,0.402762,0.004991,0.096205
2413.676564,0.396545,0.005049,0.095021
2444.190167,0.396464,0.007138,0.095709
2475.075661,0.399006,0.245434,0.093387
2506.379319,0.398729,0.004609,0.096678
2538.064731,0.397546,0.004436,0.090653
2570.150877,0.398076,0.005047,0.092396
2602.642511,0.401851,0.004234,0.094433
2635.545150,0.399869,0.004595,0.093409
2668.863375,0.395773,0.004699,0.092059
2702.603159,0.399776,0.004846,0.095414
2736.769475,0.397515,0.004318,0.091403
2771.367425,0.396646,0.004457,0.090811
2806.402929,0.398199,0.004553,0.090849
2841.881747,0.399316,0.004834,0.092535
2877.808466,0.397546,0.004460,0.091438
-nan,-nan,-nan,-nan
2951.030758,0.399749,0.004842,0.096397
2988.337311,0.400518,0.004281,0.094714
3026.116211,0.394370,0.005158,0.095114
3064.371808,0.400533,0.004745,0.096722
-nan,-nan,-nan,-nan
3142.340961,0.397067,0.004395,0.091455
3182.066439,0.402755,0.004377,0.095959
3222.293863,0.398180,0.004224,0.091036
3263.030127,0.399563,0.004340,0.092925
3304.281537,0.397280,0.004932,0.090094
3346.053755,0.401144,0.004358,0.090660
3388.354109,0.402438,0.004192,0.091914
3431.189717,0.405761,0.004850,0.097441
3474.566732,0.403474,0.004579,0.096817
3518.492492,0.397840,0.004749,0.096928
3562.973408,0.397628,0.005067,0.092856
3608.016013,0.401051,0.004999,0.097245
3653.628136,0.395421,0.004822,0.097519
3699.817554,0.396376,0.005311,0.092943
3746.590533,0.396588,0.004800,0.093078
3793.954614,0.403852,0.004282,0.090809
3841.917872,0.399335,0.004902,0.094620
3890.487150,0.405993,0.004719,0.093990
3939.670822,0.401198,0.004424,0.094555
3989.475946,0.395784,0.004413,0.092243
4039.910693,0.399525,0.004582,0.093594
4090.983062,0.394250,0.004997,0.094747
4142.701255,0.397071,0.004429,0.093749
4195.072665,0.399080,0.004302,0.087884
4248.107045,0.400757,0.004674,0.090970
4301.811388,0.403188,0.004691,0.090744
4356.194485,0.403211,0.004116,0.092039
4411.265615,0.402272,0.004713,0.092133
4467.032970,0.395645,0.004620,0.089542
4523.504583,0.401974,0.004702,0.094571
4580.690648,0.403810,0.004054,0.091652
4638.599852,0.403269,0.004624,0.088264
4697.240904,0.403802,0.004552,0.090436
4756.622885,0.409374,0.004132,0.092518
4816.756341,0.404903,0.004361,0.100039
4877.649647,0.402438,0.004385,0.094174
4939.313359,0.397075,0.005581,0.096096
5001.755642,0.394745,0.004835,0.098221
5064.987553,0.395325,0.004505,0.092303
5129.018791,0.399745,0.004882,0.094796
5193.859958,0.398354,0.005539,0.098521
5259.494557,0.398679,0.940284,0.099840
5326.011643,0.394126,0.006816,0.097283
5393.342674,0.399695,0.005584,0.099795
5461.525167,0.397459,0.005917,0.098023
5530.569656,0.398608,0.004933,0.100748
5600.457938,0.392993,1.037795,0.098317
5671.288099,0.399493,0.005020,0.091255
5742.984311,0.390147,0.005096,0.094340
5815.586984,0.395642,0.004656,0.092808
5889.107324,0.391184,0.004608,0.092948
5963.557185,0.396173,0.004122,0.093309
6038.948283,0.397307,0.004693,0.094928
6115.292809,0.395967,0.005218,0.102650
6192.602481,0.390201,0.005072,0.098466
6270.888867,0.398336,0.005335,0.097904
6350.165834,0.395975,0.006660,0.103205
6430.444797,0.391281,0.006149,0.094404
6511.737834,0.384861,0.004671,0.092621
6594.059314,0.389241,0.005001,0.086266
6677.420856,0.397009,0.004552,0.094363
6761.836335,0.402554,0.004354,0.097838
6847.319786,0.403553,0.004554,0.095434
6933.883182,0.400383,0.004733,0.086587
7021.541215,0.396649,0.004473,0.091208
7110.306971,0.395747,0.004184,0.088320
7200.195633,0.400313,0.004803,0.095905
7291.220540,0.402291,0.005114,0.092337
7383.395861,0.398293,0.004599,0.095273
7476.735954,0.402844,0.004224,0.089338
7571.257224,0.400174,0.004213,0.086439
7666.972814,0.402403,0.004498,0.091892
7763.898520,0.405112,0.004281,0.086180
7862.049711,0.407001,0.004226,0.095759
7961.441485,0.400534,0.004284,0.089116
8062.090278,0.397736,0.004935,0.095532
8164.010654,0.399164,0.004661,0.087315
8267.220008,0.399536,0.004610,0.091106
8371.734410,0.393669,0.004974,0.097056
8477.569508,0.399377,0.004464,0.093137
8584.742735,0.399942,0.006156,0.093890
8693.270429,0.400967,0.004401,0.088111
8803.170936,0.397496,0.004874,0.089329
8914.460765,0.396157,0.004656,0.090027
9027.156975,0.391672,0.005248,0.093382
9141.277951,0.394408,0.004391,0.090772
9256.841947,0.396231,0.005308,0.093461
9373.866801,0.395948,0.004548,0.095538
9492.370853,0.401033,0.004572,0.093903
9612.373242,0.401471,0.004229,0.088686
9733.892673,0.405426,0.004175,0.094105
9856.948470,0.406389,0.004906,0.090394
9981.560095,0.400259,0.005408,0.100286
10107.746832,0.394567,0.004626,0.095066
10235.528407,0.398034,0.004549,0.093448
10364.926432,0.392012,0.004600,0.095953
10495.959454,0.393835,0.004710,0.099066
10628.648866,0.399555,0.004522,0.095182
10763.016214,0.398696,0.007597,0.094431
10899.082211,0.397438,0.007630,0.095699
11036.868125,0.399814,0.005495,0.093438
11176.395738,0.404187,0.005134,0.091760
11317.687355,0.401947,0.004541,0.089037
11460.765519,0.393537,0.004685,0.093583
11605.652387,0.401714,0.004702,0.094226
11752.371030,0.390778,0.004425,0.092411
11900.943595,0.395252,0.004971,0.095409
12051.395940,0.399485,0.005307,0.094258
12203.749391,0.397570,0.004793,0.092950
12358.028942,0.400027,0.004750,0.089421
12514.258390,0.398742,0.004721,0.089909
12672.464013,0.398255,0.005495,0.094236
12832.669038,0.396734,0.004388,0.092534
12994.899639,0.402651,0.004350,0.092880
13159.180689,0.398313,0.004667,0.093151
13325.538852,0.399481,0.004809,0.096914
13493.969108,0.395228,0.788588,0.091594
13664.590892,0.392488,0.004360,0.089810
13837.338383,0.396039,0.004309,0.094489
14012.270350,0.399422,0.016483,0.098367
14189.152869,0.405950,6.599679,0.094175
14368.794900,0.402659,0.004175,0.083579
14550.445554,0.406149,0.008512,0.093263
14734.391460,0.403304,0.004367,0.088246
14920.663340,0.408203,0.004140,0.091314
15109.290658,0.404321,0.008329,0.087175
15300.301837,0.399379,0.004577,0.093614
15493.728313,0.393964,0.005315,0.094073
15689.590788,0.394790,0.224890,0.092518
15887.946914,0.398589,0.004940,0.091378
16088.796323,0.401474,0.154866,0.098807
16292.141606,0.405942,1.963983,0.091596
16498.163162,0.390931,0.010748,0.094217
16706.683639,0.395643,0.999052,0.095237
16917.938924,0.396148,0.006935,0.096791
17131.814817,0.394039,0.004901,0.093042
17348.395235,0.399719,0.011148,0.095172
17567.713166,0.401926,0.004619,0.098501
17789.803929,0.396902,0.005121,0.098093
18014.702048,0.402395,0.004143,0.092365
18242.444134,0.404152,0.004305,0.093079
18473.064542,0.400789,0.004821,0.091916
18706.601265,0.405895,0.008704,0.097542
18943.089014,0.401590,0.004652,0.093072
19182.567830,0.400422,0.006263,0.095386
19424.475180,0.399594,8.070723,0.103957
19670.644890,0.394042,0.004250,0.087628
19919.320994,0.389792,0.004652,0.093148
20171.140860,0.397494,0.004671,0.091906
20426.144104,0.397266,0.005388,0.096134
20684.312666,0.398523,1.039261,0.097490
20945.862661,0.397112,0.005377,0.096819
21210.659897,0.396056,0.004574,0.091521
21478.708758,0.399831,3.403219,0.091698
21750.339493,0.403502,0.004889,0.093179
22025.307106,0.395631,0.004925,0.089551
22303.750691,0.392283,0.004740,0.093053
22585.628754,0.397622,2.148226,0.092626
22871.242780,0.395415,0.004026,0.089648
23160.380037,0.401813,0.005599,0.091851
23453.173384,0.407066,0.004285,0.092823
23749.668690,0.400818,0.004475,0.089798
24049.608767,0.400107,7.637849,0.100344
24353.470474,0.396824,12.061236,0.097189
24661.832268,0.397548,0.004285,0.087280
24973.607161,0.397048,0.005098,0.094137
25288.854637,0.404231,11.753679,0.094725
25609.030472,0.398706,0.004895,0.099682
25932.779480,0.391865,0.004645,0.091302
26260.600727,0.399198,0.723515,0.092413
26592.607938,0.399329,0.005270,0.096381
26928.777131,0.395973,0.350300,0.093760
27269.224273,0.394845,0.004381,0.100714
27613.961766,0.388500,0.005282,0.102147
27963.058039,0.394455,0.006099,0.101275
28316.084593,0.404948,9.836772,0.095896
28674.543322,0.401982,0.004312,0.094224
29037.046485,0.399334,0.005327,0.093689
29404.132825,0.397006,0.004772,0.097220
29775.859574,0.393604,0.005880,0.095910
30152.285515,0.387612,0.005437,0.095930
30533.470171,0.400028,0.007986,0.092894
30919.473417,0.391096,0.004326,0.091167
31310.357148,0.400367,0.004567,0.087236
31706.182335,0.402356,0.005015,0.097005
32107.012173,0.390076,0.005546,0.098246
32512.908433,0.389777,0.004784,0.098889
32923.177347,0.397640,15.496522,0.097399
33340.160146,0.403817,0.005631,0.095694
33761.646033,0.394760,0.004956,0.094247
34188.460003,0.399832,0.004448,0.094264
34620.670061,0.400256,0.004606,0.096412
35058.343896,0.404904,0.004528,0.091978
35501.551737,0.401591,0.004784,0.092874
35950.361449,0.400312,0.003845,0.095888
36404.846004,0.396954,0.004580,0.086220
36865.074716,0.406415,0.003621,0.093218
37331.122900,0.401607,0.004580,0.087241
37803.062954,0.406663,0.005074,0.091839
38280.968230,0.404532,0.003312,0.087985
38764.915991,0.407206,0.005259,0.093104
39254.219728,0.399932,19.048681,0.094570
39751.242985,0.390817,0.005757,0.093970
40253.777834,0.397958,0.005282,0.091220
40762.267989,0.399568,9.927106,0.092068
41277.986415,0.394916,0.003418,0.090203
41799.824355,0.383789,0.018644,0.096938
42326.180135,0.400946,30.335521,0.098375
42863.368495,0.399310,0.004475,0.088155
43404.516044,0.398762,12.847891,0.099462
43953.975523,0.402917,0.004395,0.094495
44509.641238,0.399155,0.003010,0.093047
45071.834398,0.402217,12.358235,0.095482
45642.135025,0.402168,0.005282,0.088015
46219.142470,0.405693,0.005074,0.088336
46803.444523,0.397387,0.004683,0.093551
47395.133229,0.398553,0.003719,0.099478
47994.301491,0.397549,0.004475,0.091711
48601.045120,0.401041,0.005980,0.094211
49215.459534,0.398096,0.005567,0.102645
49837.640381,0.400113,0.005121,0.093610
50467.687153,0.399846,0.003312,0.090392
51105.699488,0.400721,0.005524,0.091358
51751.776692,0.402330,0.004632,0.091490
52406.022563,0.394874,0.004632,0.094815
53067.378270,0.398395,25.927565,0.093569
53739.430475,0.400993,0.005819,0.096516
54418.803918,0.401246,0.005121,0.092813
55106.765657,0.397500,0.005074,0.092396
55803.424564,0.399487,0.004834,0.088446
56508.706166,0.405138,4.574264,0.090450
57223.275997,0.397296,0.005167,0.094071
57946.691786,0.399062,0.005393,0.087524
58679.252899,0.397304,0.005304,0.095548
59421.076366,0.392157,0.006766,0.096987
60172.276452,0.394821,0.005167,0.096147
60932.210016,0.398128,13.345693,0.096069
61703.287377,0.403744,0.004475,0.091869
62483.339578,0.400397,0.006730,0.092518
63273.253633,0.394562,0.007076,0.096783
64073.153591,0.394922,0.005167,0.097422
64883.165857,0.399149,0.005567,0.092901
65703.418586,0.399100,0.005437,0.102582
66529.371130,0.398924,61.507749,0.096388
67375.162235,0.404132,0.006974,0.095684
68226.918615,0.396107,0.005610,0.093527
69089.442247,0.401185,0.004257,0.090594
69960.802761,0.389922,35.980877,0.102463
70844.679456,0.400198,46.213338,0.097486
71742.991518,0.396239,0.005777,0.092385
72649.965633,0.392121,0.004580,0.096027
73568.405769,0.396226,0.006766,0.094201
74495.537047,0.389122,34.731988,0.098173
75439.181944,0.391503,18.725201,0.097904
76393.980284,0.398702,0.008286,0.096310
77359.751966,0.403995,0.003654,0.096152
78337.551101,0.405921,3.629967,0.089192
79326.942465,0.398522,22.596143,0.094453
80329.786176,0.390602,28.171203,0.091060
81346.485920,0.397593,-nan,0.094923
82373.544803,0.401636,32.170198,0.092055
83416.249342,0.399202,0.006478,0.092237
84470.796916,0.395279,0.008053,0.096284
85538.675528,0.394844,0.006020,0.098451
86618.785537,0.399802,30.859168,0.096130
87715.104457,0.402179,0.007501,0.095843
88821.504325,0.391206,42.795206,0.093756
89944.483354,0.399011,48.011415,0.095200
91084.018233,0.393915,0.006623,0.096246
92234.634676,0.391583,20.998527,0.098671
93401.540540,0.406415,-nan,0.096071
94582.322629,0.408751,0.005694,0.092492
95778.031264,0.408551,0.003906,0.094803
96988.381106,0.394787,16.265340,0.091623
98214.343895,0.389492,22.057012,0.094530
99456.620957,0.401123,0.000000,0.092499
100713.950782,0.401563,0.005167,0.099887
101987.175567,0.394530,0.006329,0.097083
103273.172640,0.392378,52.225801,0.101577
104578.774883,0.398154,65.680511,0.090968
105904.242722,0.398934,0.004784,0.093726
107239.373485,0.402416,63.030653,0.090826
108598.849387,0.397117,0.005859,0.089827
109971.754292,0.400307,0.003088,0.090976
111362.015616,0.401182,0.002392,0.093503
112769.853478,0.403922,0.007564,0.092245
114191.200379,0.400087,63.469602,0.096289
115632.938386,0.395819,80.089761,0.094236
117101.056102,0.396323,0.003088,0.094864
118577.271806,0.388751,53.138031,0.098355
120072.953369,0.396168,92.674788,0.099054
121598.608877,0.404652,-nan,0.087356
123135.857419,0.394121,0.002762,0.093574
124692.539654,0.400138,0.008171,0.097275
126268.036893,0.408363,16.689415,0.094773
127864.799329,0.400787,9.260197,0.097312
129481.188520,0.397410,7.898782,0.094735
131116.720338,0.391821,30.752696,0.096314
132773.004120,0.397947,52.633585,0.090916
134454.722260,0.407151,-nan,0.099459
136145.906966,0.395716,100.553634,0.098354
137871.144829,0.398654,88.118885,0.099578
139616.416547,0.392177,55.329120,0.100093
141383.844936,0.399817,0.008950,0.095241
143166.556816,0.396599,76.828540,0.094710
144981.186454,0.402489,0.009959,0.092845
146813.000889,0.394246,19.698451,0.086203
148662.518180,0.394912,87.539505,0.101127
150542.160236,0.398076,100.366232,0.093536
152452.789770,0.401829,0.007042,0.091243
154374.526983,0.392208,72.724218,0.104377
156331.768251,0.400429,0.008286,0.097309
158299.057382,0.401098,113.720277,0.096689
160300.941547,0.389577,112.303342,0.105541
162329.515885,0.393620,102.654685,0.101168
164387.832269,0.392094,7.916651,0.100422
166466.519116,0.401692,0.005167,0.094722
168570.988026,0.389229,-nan,0.090969
170683.436186,0.391095,179.895335,0.109638
172854.673433,0.392784,99.531756,0.103208
175042.486843,0.398660,64.988724,0.090844
177258.290714,0.398333,0.007042,0.087622
179497.773331,0.395413,31.882408,0.095599
181768.415544,0.396744,-nan,0.096791
184066.329780,0.402793,-nan,0.090333
186392.430157,0.403906,19.465152,0.104493
188746.775260,0.401032,65.236881,0.094760
191116.285410,0.397557,195.738853,0.100504
193549.669642,0.402148,56.225758,0.095733
195995.978380,0.395445,48.764960,0.097253
198476.888816,0.404528,0.002762,0.089985
200986.031825,0.389774,-nan,0.096940
203526.894953,0.406804,-nan,0.096879
206099.880324,0.395618,0.004784,0.095200
208701.162287,0.393442,94.262378,0.088119
211343.844238,0.401073,-nan,0.095598
214008.638885,0.392291,127.387592,0.104542
216706.787031,0.401283,185.060920,0.104969
219457.760522,0.398242,72.280851,0.094246
222229.963486,0.404129,65.190895,0.096040
225041.555288,0.404574,74.745758,0.090725
227882.552700,0.390185,115.299173,0.102568
230770.942817,0.406729,0.009568,0.087718
233681.262223,0.394025,110.048892,0.093914
236641.705467,0.387010,28.802282,0.097459
239634.266283,0.399538,-nan,0.092538
242663.720538,0.397780,-nan,0.091582
245718.716171,0.391582,165.542257,0.095329
248835.564930,0.390669,53.385507,0.093733
251983.815399,0.403089,0.011049,0.097047
255169.392225,0.401246,0.009568,0.090531
258391.285786,0.395618,99.092660,0.100190
261658.094866,0.394743,82.316383,0.092021
264961.286786,0.397142,140.793666,0.100476
268313.767336,0.391997,125.368047,0.097126
271691.382836,0.391683,219.168729,0.103025
275137.220311,0.399979,165.453822,0.100333
278621.153638,0.394296,58.761731,0.102485
