0.000000,0.995000,0.000000,0.000000
1.003034,0.846662,0.001698,0.026203
1.016833,0.845329,0.001679,0.026252
1.031000,0.843923,0.001738,0.026631
1.045394,0.842454,0.001690,0.026452
1.059814,0.841023,0.001723,0.026471
1.074531,0.839883,0.001739,0.026570
1.089372,0.838521,0.001722,0.026777
1.104590,0.837144,0.001763,0.026524
1.119856,0.835619,0.001723,0.026626
1.135427,0.834308,0.001731,0.027107
1.151143,0.833117,0.001723,0.027087
1.167131,0.831573,0.001781,0.026910
1.183230,0.830323,0.001726,0.027058
1.199838,0.828525,0.001707,0.027058
1.216449,0.827029,0.001767,0.027238
1.233303,0.825515,0.001769,0.027402
1.250361,0.824025,0.001722,0.027552
1.267824,0.822577,0.001727,0.028017
1.285433,0.821217,0.001759,0.027808
1.303181,0.819831,0.001775,0.027892
1.321248,0.818448,0.001760,0.028004
1.339613,0.816329,0.001765,0.027904
1.358319,0.814650,0.001779,0.028093
1.377191,0.813281,0.001762,0.028035
1.396277,0.811608,0.001756,0.028224
1.415652,0.810352,0.001807,0.028732
1.435384,0.809106,0.001769,0.028546
1.455262,0.807583,0.001747,0.028784
1.475342,0.805965,0.001794,0.028933
1.495893,0.804654,0.001778,0.029258
1.516598,0.803325,0.001779,0.029090
1.537784,0.801977,0.001814,0.029066
1.559104,0.800783,0.001773,0.029324
1.580697,0.799177,0.001855,0.029323
1.602818,0.798021,0.001797,0.029655
1.624876,0.796798,0.001789,0.029716
1.647543,0.795340,0.001838,0.029655
1.670435,0.793675,0.001832,0.030049
1.693573,0.792242,0.001824,0.030077
1.717101,0.790848,0.001882,0.030194
1.740893,0.789158,0.001834,0.030425
1.765096,0.787540,0.001811,0.030628
1.789655,0.786008,0.001831,0.030713
1.814590,0.784538,0.001841,0.030933
1.839942,0.782871,0.001841,0.030915
1.865397,0.781379,0.001853,0.030714
1.891169,0.779994,0.001839,0.030581
1.917464,0.778838,0.001884,0.030830
1.944058,0.777140,0.001919,0.030918
1.971191,0.775598,0.001926,0.031321
1.998597,0.774206,0.001874,0.031740
2.026325,0.772827,0.001831,0.031956
2.054452,0.771225,0.001872,0.031952
2.082921,0.769829,0.001943,0.032075
2.111909,0.768008,0.001895,0.032544
2.141136,0.766481,0.001876,0.032942
2.171024,0.764850,0.001946,0.032727
2.201121,0.763365,0.001878,0.032938
2.231696,0.761850,0.001894,0.033035
2.262741,0.760250,0.001940,0.033146
2.294180,0.759104,0.001896,0.033097
2.326137,0.757192,0.001900,0.033461
2.358441,0.755598,0.001989,0.033938
2.391104,0.754233,0.001926,0.034051
2.424303,0.752669,0.001923,0.034448
2.458057,0.751060,0.002001,0.034805
2.492121,0.749742,0.001972,0.035038
2.526881,0.748373,0.001931,0.035112
2.561959,0.746756,0.001913,0.034986
2.597443,0.745087,0.001899,0.034879
2.633574,0.744217,0.001970,0.034912
2.670247,0.742752,0.001974,0.035187
2.707419,0.740933,0.001966,0.035317
2.744906,0.739077,0.001913,0.035326
2.783051,0.737633,0.001987,0.036197
2.821783,0.736463,0.001955,0.036225
2.860921,0.735154,0.001996,0.036214
2.900617,0.733529,0.001972,0.036838
2.941125,0.732319,0.001980,0.036953
2.981939,0.730921,0.001992,0.037279
3.023346,0.728804,0.001987,0.036776
3.065365,0.726967,0.001969,0.036587
3.107990,0.726135,0.002031,0.036458
3.151133,0.724444,0.002005,0.035947
3.195055,0.722425,0.002001,0.035724
3.239380,0.721173,0.002010,0.035764
3.284523,0.719685,0.001973,0.035750
3.330045,0.718413,0.002033,0.035619
3.376355,0.716877,0.001994,0.035629
3.423251,0.715538,0.002018,0.035731
3.470881,0.713808,0.001995,0.036263
3.519135,0.712008,0.002062,0.035783
3.567976,0.710604,0.002118,0.035938
3.617644,0.709085,0.002139,0.035836
3.667913,0.707462,0.002070,0.036178
3.718897,0.705804,0.002052,0.036427
3.770608,0.704315,0.002073,0.036549
3.823146,0.702923,0.002092,0.036793
3.876096,0.701213,0.002106,0.036607
3.930014,0.700096,0.002126,0.036990
3.984664,0.699444,0.002088,0.037298
4.040063,0.698471,0.002086,0.036653
4.096282,0.697333,0.002072,0.037389
4.153025,0.695940,0.002098,0.037239
4.210984,0.694458,0.002102,0.037632
4.269474,0.693073,0.002147,0.037816
4.328741,0.692183,0.002091,0.037946
4.389068,0.691169,0.002127,0.038909
4.449940,0.690056,0.002189,0.039102
4.511787,0.688690,0.002158,0.039008
4.574578,0.687435,0.002117,0.038626
4.638209,0.686010,0.002155,0.038685
4.702544,0.684896,0.002121,0.038889
4.767976,0.683171,0.002136,0.039008
4.834447,0.681273,0.002129,0.039111
4.901583,0.679946,0.002193,0.039403
4.969466,0.678669,0.002112,0.040129
5.038696,0.676744,0.002175,0.040702
5.108744,0.675375,0.002155,0.041443
5.179767,0.673915,0.002156,0.041846
5.251726,0.672408,0.002154,0.041886
5.324909,0.671527,0.002194,0.041978
5.398839,0.670063,0.002185,0.042804
5.473892,0.668590,0.002217,0.043088
5.550152,0.666881,0.002231,0.043320
5.627185,0.665710,0.002216,0.043252
5.705289,0.664321,0.002202,0.043376
5.784799,0.662787,0.002200,0.043459
5.865219,0.661588,0.002190,0.042889
5.946675,0.660406,0.002243,0.043031
6.029381,0.659375,0.002184,0.043240
6.113193,0.658371,0.002183,0.043148
6.198167,0.657485,0.002266,0.043534
6.284443,0.655265,0.002243,0.043035
6.371828,0.653910,0.002224,0.043936
6.460404,0.652808,0.002244,0.043657
6.550172,0.651625,0.002250,0.043162
6.641263,0.650037,0.002197,0.043262
6.733710,0.648908,0.002247,0.042899
6.827322,0.647215,0.002340,0.043258
6.922300,0.645463,0.002283,0.043085
7.018480,0.644415,0.002293,0.043685
7.116141,0.642515,0.002275,0.043565
7.215019,0.640846,0.002275,0.043484
7.315155,0.639887,0.002281,0.043845
7.417208,0.638777,0.002307,0.043976
7.520260,0.637683,0.002342,0.044484
7.624699,0.636660,0.002242,0.044800
7.730797,0.635342,0.002264,0.044596
7.838379,0.633946,0.002204,0.045029
7.947185,0.632769,0.002262,0.045444
8.057654,0.631540,0.002255,0.045708
8.169822,0.630308,0.002299,0.045694
8.283316,0.628794,0.002354,0.045475
8.398578,0.626979,0.002406,0.045619
8.515499,0.625683,0.002318,0.045345
8.633864,0.624379,0.002320,0.045279
8.753988,0.622523,0.002324,0.045101
8.875500,0.621569,0.002386,0.045485
8.999104,0.619740,0.002427,0.045839
9.124147,0.618625,0.002332,0.046692
9.251077,0.616954,0.002399,0.046309
9.379691,0.616385,0.002373,0.046120
9.510177,0.615365,0.002454,0.046574
9.642226,0.613990,0.002437,0.046951
9.776280,0.613023,0.002384,0.047561
9.912466,0.611169,0.002401,0.047939
10.050304,0.610035,0.002445,0.048533
10.190022,0.608383,0.002420,0.049311
10.331868,0.607271,0.002485,0.049384
10.475667,0.605567,0.002456,0.049390
10.621132,0.604406,0.002504,0.050183
10.768850,0.603454,0.002465,0.049980
10.918528,0.602154,0.002444,0.049618
11.070490,0.600973,0.002522,0.049468
11.224276,0.599573,0.002398,0.049876
11.380539,0.599885,0.002450,0.050186
11.538757,0.598754,0.002463,0.050230
11.699265,0.597654,0.002444,0.050101
11.861949,0.594912,0.002499,0.049888
12.026909,0.593796,0.002438,0.049442
12.194013,0.592525,0.002501,0.049970
12.363742,0.590702,0.002380,0.049913
12.535760,0.588440,0.002481,0.050532
12.710025,0.586696,0.002464,0.051071
12.886679,0.584879,0.002531,0.051126
13.065916,0.584492,0.002496,0.050824
13.247745,0.582790,0.002548,0.049864
13.431939,0.581450,0.002581,0.049684
13.618772,0.579938,0.002534,0.049816
13.808038,0.578935,0.002552,0.050414
14.000289,0.578037,0.002615,0.050459
14.194869,0.577485,0.002573,0.050842
14.392370,0.576146,0.002601,0.050890
14.592404,0.574950,0.002566,0.051095
14.795507,0.573446,0.002641,0.052280
15.001266,0.572513,0.002647,0.052571
15.209940,0.570788,0.002579,0.051886
15.421380,0.569185,0.002575,0.050783
15.635802,0.569117,0.002625,0.052287
15.853297,0.567463,0.002636,0.052519
16.073927,0.565756,0.002676,0.052494
16.297372,0.564019,0.002659,0.051223
16.524018,0.563044,0.002581,0.052208
16.753953,0.562435,0.002652,0.053220
16.986867,0.561167,0.002626,0.053812
17.223387,0.560077,0.002619,0.054281
17.462894,0.557850,0.002725,0.054210
17.705480,0.557156,0.002679,0.053324
17.951791,0.556540,0.002674,0.053792
18.201555,0.554754,0.002686,0.053098
18.454886,0.555229,0.002681,0.054197
18.711314,0.553200,0.002703,0.054854
18.971817,0.551588,0.002739,0.054894
19.235448,0.550165,0.002677,0.054656
19.503077,0.549108,0.002642,0.054576
19.774066,0.548040,0.002617,0.054533
20.049187,0.546965,0.002609,0.053660
20.328082,0.544863,0.002734,0.053076
20.610934,0.544860,0.002613,0.053277
20.897512,0.542996,0.002734,0.054840
21.188300,0.541431,0.002672,0.054247
21.483110,0.539554,0.002820,0.054923
21.781731,0.538362,0.002833,0.056214
22.084656,0.537338,0.002739,0.055974
22.391940,0.537704,0.002747,0.055697
22.703447,0.536894,0.002767,0.055569
23.019147,0.535042,0.002773,0.054906
23.339455,0.534000,0.002800,0.055634
23.663850,0.532619,0.002784,0.056075
23.992886,0.531960,0.002801,0.055909
24.326860,0.531833,0.002809,0.056953
24.665300,0.530915,0.002895,0.056749
25.008295,0.530525,0.002851,0.056875
25.356049,0.529227,0.002846,0.055754
25.708697,0.528671,0.002771,0.056726
26.066360,0.526721,0.002762,0.056292
26.428984,0.525598,0.002849,0.056565
26.796539,0.524812,0.002926,0.057030
27.169269,0.524096,0.002816,0.057103
27.546943,0.522321,0.002877,0.056619
27.930298,0.520977,0.002972,0.056030
28.318816,0.519781,0.002865,0.056661
28.712958,0.518848,0.002976,0.057053
29.112017,0.517777,0.002931,0.058397
29.517001,0.515956,0.002932,0.057616
29.927531,0.514965,0.002906,0.057279
30.343900,0.515083,0.002851,0.058196
30.765807,0.513485,0.002938,0.058649
31.193838,0.512469,0.002930,0.058962
31.627650,0.511073,0.002934,0.059240
32.067638,0.510442,0.002929,0.059205
32.513731,0.508471,0.002949,0.059165
32.965861,0.508717,0.002951,0.059217
33.424717,0.508402,0.003033,0.059599
33.889529,0.507815,0.003073,0.060308
34.360851,0.506381,0.002993,0.060003
34.838602,0.505444,0.002925,0.059729
35.323140,0.504435,0.002948,0.059727
35.814598,0.503021,0.003057,0.059257
36.312845,0.503454,0.003073,0.059404
36.817826,0.503596,0.002920,0.060419
37.330088,0.502027,0.003042,0.060512
37.849298,0.500921,0.003107,0.058887
38.375848,0.499688,0.003009,0.059065
38.909631,0.498552,0.002981,0.059310
39.450805,0.498269,0.002999,0.060932
39.999521,0.498427,0.003087,0.062180
40.555999,0.497465,0.003050,0.061776
41.120175,0.497360,0.002985,0.061018
41.692028,0.496592,0.003083,0.061297
42.272167,0.496108,0.003055,0.062427
42.859956,0.496019,0.002988,0.062778
43.455957,0.492313,0.003055,0.062149
44.060867,0.492346,0.003091,0.061880
44.673566,0.490929,0.003084,0.062467
45.295032,0.491219,0.003116,0.062442
45.925013,0.490119,0.003161,0.063000
46.563800,0.488460,0.003122,0.063857
47.211516,0.487354,0.003074,0.064936
47.868238,0.486496,0.003144,0.064997
48.534185,0.484931,0.003304,0.064515
49.209056,0.485094,0.003171,0.065669
49.893706,0.484990,0.003100,0.066090
50.587596,0.484204,0.003263,0.066031
51.291425,0.483910,0.003166,0.066416
52.004705,0.481006,0.003164,0.067457
52.728332,0.479677,0.003204,0.067713
53.461737,0.480144,0.003339,0.067716
54.205584,0.478565,0.003280,0.068159
54.959387,0.477577,0.003260,0.068653
55.723937,0.477104,0.003317,0.067565
56.499192,0.477902,0.003171,0.065632
57.284974,0.476781,0.003269,0.068232
58.081793,0.475856,0.003378,0.067375
58.889706,0.476483,0.003238,0.067251
59.708897,0.474300,0.003353,0.067062
60.539229,0.474615,0.003213,0.066676
61.381410,0.474377,0.003199,0.066872
62.235132,0.473460,0.003362,0.068128
63.100811,0.472267,0.003247,0.069257
63.979116,0.472617,0.003304,0.069103
64.868869,0.470846,0.003311,0.068558
65.771284,0.469263,0.003302,0.066968
66.686331,0.468542,0.003260,0.066384
67.613878,0.465900,0.003344,0.068113
68.554494,0.464775,0.003321,0.067856
69.508066,0.465531,0.003227,0.069773
70.474758,0.464219,0.003326,0.070008
71.455190,0.463096,0.003364,0.070007
72.449190,0.460890,0.003494,0.070012
73.456814,0.460340,0.003346,0.070472
74.478889,0.459860,0.003555,0.072340
75.514808,0.458104,0.003464,0.071668
76.565386,0.457627,0.003464,0.071345
77.630314,0.455935,0.003388,0.072385
78.710384,0.456083,0.003388,0.073416
79.805120,0.455569,0.003505,0.074123
80.915172,0.455119,0.003612,0.075162
82.040582,0.452738,0.003592,0.073365
83.181991,0.450838,0.003594,0.074321
84.339179,0.451015,0.003500,0.073954
85.512362,0.450733,0.003559,0.072527
86.701907,0.448369,0.003498,0.072200
87.907843,0.449648,0.003676,0.073170
89.131016,0.448331,0.003522,0.072498
90.370933,0.444773,0.003532,0.071199
91.627668,0.444700,0.003504,0.071906
92.902349,0.442869,0.003539,0.072783
94.194834,0.442356,0.003599,0.071880
95.505045,0.442298,0.003539,0.071834
96.833547,0.441658,0.003671,0.072660
98.180621,0.443148,0.003445,0.072356
99.546336,0.443352,0.003535,0.072449
100.931164,0.443031,0.003540,0.073084
102.334894,0.441723,0.003643,0.071382
103.758758,0.440144,0.003628,0.072592
105.202074,0.439487,0.003650,0.073708
106.665592,0.438367,0.003707,0.072637
108.149524,0.436413,0.003595,0.073362
109.653793,0.437002,0.003577,0.071910
111.178939,0.436490,0.003538,0.073168
112.725545,0.434990,0.003503,0.073053
114.293862,0.434008,0.003737,0.073592
115.883461,0.434650,0.003716,0.073617
117.495634,0.433435,0.003627,0.074576
119.130174,0.432069,0.003656,0.073981
120.787328,0.431833,0.003788,0.073679
122.467678,0.429062,0.003638,0.074187
124.171485,0.428773,0.003742,0.075665
125.898842,0.428315,0.003852,0.075898
127.649704,0.428348,0.003714,0.075923
129.425639,0.428842,0.003841,0.077158
131.225790,0.429654,0.003829,0.076552
133.051583,0.425352,0.003856,0.075719
134.902365,0.427237,0.003742,0.077249
136.779077,0.424987,0.003781,0.078072
138.681678,0.425113,0.003777,0.078088
140.611013,0.423402,0.003861,0.077529
142.566943,0.423504,0.003876,0.077613
144.549961,0.423185,0.003875,0.077517
146.560832,0.421458,0.003846,0.078272
148.599789,0.421765,0.003899,0.078791
150.667186,0.420923,0.003929,0.078380
152.762505,0.421579,0.003779,0.077562
154.887866,0.419719,0.003848,0.078878
157.042212,0.420821,0.003921,0.078987
159.226903,0.421335,0.003793,0.076944
161.442138,0.418356,0.003754,0.076558
163.688105,0.419552,0.003833,0.077641
165.964776,0.420458,0.003742,0.077334
168.273694,0.420073,0.003780,0.078100
170.614318,0.418081,0.003818,0.078374
172.987859,0.417769,0.003984,0.079315
175.394254,0.416471,0.003912,0.080426
177.834380,0.417598,0.003985,0.080559
180.308274,0.415273,0.004114,0.081968
182.816368,0.412831,0.004024,0.081413
185.359435,0.415054,0.003968,0.081414
187.937933,0.413592,0.004018,0.080376
190.552313,0.412479,0.003946,0.080620
193.203052,0.413506,0.004021,0.081977
195.890949,0.413948,0.003853,0.081100
198.615828,0.412604,0.003942,0.082848
201.378710,0.412113,0.004017,0.081292
204.180063,0.411817,0.004043,0.080562
207.020646,0.410471,0.004072,0.084293
209.900130,0.409523,0.003918,0.082613
212.820336,0.408683,0.004280,0.083711
215.780954,0.406027,0.004106,0.081682
218.782464,0.402873,0.004280,0.081732
221.825945,0.404423,0.004178,0.082653
224.912051,0.405046,0.004020,0.082511
228.040664,0.401581,0.004133,0.080938
231.213215,0.402363,0.004300,0.081737
234.429271,0.402546,0.004239,0.083623
237.690588,0.400490,0.004547,0.082374
240.997013,0.402219,0.004374,0.083663
244.349507,0.402471,0.004550,0.084212
247.748662,0.401358,0.004570,0.082945
251.195119,0.400096,0.004497,0.083668
254.689810,0.398433,0.004587,0.084883
258.232631,0.397410,0.004258,0.082859
261.824811,0.398079,0.004491,0.083159
265.467346,0.396867,0.004485,0.085222
269.159949,0.393996,0.004439,0.084054
272.904530,0.393271,0.004197,0.082880
276.700699,0.394171,0.004401,0.082524
280.550095,0.395083,0.004419,0.082693
284.452978,0.394831,0.004462,0.083819
288.409984,0.393600,0.004450,0.082552
292.421974,0.392577,0.004635,0.084954
296.489972,0.393521,0.004692,0.085185
300.614363,0.393290,0.004700,0.088430
304.796320,0.392054,0.005014,0.088120
309.036429,0.392360,0.004797,0.087016
313.335633,0.390140,0.004932,0.084243
317.694498,0.387673,0.004697,0.085805
322.113865,0.386302,0.004549,0.084553
326.594491,0.385752,0.004522,0.084159
331.137832,0.385304,0.004441,0.084793
335.744336,0.385006,0.004378,0.083146
340.415072,0.385865,0.004586,0.086435
345.150593,0.384144,0.004641,0.088119
349.951993,0.385250,0.004519,0.089306
354.820241,0.386129,0.004802,0.089887
359.756420,0.386419,0.004530,0.089785
364.760842,0.388840,0.004764,0.089822
369.835210,0.389517,0.004833,0.088890
374.979790,0.390519,0.004612,0.088883
380.196417,0.385973,0.004744,0.086406
385.485353,0.383692,0.004622,0.087710
390.847717,0.383658,0.004589,0.087629
396.284757,0.385833,0.004657,0.087678
401.797982,0.385140,0.004843,0.085987
407.387154,0.383046,0.004502,0.085816
413.054276,0.380265,0.004680,0.087590
418.800568,0.380521,0.004806,0.088706
424.626915,0.378537,0.004820,0.089515
430.533679,0.378583,0.004763,0.089038
436.522694,0.382708,0.004921,0.090620
442.595347,0.382456,0.004808,0.092260
448.752397,0.379408,0.004735,0.090591
454.994996,0.378610,0.005061,0.091895
461.324599,0.380575,0.004582,0.090460
467.742302,0.378902,0.005025,0.090494
474.248782,0.380752,0.004841,0.090848
480.846628,0.381652,0.005175,0.094238
487.535507,0.379308,0.004729,0.090529
494.317945,0.376306,0.005322,0.094896
501.194339,0.376212,0.004862,0.092178
508.166525,0.378083,0.005674,0.093242
515.235806,0.376981,0.005338,0.094703
522.403501,0.375719,0.005916,0.093013
529.670555,0.377508,0.005142,0.095750
537.038977,0.375546,0.004961,0.094851
544.510024,0.372952,0.005601,0.095143
552.084844,0.373029,0.005439,0.095860
559.765164,0.371427,0.005441,0.097225
567.552183,0.369323,0.005821,0.094682
575.447577,0.371762,0.005558,0.095463
583.452650,0.371729,0.005401,0.094780
591.569059,0.372587,0.005333,0.095283
599.798579,0.370373,0.005208,0.094892
608.142637,0.372204,0.005287,0.096225
616.602490,0.368625,0.005390,0.096072
625.180074,0.368794,0.005307,0.093713
633.877139,0.367127,0.005356,0.092307
642.695157,0.369194,0.005319,0.096120
651.635932,0.369394,0.008092,0.095236
660.701232,0.370708,0.006208,0.097125
669.892293,0.369915,0.005937,0.095634
679.211208,0.369296,0.005726,0.098059
688.659855,0.368429,0.005815,0.099584
698.239881,0.367754,0.005886,0.096156
707.953227,0.369198,0.005901,0.095975
717.801650,0.369075,0.005696,0.097500
727.787523,0.367631,0.006969,0.100153
737.911996,0.365594,0.006937,0.097077
748.173114,0.366581,0.143872,0.099942
758.585108,0.367896,0.006064,0.098940
769.138211,0.367940,0.005777,0.096689
779.837771,0.368353,0.005614,0.100249
790.686268,0.368467,0.006394,0.097240
801.685742,0.366524,0.006255,0.097838
812.838159,0.367577,0.006072,0.097619
824.145554,0.365029,0.005397,0.097283
835.610591,0.366053,0.005916,0.099932
847.234938,0.363309,0.006111,0.097790
859.021251,0.361745,0.005924,0.100038
870.971508,0.360957,0.006187,0.101206
883.087549,0.363557,0.005785,0.100090
895.372513,0.363276,0.005519,0.100780
907.827939,0.360294,0.006059,0.099168
920.457360,0.358597,0.006269,0.097720
933.261932,0.357246,0.006840,0.099910
946.245109,0.359245,0.006516,0.101024
959.408673,0.359347,0.008612,0.104024
972.755424,0.358286,0.011113,0.102510
986.287756,0.358447,0.008830,0.102751
1000.007921,0.358588,0.007501,0.101427
1013.919390,0.355461,0.006376,0.099692
1028.024087,0.356151,0.012925,0.098996
1042.325031,0.356549,0.005568,0.097930
1056.825240,0.354379,0.006061,0.099763
1071.526914,0.354637,0.005651,0.096615
1086.434188,0.354085,0.017825,0.098026
1101.544410,0.352742,0.151082,0.099960
1116.871315,0.351364,0.005994,0.098611
1132.408638,0.351790,0.007077,0.099500
1148.162226,0.349595,0.016771,0.099050
1164.134701,0.350254,0.011447,0.100656
1180.312485,0.352749,0.419659,0.100191
1196.735649,0.352856,0.430741,0.101300
1213.396823,0.352999,0.006199,0.099277
1230.276898,0.351334,0.006495,0.100691
1247.391720,0.349588,0.008842,0.098877
1264.744624,0.352118,0.006662,0.099739
1282.338561,0.354166,0.006524,0.100506
1300.177857,0.353427,0.007611,0.100153
1318.262179,0.356113,0.106578,0.100755
1336.603651,0.351500,0.006025,0.099127
1355.197256,0.354247,0.006113,0.099423
1374.049558,0.355063,0.005679,0.101327
1393.164754,0.355215,0.005742,0.098685
1412.545285,0.353544,0.005930,0.098911
1432.195718,0.351469,0.006210,0.102427
1452.119353,0.350393,0.006654,0.103677
1472.320662,0.346510,0.008056,0.103137
1492.802937,0.345818,0.008984,0.102455
1513.569247,0.347600,0.006593,0.100464
1534.625248,0.346328,0.007337,0.104550
1555.973881,0.349607,0.006344,0.101427
1577.619317,0.351107,0.006473,0.104276
1599.566074,0.350839,0.006764,0.102693
1621.818397,0.349381,0.006411,0.100913
1644.379939,0.346483,0.006283,0.099195
1667.254902,0.347644,0.006936,0.099857
1690.449003,0.350362,0.006035,0.103824
1713.965339,0.346410,0.008125,0.103141
1737.809085,0.342934,0.006461,0.104006
1761.984238,0.346018,0.005945,0.104875
1786.495798,0.344784,0.006879,0.102214
1811.348570,0.346075,0.007001,0.101062
1836.546487,0.346951,0.008411,0.102066
1862.095942,0.348556,0.012413,0.104848
1887.976637,0.345365,0.652950,0.104881
1914.264374,0.346438,0.010209,0.104309
1940.894327,0.346567,0.008483,0.104322
1967.895157,0.347927,0.008503,0.104188
1995.240649,0.345926,0.732833,0.106645
2023.027550,0.345730,0.007507,0.099612
2051.170414,0.347629,0.007644,0.102797
2079.689591,0.348904,0.539053,0.106358
2108.636581,0.348813,0.008662,0.106927
2137.940288,0.350048,0.731752,0.106671
2167.712446,0.350597,0.006874,0.101651
2197.868038,0.350930,0.007336,0.102672
2228.443388,0.348591,0.006752,0.105793
2259.424128,0.347229,0.681550,0.105727
2290.875578,0.345249,0.006175,0.101879
2322.745342,0.341857,0.007592,0.102589
2355.057664,0.351032,0.006729,0.104977
2387.819335,0.347079,0.006534,0.102082
2421.037446,0.346254,0.007643,0.101792
2454.716633,0.350509,0.006881,0.100983
2488.865622,0.345766,0.009885,0.102112
2523.462275,0.343286,0.930286,0.101936
2558.594626,0.343650,0.010492,0.102696
2594.187702,0.342864,0.009440,0.103003
2630.276748,0.342805,0.008448,0.101881
2666.866846,0.341255,0.007488,0.101083
2703.937619,0.346555,0.799778,0.099809
2741.551876,0.343913,1.034803,0.100531
2779.721366,0.345267,0.005942,0.102751
2818.391190,0.347155,0.006724,0.100595
2857.600250,0.343503,0.037796,0.102205
2897.285567,0.345993,1.597258,0.099862
2937.657845,0.347464,0.007393,0.101706
2978.524775,0.345083,0.007224,0.103794
3019.959919,0.345013,0.008330,0.101190
3061.971631,0.344841,0.008278,0.102228
3104.567984,0.350477,0.006243,0.103398
3147.756837,0.350452,0.009423,0.102187
3191.545653,0.350341,0.006025,0.102052
3235.945056,0.347646,0.008560,0.100340
3280.938191,0.345004,0.556030,0.102050
3326.603834,0.347891,0.011249,0.100902
3372.864683,0.346980,0.802416,0.104295
3419.802671,0.345620,0.007430,0.103985
3467.376777,0.350975,0.007569,0.105218
3515.601821,0.346789,0.374706,0.102462
3564.480207,0.348305,1.102892,0.103159
3614.107130,0.342460,0.011063,0.103199
3664.304209,0.348539,1.936255,0.104291
3715.310197,0.348257,1.231461,0.106734
3766.972932,0.349818,1.778738,0.105644
3819.429835,0.348585,0.716331,0.106359
3872.574355,0.345758,0.487871,0.104071
3926.457812,0.347469,0.010255,0.105920
3981.043087,0.344524,1.268071,0.105202
4036.462586,0.348104,0.009077,0.102653
4092.615098,0.349532,0.007748,0.106183
4149.548733,0.346976,0.007455,0.103002
4207.274489,0.350637,0.008807,0.104456
4265.803333,0.346323,0.011794,0.106088
4325.092118,0.345376,1.568420,0.101068
4385.315210,0.344867,0.006999,0.101549
4446.321064,0.346312,0.008507,0.102275
4508.123494,0.350563,1.764500,0.104099
4570.889885,0.348379,0.006272,0.102535
4634.477395,0.345269,0.006692,0.098002
4698.949431,0.349156,0.007000,0.102501
4764.317544,0.350846,0.006269,0.101731
4830.595452,0.354124,0.032458,0.107276
4897.796332,0.351467,0.007319,0.104476
4965.931225,0.347863,0.006734,0.103346
5035.014000,0.344666,0.005990,0.097719
5105.058765,0.347178,0.008049,0.105578
5176.077039,0.344955,0.010727,0.102760
5248.011768,0.341803,1.709734,0.102527
5321.007099,0.340624,2.326884,0.101450
5395.113188,0.343878,0.049219,0.102351
5470.147050,0.347341,0.726580,0.104398
5546.214932,0.350188,1.401156,0.104162
5623.421195,0.350364,0.007491,0.105532
5701.512083,0.345692,2.789783,0.105065
5780.937783,0.347459,0.620362,0.108930
5861.390128,0.342441,0.006782,0.102978
5942.928819,0.350565,0.022785,0.102537
6025.545602,0.346693,1.291859,0.102610
6109.428379,0.348622,0.006924,0.102313
6194.418673,0.349423,0.007301,0.104231
6280.535629,0.345263,1.890024,0.101742
6367.963689,0.343622,0.007540,0.101813
-nan,-nan,-nan,-nan
6546.326698,0.342651,1.214495,0.101566
6637.353196,0.341449,1.647546,0.106660
6729.774670,0.348632,0.007062,0.105481
6823.394912,0.347763,0.006295,0.099282
-nan,-nan,-nan,-nan
7014.478424,0.355501,1.960082,0.102990
7112.143471,0.353062,0.010655,0.105285
7211.082962,0.347312,0.006532,0.097036
7311.398930,0.353341,0.006613,0.101994
7413.110491,0.344821,0.006688,0.101294
7516.168797,0.348925,1.629511,0.099924
7620.786994,0.347504,0.532646,0.101589
7726.740407,0.349237,1.748264,0.103894
7834.304808,0.349698,0.009401,0.103227
7943.186135,0.351193,2.284245,0.103823
8053.752568,0.349831,1.890803,0.100942
8165.831643,0.353410,0.006168,0.102866
8279.430105,0.347301,0.009869,0.101632
8394.411881,0.347555,4.287042,0.101305
8511.388153,0.352844,0.005990,0.099945
8629.793856,0.350395,0.007973,0.105576
8749.716196,0.344074,3.369112,0.104929
8871.569026,0.349170,0.015118,0.108906
8994.973767,0.340986,0.353478,0.103972
9119.979055,0.345732,3.755579,0.105357
9246.991806,0.346892,0.035343,0.103387
9375.537830,0.349106,2.454941,0.107059
9505.909967,0.350090,3.445949,0.105586
9638.298231,0.351967,0.006511,0.105108
9772.380627,0.347311,0.008687,0.104331
9908.327576,0.344301,0.007580,0.102862
10045.999269,0.343781,3.925178,0.107191
10185.834538,0.342207,2.950652,0.104847
10327.622526,0.338224,0.007154,0.106080
10471.213998,0.341348,1.548590,0.109360
10616.832211,0.339243,3.976823,0.108882
10764.539068,0.339613,2.586960,0.110892
10914.412276,0.335774,0.009391,0.104996
11065.983336,0.336718,4.866116,0.108548
11220.044815,0.338041,3.517137,0.106918
11376.014244,0.333257,5.156520,0.106042
11534.414810,0.340156,4.187767,0.109452
11694.963319,0.335289,1.830238,0.104335
11857.695944,0.335706,0.006779,0.103045
12022.521062,0.342773,3.814868,0.110793
12189.482056,0.335717,7.571759,0.108698
12358.964662,0.345692,8.411119,0.109690
12531.218083,0.345359,4.677472,0.105076
12705.623766,0.342856,3.375479,0.105676
12882.308755,0.346072,5.426100,0.103682
13061.496209,0.344371,5.422823,0.104087
13243.140949,0.343308,5.403409,0.105586
13427.631926,0.341135,1.208933,0.103830
13614.262038,0.347172,4.379527,0.104946
13803.589212,0.348651,6.036397,0.104466
13995.712759,0.344443,3.979572,0.099086
14190.449462,0.350236,3.552042,0.103939
14387.936566,0.345447,2.640872,0.101206
14587.860311,0.341875,6.682401,0.103069
14790.684851,0.347539,7.932241,0.104445
14996.593501,0.346434,6.674353,0.104479
15205.062090,0.350806,8.593727,0.106531
15416.604651,0.342703,6.860950,0.106651
15631.389553,0.343974,3.017339,0.105621
15848.714718,0.338004,5.973857,0.109749
16069.069089,0.341073,6.913350,0.109612
16292.915089,0.347186,2.426079,0.105542
16519.425809,0.347364,4.659753,0.102730
16749.299131,0.348162,3.602812,0.104467
16982.156124,0.341571,6.539059,0.101432
17218.390384,0.341226,5.097960,0.110819
17457.653440,0.344035,10.588955,0.108130
17700.839137,0.342601,6.738727,0.109879
17947.168741,0.336179,5.331302,0.108517
18197.016540,0.339182,0.006329,0.108701
18449.662508,0.338903,8.968512,0.106197
18705.620956,0.346378,16.345899,0.105866
18966.730910,0.349331,8.670271,0.107166
19230.925763,0.345005,0.008990,0.106576
19498.454893,0.346961,0.011920,0.109986
19769.023857,0.341254,12.097655,0.110590
20043.796038,0.341523,14.668272,0.107087
20323.358809,0.340817,4.363270,0.105073
20605.958554,0.350433,6.272815,0.101620
20892.969819,0.341581,0.008116,0.104184
21182.933134,0.346254,13.135202,0.101848
21478.141683,0.343381,5.350845,0.109050
21776.870927,0.348679,5.230405,0.107867
22080.042794,0.347197,0.435111,0.108314
22386.634649,0.346929,11.316564,0.106685
22698.368397,0.349636,7.324273,0.108951
23013.886868,0.339002,10.163067,0.105433
23334.008976,0.344683,10.767058,0.103873
23659.204959,0.347497,0.006965,0.101933
23988.242645,0.346627,2.939542,0.099745
24321.838398,0.347309,3.773726,0.102950
24660.254793,0.353694,6.405313,0.105038
25003.091964,0.352352,9.033323,0.104177
25351.047354,0.349105,6.216843,0.100839
25703.896704,0.343846,3.052552,0.107574
26061.137475,0.345342,10.426806,0.102185
26423.971422,0.350564,2.702186,0.102456
26791.226937,0.344665,9.787394,0.108798
27163.782718,0.346317,14.732294,0.105994
27541.586711,0.344286,12.009633,0.109848
27924.559314,0.343737,13.306440,0.109334
28312.352402,0.344234,21.646284,0.109430
28707.364281,0.349274,12.004663,0.102511
29106.707125,0.348930,9.583228,0.105366
29511.868306,0.351772,5.745421,0.104730
29922.169227,0.343613,10.373939,0.106643
30337.615458,0.338887,19.862198,0.106741
30760.365173,0.342178,9.192145,0.109441
31188.689375,0.350946,6.434270,0.105981
31622.486442,0.346646,7.306244,0.102206
32061.575003,0.355704,19.712605,0.108123
32506.309694,0.347390,28.758846,0.104440
32960.818514,0.346709,6.793061,0.103085
33418.021028,0.335994,22.665630,0.110314
33883.449273,0.336355,15.472717,0.107363
34354.036372,0.335796,23.194491,0.107301
34832.593528,0.331774,18.801559,0.110790
35317.167233,0.340837,19.682620,0.112392
35808.730768,0.347781,19.118883,0.103606
36306.447735,0.341514,20.385126,0.105911
36812.847790,0.346691,2.421092,0.108389
37323.703694,0.341122,18.728351,0.104740
37843.628593,0.337974,11.063088,0.108879
38370.446763,0.341600,11.311390,0.108260
38902.101146,0.341355,33.333096,0.100584
39445.113846,0.335808,12.779187,0.100722
39992.631715,0.342430,25.706703,0.108247
40549.296130,0.345886,20.614504,0.106439
41113.277618,0.345522,24.337077,0.104326
41685.993560,0.346397,15.996215,0.105898
42266.325015,0.346387,11.160031,0.104409
42853.633303,0.335978,23.273301,0.110994
43449.089608,0.340349,30.194345,0.111710
44053.126283,0.338457,31.984676,0.110293
44668.367507,0.345141,0.007308,0.102792
45289.113454,0.341521,13.511528,0.107411
45919.782178,0.343139,0.546860,0.105441
46556.593623,0.343438,28.193390,0.104262
47205.265519,0.338260,20.325513,0.108015
47860.880803,0.348716,31.509816,0.111230
48523.945867,0.343100,47.422544,0.112312
49203.371557,0.341136,15.040010,0.107756
49887.176772,0.340196,25.118532,0.104360
50580.590958,0.354169,24.449546,0.107314
51284.170891,0.346714,28.210394,0.101064
51998.676847,0.357176,25.500979,0.105448
52721.527678,0.346852,29.527297,0.104082
53453.155025,0.340872,40.737041,0.106276
54197.850818,0.350733,29.079806,0.105690
54953.201609,0.343599,17.211490,0.104568
55718.017759,0.340602,10.158019,0.104614
56493.094340,0.352884,16.526535,0.104165
57275.227894,0.342399,49.650621,0.107993
58073.978718,0.338176,35.487882,0.108780
58880.117028,0.346374,48.482738,0.106761
59698.862061,0.341601,46.683578,0.106541
60532.243246,0.346920,33.352239,0.102975
61373.262505,0.348645,42.512176,0.100203
62228.622449,0.349156,31.066769,0.104977
63089.955119,0.349548,61.527527,0.108628
63969.760866,0.345153,47.493133,0.105126
64856.388332,0.338877,66.464051,0.112072
65762.178487,0.346426,51.515307,0.105997
66679.105437,0.344775,24.508550,0.105997
67604.948185,0.346487,42.951865,0.111402
68544.040250,0.343573,53.235387,0.109083
69493.822685,0.342636,70.321688,0.112354
70469.315436,0.351736,0.007689,0.106162
71448.398000,0.350776,13.709084,0.113303
72440.511292,0.341730,47.048736,0.102655
73446.035081,0.348146,63.442769,0.110318
74462.632540,0.337342,87.898245,0.113248
75507.376874,0.338875,37.650399,0.109157
76553.029719,0.339296,68.043133,0.106325
77622.149142,0.344512,41.183188,0.108102
78699.612123,0.339693,57.170167,0.106464
79792.067167,0.349571,83.649230,0.110876
80908.765394,0.339945,17.124260,0.108790
82032.412198,0.345213,45.488627,0.104837
83168.502354,0.333459,74.463596,0.108213
84327.354346,0.345117,65.803887,0.105184
85504.957104,0.339703,31.083341,0.103792
86691.957462,0.342507,51.493172,0.105887
87899.482612,0.352584,40.989895,0.104944
89120.011552,0.356948,65.352986,0.100487
90364.091445,0.355863,12.696110,0.106008
91618.120190,0.350443,56.106793,0.111469
92886.282743,0.339076,98.674519,0.112467
94181.209941,0.348169,72.548745,0.109876
95496.452644,0.346065,36.161839,0.109353
96821.813343,0.354337,79.777164,0.106942
98162.552218,0.339179,107.798977,0.119425
99529.347299,0.340421,91.637271,0.115201
100916.321726,0.341199,94.793790,0.113790
102320.063915,0.341527,96.098651,0.105787
103741.467093,0.339530,101.211592,0.112328
105188.949540,0.341977,90.030939,0.101340
106657.594449,0.336872,36.612183,0.113409
108129.118359,0.325104,115.723482,0.113474
109634.395533,0.333231,126.335496,0.110505
111162.214787,0.339855,94.886090,0.111367
112709.800803,0.338863,102.889476,0.106029
114271.030031,0.336989,134.837017,0.111674
115872.855760,0.346973,83.677802,0.104471
117476.920626,0.344016,117.804123,0.107764
119122.393616,0.341393,36.846587,0.102379
120768.726466,0.331190,120.295782,0.108644
122458.100884,0.348901,59.291630,0.097924
124163.737003,0.345513,21.816859,0.105387
125878.702829,0.341534,139.947023,0.106998
127633.762827,0.342608,110.584380,0.111283
129404.922461,0.336168,127.148094,0.118356
131218.279596,0.343323,34.503701,0.100597
133024.648028,0.342649,147.468966,0.112003
134883.997234,0.333164,122.141608,0.108304
136750.241824,0.334870,163.722221,0.122151
138659.906458,0.340465,149.321354,0.114299
140600.844797,0.329757,46.788134,0.102435
142553.732548,0.342184,81.932780,0.117308
144523.127112,0.336653,162.547074,0.114254
146534.821745,0.342031,177.267061,0.108089
148573.495259,0.325529,162.384401,0.106565
150649.142215,0.343143,128.723401,0.106336
152751.366374,0.341272,67.328756,0.109156
154868.141951,0.335142,116.069421,0.116717
157016.058506,0.337146,165.609187,0.111009
159208.600781,0.348663,110.345273,0.103635
161411.651552,0.340402,199.268755,0.113730
163606.388825,0.328117,344.471984,0.124106
165891.520985,0.330160,330.548903,0.125555
168225.577568,0.336049,252.896357,0.113999
170601.012805,0.342195,120.322588,0.105652
172957.890564,0.328812,168.095840,0.118675
175363.505735,0.342148,192.025853,0.115244
177799.457673,0.341899,219.805020,0.121616
180266.393062,0.338037,246.531441,0.119857
182787.582004,0.345431,198.137447,0.115776
185305.177918,0.328780,297.766907,0.121060
187907.900952,0.353393,214.385406,0.108440
190512.477017,0.351117,261.872716,0.111751
193164.871312,0.344501,223.373617,0.123674
195869.652484,0.337350,127.167395,0.120185
198587.385455,0.330364,189.433659,0.109058
201326.887025,0.339573,318.214162,0.114656
204156.002111,0.340601,166.832081,0.104199
206974.921317,0.336802,284.634403,0.118616
209843.178673,0.332506,266.768690,0.125012
212787.466351,0.337172,233.748954,0.114302
215759.703472,0.337193,91.485910,0.113266
218739.929218,0.346815,312.948885,0.107263
221770.562149,0.340410,293.787908,0.122688
224860.634103,0.335534,282.591233,0.109276
228023.280312,0.355754,122.955527,0.108321
231172.394220,0.343202,255.750585,0.105098
234359.974040,0.335716,391.966017,0.121095
237658.341842,0.338631,268.043172,0.107822
240969.379570,0.329814,206.842734,0.118451
244319.614521,0.334167,190.770624,0.118259
247716.733862,0.345484,174.589968,0.120717
251133.366304,0.363238,358.538564,0.109081
254642.951160,0.318866,273.283481,0.113917
258175.901020,0.346272,293.920095,0.111335
261788.162661,0.343691,248.127760,0.108890
265367.465650,0.305351,390.893529,0.132066
269141.566887,0.334206,108.621159,0.108773
272783.568824,0.322831,500.330706,0.128611
276694.172949,0.360065,-nan,0.106956
280421.724718,0.329152,552.595737,0.118147
284404.898871,0.341986,320.941414,0.125234
288403.158562,0.342921,0.013532,0.097671
292380.109303,0.336215,254.613131,0.124051
296339.998755,0.330238,673.172029,0.124479
300537.005423,0.335905,493.169041,0.107660
304661.106021,0.313949,551.352493,0.124948
308970.781755,0.312268,396.217866,0.119034
313300.269836,0.342765,217.087260,0.106346
317615.270360,0.355057,547.849835,0.106660
322048.247338,0.340087,365.286418,0.127528
326493.551409,0.330120,546.743897,0.111806
331038.144505,0.321080,584.404254,0.107358
335610.712546,0.310759,588.237425,0.140850
340267.530218,0.336879,740.849572,0.109525
345035.371053,0.330490,627.391488,0.124780
349903.835430,0.328713,338.396370,0.122390
354595.938354,0.316567,820.714895,0.132851
359682.370306,0.324839,265.579022,0.124572
364463.525281,0.339612,1003.108192,0.133454
369661.678438,0.318598,630.057853,0.141304
374852.977292,0.371100,682.534657,0.116143
380159.268389,0.322165,168.693033,0.116692
385132.901599,0.326862,1222.119188,0.155536
390840.921532,0.334368,0.068998,0.122811
395676.391141,0.262759,1565.129387,0.147728
401666.749066,0.346301,739.238835,0.118965
407093.348502,0.347535,1022.227280,0.140414
412980.793536,0.354462,533.721274,0.081835
418669.679271,0.356328,689.808027,0.121248
424619.572289,0.353468,0.011049,0.108362
430295.843280,0.295968,1023.425540,0.108196
435890.137668,0.316695,1705.519698,0.151150
442230.692417,0.312981,1239.068680,0.138099
448420.517626,0.339583,1128.024092,0.144272
454890.388248,0.329205,473.388391,0.136448
461204.827670,0.297250,491.483042,0.143853
467567.110529,0.406316,1022.131982,0.109525
474238.294472,0.309595,22.205406,0.109676
480839.357493,0.396667,0.005524,0.124828
487036.456937,0.271111,1186.844798,0.165438
494310.696106,0.342931,0.000000,0.085747
501187.240054,0.377241,-nan,0.089477
507747.665798,0.297069,1212.258729,0.116260
515206.687390,0.376731,109.828693,0.101223
522396.197634,0.366000,-nan,0.116000
529217.577803,0.282000,1207.432875,0.128242
537020.481952,0.363409,51.880091,0.122395
544237.653006,0.304048,1185.158807,0.107134
552077.449404,0.325500,0.000000,0.093246
559757.607700,0.411750,0.000000,0.104454
565390.055196,0.251500,2989.704251,0.206471
575439.940223,0.350385,0.007812,0.077098
583256.549905,0.277692,653.210007,0.151462
591561.637341,0.392500,-nan,0.101088
599791.083450,0.338750,0.000000,0.082793
607683.135435,0.342083,1498.697385,0.117322
616595.007317,0.419545,-nan,0.118330
625172.705476,0.305455,-nan,0.085479
633869.719242,0.344545,-nan,0.134002
642687.724561,0.389545,0.000000,0.079529
651628.398585,0.364545,-nan,0.122631
660693.456268,0.328636,0.000000,0.114019
669884.614946,0.405909,0.007812,0.063239
679203.638838,0.423182,0.007812,0.138618
688652.309193,0.402727,-nan,0.150837
697461.027484,0.227727,1259.668526,0.148513
707945.794704,0.285000,0.017469,0.129976
715592.007573,0.259375,2843.141112,0.209142
727779.814123,0.367000,-nan,0.088182
736326.370365,0.168000,1932.484011,0.137171
748169.507966,0.480000,0.000000,0.000000
758577.590050,0.195000,-nan,0.000000
769130.444045,0.370000,-nan,0.000000
779830.117172,0.335000,0.000000,0.000000
790678.629730,0.235000,0.000000,0.000000
801678.065624,0.455000,0.000000,0.000000
812830.521494,0.320000,0.015625,0.000000
824138.124641,0.380000,0.000000,-nan
835603.025545,0.475000,0.000000,0.000000
847227.419685,0.330000,0.000000,0.000000
859013.534972,0.120000,-nan,0.000000
870963.600144,0.185000,-nan,0.000000
883079.906950,0.465000,-nan,0.000000
895364.769104,0.370000,0.015625,0.000000
907820.532046,0.385000,0.011049,0.000000
920449.574671,0.410000,0.011049,0.000000
933254.316524,0.250000,-nan,0.000000
935892.348137,0.000000,0.000000,0.000000
