0.000000,0.995000,0.000000,-nan
1.003055,0.852995,0.001634,0.026885
1.014918,0.851873,0.001638,0.026880
1.026945,0.850886,0.001634,0.026867
1.039151,0.849682,0.001661,0.026949
1.051416,0.848364,0.001694,0.026787
1.064032,0.847218,0.001746,0.026604
1.076800,0.846214,0.001774,0.026235
1.089667,0.845195,0.001751,0.026556
1.102650,0.844141,0.001710,0.026541
1.115771,0.843305,0.001669,0.026524
1.128979,0.842514,0.001694,0.026725
1.142302,0.841255,0.001712,0.026676
1.156034,0.839764,0.001757,0.026860
1.169887,0.838741,0.001764,0.026652
1.183798,0.837241,0.001671,0.026928
1.197880,0.836114,0.001708,0.027318
1.212201,0.835023,0.001750,0.027461
1.226602,0.833895,0.001743,0.027156
1.241004,0.832750,0.001724,0.026863
1.256024,0.831364,0.001731,0.026845
1.270754,0.830336,0.001727,0.026783
1.286152,0.829032,0.001770,0.026688
1.301297,0.827836,0.001700,0.026553
1.316995,0.826709,0.001809,0.026787
1.332427,0.825859,0.001720,0.027304
1.348737,0.824195,0.001692,0.027046
1.364467,0.823109,0.001851,0.027115
1.380700,0.822036,0.001707,0.027230
1.397374,0.821086,0.001711,0.027011
1.414065,0.820082,0.001776,0.027354
1.430815,0.818605,0.001790,0.027339
1.447781,0.817586,0.001802,0.027159
1.465098,0.816673,0.001795,0.026872
1.482441,0.815227,0.001838,0.027160
1.500060,0.814164,0.001786,0.027355
1.518194,0.812786,0.001808,0.027067
1.536171,0.811832,0.001843,0.026637
1.554449,0.810800,0.001893,0.027148
1.573090,0.809536,0.001891,0.027424
1.592024,0.808586,0.001801,0.027910
1.610852,0.807895,0.001765,0.028143
1.629917,0.806445,0.001803,0.028271
1.649458,0.805823,0.001815,0.028658
1.669040,0.804859,0.001835,0.029260
1.689053,0.803573,0.001831,0.029618
1.709012,0.802000,0.001825,0.029702
1.729551,0.800714,0.001845,0.029756
1.750080,0.799077,0.001823,0.029694
1.770913,0.798055,0.001797,0.029569
1.792139,0.796827,0.001840,0.029142
1.813448,0.795614,0.001808,0.029317
1.835059,0.794405,0.001805,0.029813
1.856836,0.793177,0.001833,0.029583
1.879254,0.792300,0.001822,0.030072
1.901565,0.791605,0.001869,0.030179
1.923980,0.789977,0.001865,0.030273
1.946991,0.789077,0.001809,0.030633
1.970272,0.788041,0.001804,0.031269
1.993916,0.786968,0.001904,0.031563
2.017402,0.785741,0.001837,0.031581
2.041526,0.784509,0.001832,0.030662
2.065879,0.782732,0.001870,0.030939
2.090590,0.781818,0.001855,0.031251
2.115484,0.780345,0.001853,0.031557
2.140661,0.778818,0.001779,0.031467
2.166282,0.777114,0.001827,0.031480
2.192125,0.775986,0.001943,0.031662
2.218282,0.774459,0.001900,0.031230
2.244620,0.773805,0.001913,0.031702
2.271487,0.772727,0.001851,0.032196
2.298487,0.771777,0.001812,0.032400
2.326025,0.770164,0.001856,0.032419
2.353614,0.769477,0.001916,0.032689
2.381927,0.767677,0.001887,0.032511
2.410241,0.766377,0.001784,0.033065
2.438848,0.765023,0.001931,0.032745
2.468061,0.763732,0.001822,0.033471
2.497385,0.762591,0.001924,0.033548
2.527148,0.761132,0.001947,0.032961
2.557459,0.760277,0.001897,0.032732
2.587994,0.758277,0.001855,0.032922
2.618594,0.757295,0.001910,0.033232
2.650097,0.756214,0.001870,0.033600
2.681630,0.755450,0.001824,0.033729
2.713641,0.753859,0.001861,0.033859
2.745921,0.752095,0.001967,0.034342
2.778622,0.750795,0.001908,0.034711
2.811799,0.750177,0.001891,0.034747
2.845330,0.749664,0.001945,0.034472
2.879393,0.748195,0.001950,0.035073
2.913709,0.746400,0.001854,0.035232
2.948351,0.745445,0.001908,0.035484
2.983798,0.744564,0.001861,0.035991
3.018978,0.743341,0.001936,0.036285
3.055283,0.742268,0.001951,0.035900
3.091780,0.741291,0.002002,0.036080
3.128559,0.740759,0.001890,0.035710
3.165991,0.739591,0.001899,0.036249
3.203494,0.739023,0.001910,0.036658
3.241867,0.737055,0.001991,0.036686
3.280556,0.735645,0.001974,0.037023
3.319710,0.734418,0.001923,0.037030
3.359312,0.733086,0.002016,0.038050
3.399260,0.731973,0.001939,0.038518
3.439765,0.730941,0.001952,0.039008
3.480926,0.729832,0.002048,0.038716
3.522759,0.728214,0.001966,0.038270
3.564450,0.727241,0.001945,0.038646
3.607119,0.726327,0.002038,0.039004
3.650115,0.724727,0.002014,0.039099
3.693489,0.723077,0.002029,0.038838
3.737801,0.721755,0.002065,0.038545
3.782102,0.719995,0.002015,0.038627
3.827345,0.719464,0.002071,0.037964
3.872876,0.718600,0.001976,0.037719
3.919231,0.717023,0.002045,0.037985
3.965960,0.715573,0.002002,0.037963
4.013372,0.714718,0.002068,0.038228
4.061202,0.713305,0.002072,0.038163
4.109463,0.711900,0.002039,0.038365
4.158669,0.711700,0.002077,0.038307
4.208477,0.710105,0.002089,0.037953
4.258663,0.709123,0.002072,0.038610
4.309349,0.707945,0.002041,0.037910
4.360718,0.707382,0.002026,0.038543
4.412691,0.706132,0.002111,0.038913
4.465364,0.705082,0.001977,0.038851
4.518795,0.704145,0.002128,0.038675
4.572944,0.702755,0.002090,0.039088
4.627215,0.701850,0.002123,0.038464
4.682454,0.700377,0.002124,0.038824
4.738177,0.699182,0.002204,0.039784
4.794784,0.697191,0.002139,0.039787
4.851977,0.695605,0.002194,0.040963
4.910073,0.694327,0.002082,0.040583
4.968682,0.693777,0.002135,0.041521
5.028133,0.692568,0.002124,0.040811
5.087883,0.691514,0.002106,0.039730
5.148363,0.690086,0.002034,0.040302
5.209818,0.688377,0.002180,0.040555
5.272179,0.686541,0.002211,0.040491
5.334975,0.685314,0.002131,0.040382
5.398651,0.684586,0.002089,0.040591
5.463193,0.683264,0.002081,0.041108
5.528437,0.681986,0.002244,0.040552
5.594394,0.680882,0.002143,0.040755
5.661174,0.679950,0.002130,0.040676
5.728678,0.679127,0.002119,0.039827
5.797150,0.678168,0.002179,0.039713
5.866147,0.677141,0.002099,0.040843
5.936286,0.675905,0.002220,0.041662
6.007116,0.675514,0.002177,0.041810
6.078804,0.674950,0.002131,0.041894
6.151273,0.674459,0.002108,0.042250
6.224663,0.673505,0.002141,0.041535
6.298957,0.672205,0.002120,0.042321
6.374093,0.670995,0.002151,0.043365
6.450107,0.670359,0.002154,0.043285
6.527229,0.668882,0.002172,0.042897
6.605017,0.667418,0.002239,0.043357
6.683910,0.666650,0.002165,0.043500
6.763602,0.665405,0.002254,0.043631
6.844585,0.664209,0.002208,0.043853
6.925989,0.664064,0.002250,0.044007
7.008789,0.661532,0.002208,0.044748
7.092417,0.659895,0.002209,0.044532
7.177078,0.659345,0.002117,0.043958
7.262558,0.658323,0.002206,0.043472
7.349483,0.656941,0.002172,0.043084
7.437052,0.655764,0.002265,0.044224
7.525686,0.654623,0.002213,0.043348
7.615686,0.654314,0.002164,0.043728
7.706544,0.653709,0.002185,0.044446
7.798525,0.652868,0.002250,0.044068
7.891597,0.651864,0.002315,0.044426
7.985835,0.651505,0.002165,0.044619
8.081042,0.651077,0.002301,0.044290
8.177571,0.650627,0.002211,0.043779
8.275305,0.648982,0.002304,0.044039
8.374080,0.647677,0.002219,0.043933
8.473931,0.646386,0.002290,0.044203
8.575081,0.646195,0.002261,0.044978
8.677359,0.645295,0.002268,0.044072
8.780912,0.643605,0.002262,0.044577
8.885746,0.643023,0.002358,0.045343
8.991768,0.643227,0.002188,0.045645
9.099128,0.641827,0.002344,0.046395
9.207636,0.641395,0.002235,0.045894
9.317656,0.640168,0.002254,0.045984
9.428768,0.639877,0.002301,0.045885
9.541460,0.639000,0.002294,0.046352
9.655181,0.639127,0.002346,0.046880
9.770457,0.635827,0.002418,0.046993
9.887205,0.633791,0.002404,0.047095
10.005079,0.632168,0.002370,0.046883
10.124694,0.631127,0.002314,0.046874
10.245614,0.628577,0.002276,0.047753
10.367769,0.627309,0.002330,0.047920
10.491429,0.625441,0.002318,0.048529
10.616708,0.624577,0.002299,0.048541
10.743496,0.624486,0.002380,0.048006
10.871893,0.624150,0.002240,0.048072
11.001280,0.623595,0.002321,0.049043
11.132855,0.622932,0.002391,0.048986
11.265492,0.621877,0.002383,0.049111
11.400154,0.621973,0.002408,0.049555
11.536349,0.619950,0.002332,0.048251
11.673968,0.618859,0.002348,0.048946
11.813175,0.618864,0.002369,0.050146
11.954285,0.617295,0.002263,0.049406
12.096859,0.616759,0.002444,0.049666
12.241492,0.616177,0.002421,0.048622
12.387390,0.614095,0.002390,0.048524
12.535394,0.612959,0.002351,0.048545
12.684959,0.612077,0.002509,0.049392
12.836376,0.611550,0.002300,0.050499
12.989768,0.611209,0.002426,0.050465
13.144348,0.610641,0.002304,0.051437
13.301481,0.608582,0.002430,0.051125
13.460488,0.607427,0.002449,0.050643
13.620937,0.607227,0.002440,0.051032
13.783558,0.606368,0.002311,0.050885
13.948018,0.604968,0.002420,0.052130
14.114640,0.603691,0.002521,0.052799
14.283094,0.601595,0.002388,0.051930
14.453634,0.600732,0.002464,0.051284
14.626222,0.599391,0.002472,0.052649
14.800740,0.599064,0.002435,0.052575
14.977694,0.597668,0.002374,0.052881
15.156288,0.597450,0.002536,0.051903
15.337188,0.597005,0.002531,0.050965
15.520194,0.596168,0.002420,0.050341
15.705625,0.594836,0.002433,0.050821
15.893238,0.594864,0.002596,0.051197
16.082722,0.594418,0.002458,0.051033
16.274735,0.592859,0.002430,0.052113
16.469345,0.591582,0.002473,0.053122
16.665502,0.589255,0.002366,0.052932
16.864678,0.588686,0.002419,0.053148
17.066100,0.587391,0.002510,0.053276
17.269863,0.585050,0.002546,0.052870
17.475625,0.583141,0.002571,0.053258
17.684541,0.582195,0.002528,0.052977
17.895603,0.581618,0.002583,0.051195
18.109325,0.581341,0.002532,0.052308
18.325493,0.580314,0.002500,0.051749
18.544090,0.579182,0.002563,0.051060
18.765564,0.579336,0.002512,0.052236
18.989798,0.578350,0.002577,0.053707
19.216143,0.579032,0.002535,0.054826
19.445766,0.577073,0.002691,0.054978
19.677766,0.576895,0.002570,0.054941
19.912626,0.575736,0.002481,0.053838
20.150423,0.575423,0.002652,0.053100
20.391078,0.574177,0.002524,0.053069
20.634405,0.574445,0.002488,0.053168
20.880850,0.574341,0.002639,0.053716
21.130000,0.574423,0.002637,0.054066
21.382322,0.572609,0.002515,0.053788
21.637688,0.571136,0.002579,0.053220
21.895974,0.570323,0.002593,0.052441
22.157257,0.570645,0.002586,0.054456
22.421669,0.568505,0.002438,0.054311
22.689602,0.567355,0.002667,0.053566
22.960444,0.566495,0.002662,0.053706
23.234491,0.565745,0.002674,0.052948
23.511463,0.566295,0.002654,0.053601
23.792266,0.565391,0.002573,0.053590
24.076319,0.563205,0.002604,0.054669
24.363964,0.561318,0.002626,0.055834
24.654733,0.560755,0.002541,0.057156
24.949243,0.559655,0.002646,0.059130
25.246869,0.558814,0.002672,0.058289
25.548560,0.558436,0.002733,0.058103
25.853499,0.558818,0.002678,0.058747
26.162098,0.558882,0.002723,0.059124
26.474572,0.558209,0.002644,0.058360
26.790588,0.557977,0.002633,0.059186
27.110202,0.555691,0.002641,0.058985
27.434041,0.556436,0.002749,0.060065
27.761556,0.557627,0.002797,0.060198
28.092946,0.556395,0.002621,0.058660
28.428227,0.556391,0.002659,0.057648
28.767767,0.555168,0.002640,0.056445
29.111187,0.555255,0.002735,0.056283
29.458832,0.554418,0.002730,0.057811
29.810522,0.552945,0.002688,0.057555
30.166360,0.552718,0.002772,0.056950
30.526359,0.551445,0.002723,0.057283
30.891081,0.549314,0.002632,0.057959
31.259711,0.547959,0.002711,0.058580
31.632890,0.547268,0.002796,0.060460
32.010310,0.544973,0.002688,0.059348
32.392790,0.543673,0.002623,0.059974
32.779828,0.542682,0.002732,0.059767
33.170763,0.541532,0.002842,0.057313
33.566841,0.541245,0.002625,0.055796
33.967800,0.540955,0.002792,0.057066
34.373185,0.539395,0.002745,0.057778
34.783649,0.538655,0.002726,0.059730
35.198870,0.540414,0.002882,0.058776
35.619264,0.540264,0.002778,0.060334
36.044302,0.540236,0.002792,0.061544
36.474681,0.538041,0.002680,0.062665
36.910081,0.539032,0.002681,0.061336
37.350740,0.538350,0.002807,0.060683
37.796961,0.537905,0.002843,0.060973
38.247734,0.538777,0.002718,0.059699
38.704433,0.537514,0.002680,0.059093
39.166745,0.535877,0.002743,0.058440
39.634214,0.536209,0.002788,0.060628
40.107416,0.535086,0.002728,0.060622
40.586270,0.534795,0.002746,0.061026
41.070966,0.533514,0.002823,0.061958
41.561054,0.531659,0.002812,0.062129
42.057524,0.529859,0.002918,0.063530
42.559552,0.527641,0.002851,0.063807
43.067787,0.527559,0.002793,0.061747
43.581967,0.526727,0.002917,0.060718
44.102428,0.525609,0.003007,0.060605
44.628858,0.525964,0.002951,0.061030
45.161735,0.525550,0.002808,0.063310
45.700759,0.524205,0.003030,0.061566
46.246421,0.525000,0.002921,0.063204
46.798500,0.523868,0.002926,0.061791
47.357101,0.523509,0.002839,0.062436
47.922499,0.521064,0.002843,0.062489
48.494936,0.521136,0.002953,0.062088
49.073841,0.519441,0.002898,0.063218
49.659811,0.520568,0.002787,0.061797
50.252747,0.520873,0.002937,0.061329
50.852780,0.520227,0.002834,0.061772
51.459784,0.520105,0.002800,0.060185
52.074304,0.519782,0.002903,0.060925
52.695918,0.517759,0.002776,0.062527
53.325075,0.515945,0.002889,0.061529
53.961788,0.514286,0.002910,0.062638
54.605971,0.515309,0.003026,0.062360
55.258153,0.514509,0.002855,0.064176
55.917679,0.513450,0.002978,0.065492
56.585218,0.512977,0.002870,0.065143
57.260938,0.512827,0.002974,0.064482
57.944354,0.512432,0.002769,0.065166
58.636520,0.510809,0.002955,0.064231
59.336578,0.511368,0.002986,0.062834
60.044802,0.513609,0.002876,0.063052
60.762206,0.512609,0.003012,0.063932
61.487400,0.513168,0.002968,0.065128
62.221369,0.513214,0.003003,0.064062
62.964251,0.512523,0.002904,0.064223
63.715866,0.510468,0.002969,0.064458
64.476684,0.509418,0.003099,0.064789
65.246704,0.509873,0.002905,0.064861
66.025799,0.509305,0.003128,0.065283
66.814198,0.508255,0.002873,0.065615
67.611897,0.507641,0.002994,0.065106
68.419199,0.507405,0.003069,0.063509
69.235856,0.508677,0.002984,0.064403
70.062815,0.508650,0.003086,0.063905
70.898942,0.509159,0.002795,0.064412
71.745626,0.510555,0.002968,0.066928
72.601931,0.510455,0.003021,0.068136
73.469052,0.510841,0.002919,0.066770
74.345929,0.509877,0.002868,0.066347
75.233849,0.508877,0.002999,0.067634
76.132229,0.506959,0.002987,0.064839
77.041032,0.507882,0.002896,0.066057
77.960918,0.506745,0.003041,0.066225
78.891819,0.504755,0.002979,0.065623
79.833961,0.503668,0.002991,0.068148
80.786950,0.502573,0.003042,0.068059
81.751614,0.503386,0.003170,0.066649
82.727762,0.503659,0.003136,0.067090
83.715171,0.504573,0.003173,0.067371
84.714893,0.503945,0.003151,0.067308
85.726313,0.502827,0.003089,0.066420
86.749814,0.503214,0.003055,0.065908
87.785438,0.501523,0.003018,0.064484
88.833534,0.500514,0.003082,0.062616
89.894318,0.498650,0.002914,0.065565
90.967658,0.499886,0.003153,0.066963
92.054087,0.498450,0.002983,0.066729
93.152829,0.498800,0.003110,0.067732
94.265147,0.495982,0.003277,0.066492
95.390546,0.499082,0.003021,0.065585
96.529457,0.497609,0.003073,0.064873
97.681882,0.496400,0.002973,0.065555
98.848076,0.498891,0.003025,0.064840
100.028353,0.498005,0.003110,0.064645
101.223003,0.495268,0.003144,0.065233
102.431407,0.494259,0.003028,0.062699
103.654290,0.495500,0.003136,0.063492
104.892225,0.496009,0.003063,0.065426
106.144550,0.497309,0.003036,0.065331
107.411637,0.494632,0.003124,0.068298
108.694406,0.492482,0.003164,0.066871
109.992447,0.492882,0.003039,0.068118
111.305761,0.491259,0.003130,0.067979
112.634134,0.493191,0.003003,0.067997
113.979368,0.493236,0.003224,0.070636
115.339976,0.493459,0.003028,0.069127
116.717321,0.490627,0.003182,0.067282
118.110936,0.490814,0.003275,0.068271
119.521213,0.492282,0.003190,0.068519
120.947951,0.489182,0.003132,0.070782
122.392198,0.492205,0.003045,0.068527
123.853293,0.491177,0.003067,0.068224
125.332198,0.492132,0.003127,0.068741
126.828572,0.490441,0.003119,0.070477
128.342879,0.491568,0.003117,0.066797
129.875286,0.491450,0.003145,0.069018
131.426116,0.492814,0.003107,0.070638
132.995159,0.493459,0.003192,0.070767
134.583308,0.492805,0.003191,0.067654
136.190197,0.492868,0.003107,0.071727
137.816419,0.491577,0.003212,0.072432
139.461853,0.494482,0.003135,0.071803
141.127012,0.492759,0.003146,0.071129
142.811931,0.490855,0.003185,0.072310
144.517091,0.490009,0.003082,0.069078
146.243005,0.491205,0.003114,0.067806
147.988544,0.489623,0.002999,0.069744
149.755605,0.489132,0.002962,0.070417
151.543903,0.488027,0.003132,0.068744
153.353111,0.488136,0.003304,0.068211
155.184266,0.485473,0.003162,0.067941
157.037167,0.489968,0.003231,0.067151
158.912380,0.488055,0.003182,0.070626
160.809691,0.485645,0.003213,0.070070
162.729440,0.487882,0.003225,0.071197
164.672814,0.488900,0.003154,0.070661
166.638976,0.487691,0.003156,0.070773
168.628567,0.486982,0.003342,0.071245
170.641862,0.488268,0.003099,0.069443
172.679295,0.488432,0.003260,0.068742
174.741345,0.485709,0.003076,0.071646
176.827831,0.485691,0.003140,0.071620
178.939003,0.485959,0.003244,0.073157
181.075681,0.480105,0.003236,0.072326
183.237655,0.480409,0.003167,0.070976
185.425438,0.480655,0.003155,0.070163
187.639658,0.475150,0.003273,0.071591
189.879993,0.475691,0.003169,0.070478
192.146897,0.475991,0.003447,0.071766
194.440984,0.477264,0.003233,0.068967
196.763075,0.476641,0.003287,0.069391
199.112238,0.479614,0.003222,0.072079
201.489391,0.478295,0.003215,0.070659
203.895573,0.476741,0.003301,0.074628
206.330086,0.477964,0.003362,0.072478
208.793725,0.477482,0.003231,0.071524
211.286506,0.478955,0.003468,0.073836
213.809268,0.477973,0.003247,0.072130
216.362263,0.477532,0.003287,0.072970
218.945684,0.475982,0.003321,0.071219
221.559928,0.474614,0.003204,0.072015
224.205588,0.472664,0.003459,0.074061
226.882380,0.472055,0.003377,0.071781
229.591374,0.475809,0.003522,0.071944
232.332668,0.474895,0.003256,0.072265
235.107009,0.472605,0.003276,0.072217
237.913663,0.476155,0.003362,0.072823
240.754537,0.471773,0.003320,0.075400
243.629118,0.473264,0.003469,0.076233
246.538099,0.471859,0.003264,0.074296
249.481957,0.475505,0.003223,0.074498
252.460729,0.473259,0.003483,0.078210
255.474968,0.474123,0.003475,0.078083
258.525434,0.476605,0.003232,0.078315
261.612459,0.473977,0.003449,0.076123
264.735813,0.471264,0.003431,0.078737
267.896697,0.472505,0.003525,0.078275
271.095450,0.469518,0.003332,0.076986
274.332475,0.471527,0.003232,0.076536
277.607958,0.468486,0.003319,0.071355
280.922725,0.469727,0.003350,0.075909
284.276824,0.470509,0.003341,0.075869
287.671195,0.472509,0.003323,0.074278
291.106045,0.469377,0.003373,0.075127
294.581896,0.470227,0.003242,0.076016
298.099348,0.468895,0.003439,0.075443
301.658560,0.470282,0.003323,0.075645
305.260496,0.474364,0.003424,0.077405
308.905132,0.470023,0.003334,0.077005
312.594264,0.469650,0.003518,0.078601
316.326194,0.469491,0.003252,0.077003
320.102943,0.471595,0.003209,0.074724
323.924796,0.470773,0.003341,0.076915
327.792927,0.468473,0.003422,0.077879
331.706595,0.468750,0.003411,0.078268
335.667354,0.468518,0.003423,0.077516
339.675296,0.467655,0.003292,0.075218
343.730970,0.465195,0.003397,0.076150
347.834874,0.465973,0.003447,0.078265
351.987992,0.466718,0.003384,0.075899
356.191311,0.462800,0.003532,0.078504
360.443773,0.463800,0.003338,0.075793
364.747860,0.460705,0.003369,0.079486
369.102999,0.460182,0.003443,0.079317
373.510476,0.461482,0.003410,0.079579
377.970193,0.464741,0.003447,0.078112
382.483194,0.460023,0.003614,0.078628
387.050067,0.460855,0.003640,0.081805
391.671402,0.461682,0.003480,0.081236
396.347827,0.462441,0.003391,0.078427
401.080473,0.460418,0.003595,0.080011
405.869458,0.459932,0.003424,0.082885
410.715526,0.460359,0.003337,0.080778
415.619595,0.454736,0.003672,0.081361
420.582158,0.454032,0.003669,0.083469
425.604153,0.454309,0.003617,0.080415
430.686032,0.460250,0.003703,0.082650
435.828339,0.458109,0.003782,0.083797
441.032278,0.459982,0.003451,0.079912
446.298525,0.455132,0.003691,0.079504
451.626857,0.457755,0.003543,0.077400
457.020119,0.459418,0.003889,0.079778
462.476659,0.461141,0.003595,0.080332
467.998310,0.458927,0.003551,0.080098
473.586493,0.460800,0.003668,0.079382
479.241100,0.459027,0.003590,0.082775
484.963228,0.459555,0.003681,0.085796
490.754025,0.460736,0.003563,0.084285
496.613752,0.463709,0.003691,0.081895
502.543243,0.461991,0.003278,0.080219
508.543752,0.460195,0.003415,0.082545
514.616067,0.462936,0.003469,0.080739
520.760339,0.461573,0.003268,0.078899
526.978606,0.459318,0.003550,0.080485
533.270344,0.458723,0.003392,0.077812
539.638065,0.461477,0.003701,0.077514
546.081450,0.460091,0.003519,0.077128
552.601597,0.462068,0.003452,0.077668
559.199995,0.465245,0.003318,0.076365
565.876474,0.463555,0.003285,0.074683
572.633946,0.461418,0.003791,0.076829
579.470736,0.461014,0.003554,0.076515
586.390145,0.463245,0.003445,0.078570
593.391651,0.462018,0.003652,0.080720
600.476580,0.462941,0.003291,0.075809
607.646647,0.461359,0.003587,0.079728
614.902000,0.462541,0.003409,0.075491
622.244161,0.460745,0.003526,0.079271
629.673970,0.459786,0.003805,0.080319
637.192140,0.462077,0.003664,0.080784
644.800236,0.461127,0.003414,0.080693
652.499519,0.460682,0.003602,0.080331
660.290544,0.461936,0.003536,0.081931
668.174297,0.461609,0.003386,0.083353
676.152854,0.460409,0.003433,0.080346
684.225992,0.460745,0.003342,0.077294
692.395741,0.464886,0.003392,0.081584
700.663246,0.465295,0.003401,0.078775
709.029240,0.464818,0.003527,0.081367
717.495223,0.464777,0.003523,0.080633
726.062025,0.461873,0.003303,0.082212
734.731786,0.461741,0.003520,0.083248
743.504396,0.460668,0.003471,0.079342
752.382094,0.456936,0.003651,0.083685
761.366251,0.457268,0.003936,0.083217
770.456688,0.456841,0.003554,0.080437
779.656420,0.463200,0.003625,0.083887
788.965532,0.460114,0.003571,0.084163
798.385912,0.458705,0.003528,0.082481
807.918874,0.463105,0.003570,0.082761
817.565421,0.457927,0.003846,0.083153
827.327537,0.459377,0.003612,0.083679
837.206006,0.457209,0.003420,0.083593
847.202596,0.461250,0.003656,0.084320
857.318352,0.457364,0.003592,0.083606
867.554904,0.462564,0.003583,0.082767
877.914010,0.460868,0.003611,0.086025
888.396300,0.461864,0.003497,0.085938
899.003878,0.455150,0.003646,0.082222
909.738136,0.466350,0.003330,0.084262
920.600647,0.464136,0.003580,0.079933
931.592774,0.460718,0.003507,0.083208
942.716224,0.459227,0.003372,0.082808
953.972725,0.462009,0.003538,0.078549
965.363177,0.460677,0.003541,0.079987
976.889847,0.462055,0.003478,0.081876
988.554233,0.461614,0.003715,0.083868
1000.358125,0.459836,0.003452,0.086587
1012.302407,0.458209,0.003511,0.081712
1024.389758,0.457364,0.003552,0.078502
1036.620984,0.459032,0.003414,0.078405
1048.998274,0.465236,0.003780,0.084094
1061.523421,0.461836,0.003262,0.080474
1074.198632,0.460418,0.003486,0.077972
1087.025194,0.459532,0.003523,0.077013
1100.004664,0.457609,0.003601,0.079155
1113.138687,0.458095,0.003544,0.080371
1126.429755,0.458895,0.003384,0.080120
1139.879486,0.461977,0.003398,0.082058
1153.489957,0.460355,0.003597,0.082541
1167.263253,0.458309,0.003551,0.083491
1181.200559,0.457082,0.003680,0.083343
1195.304120,0.456882,0.003570,0.079661
1209.576760,0.458636,0.003554,0.084136
1224.019314,0.457036,0.003638,0.079069
1238.634691,0.460705,0.003516,0.079887
1253.424205,0.459173,0.003717,0.084926
1268.390530,0.456259,0.003593,0.079778
1283.535165,0.460250,0.003448,0.077871
1298.860786,0.463891,0.003478,0.080670
1314.369686,0.465409,0.003481,0.080749
1330.063530,0.467309,0.003415,0.080133
1345.944898,0.464009,0.003257,0.079379
1362.015811,0.464209,0.003387,0.082763
1378.278701,0.467927,0.003345,0.078952
1394.735759,0.461991,0.003533,0.078516
1411.389464,0.463414,0.003483,0.080539
1428.241831,0.459482,0.003403,0.078978
1445.295341,0.455945,0.003459,0.076803
1462.552501,0.455214,0.003566,0.079192
1480.015853,0.458268,0.003685,0.081665
1497.687706,0.459814,0.003633,0.086103
1515.570265,0.462782,0.003528,0.080631
1533.666786,0.460423,0.003637,0.083319
1551.979127,0.460541,0.003467,0.085125
1570.510311,0.462741,0.003751,0.084215
1589.262360,0.458114,0.003726,0.082646
1608.239006,0.457536,0.003476,0.078072
1627.441491,0.460759,0.003458,0.081551
1646.873438,0.458659,0.003585,0.081842
1666.537912,0.455582,0.003681,0.083113
1686.436414,0.461086,0.003475,0.083555
1706.573569,0.454023,0.003624,0.081825
1726.950264,0.455977,0.003893,0.082877
1747.571139,0.457636,0.004412,0.081110
1768.437185,0.458064,0.003742,0.081286
1789.552903,0.458473,0.003961,0.086497
1810.920452,0.459532,0.003761,0.081719
1832.543294,0.461000,0.003670,0.084876
1854.424404,0.465682,0.003414,0.081510
-nan,0.461164,-nan,0.084286
1898.973309,0.465100,0.003642,0.086739
1921.647795,0.467441,0.003470,0.080913
1944.592993,0.465409,0.003458,0.078568
1967.811950,0.463336,0.003392,0.078279
-nan,0.462682,-nan,0.080699
2015.085218,0.464923,0.003563,0.082521
2039.145317,0.458186,0.003372,0.082794
2063.493635,0.465000,0.003361,0.076645
2088.132204,0.463577,0.003536,0.079505
2113.065354,0.464832,0.003312,0.078174
2138.295568,0.459159,0.003367,0.076250
2163.827619,0.463686,0.003213,0.070535
2189.664627,0.467436,0.003360,0.074035
2215.809858,0.465714,0.003444,0.074490
2242.267231,0.468964,0.003597,0.078259
2269.040391,0.464977,0.003332,0.075939
2296.133852,0.462486,0.003461,0.075556
2323.549753,0.471273,0.003440,0.079091
2351.293804,0.466841,0.003425,0.079228
2379.369157,0.465627,0.003663,0.080851
2407.779630,0.465741,0.003369,0.081917
2436.528840,0.467145,0.003635,0.081924
2465.622106,0.463959,0.003692,0.082222
2495.062185,0.455909,0.003562,0.082649
2524.853710,0.463882,0.003478,0.085136
2555.001610,0.463255,0.003981,0.088013
2585.508579,0.461845,0.003516,0.087626
2616.380512,0.466323,0.003532,0.081100
2647.620961,0.463827,0.003401,0.081066
2679.234573,0.465409,0.003574,0.080760
2711.225436,0.458109,0.003710,0.083533
2743.598274,0.455855,0.003703,0.084375
2776.357545,0.458691,0.003497,0.084243
2809.507728,0.457909,0.003540,0.082990
2843.054395,0.460245,0.003655,0.080291
2877.001433,0.456841,0.003531,0.080608
2911.353564,0.462341,0.003426,0.080661
2946.115906,0.460277,0.003695,0.084215
2981.293562,0.464564,0.003671,0.081357
3016.891237,0.465755,0.003371,0.083207
3052.913939,0.464736,0.003601,0.083566
3089.366588,0.452486,0.003481,0.079626
3126.254213,0.461100,0.003372,0.078542
3163.583051,0.461877,0.003478,0.079862
3201.357232,0.460973,0.003548,0.080878
3239.582215,0.457082,0.003629,0.080269
3278.263774,0.456718,0.003560,0.079688
3317.407143,0.461855,0.003602,0.079218
3357.018176,0.463650,0.003322,0.078845
3397.101448,0.464482,0.003289,0.078106
3437.664463,0.458364,0.003461,0.081070
3478.711136,0.461755,0.003457,0.080166
3520.247872,0.461064,0.003632,0.079781
3562.280665,0.455545,0.003706,0.082215
3604.815363,0.458968,0.003607,0.080095
3647.858064,0.459155,0.003463,0.080313
3691.414535,0.457418,0.003588,0.079316
3735.491540,0.455073,0.003538,0.083143
3780.094098,0.457459,0.003585,0.082702
3825.229512,0.457955,0.003616,0.079354
3870.903758,0.456291,0.003395,0.079676
3917.123867,0.461414,0.003473,0.077881
3963.895429,0.464505,0.003659,0.080986
4011.225177,0.464455,0.003487,0.075125
4059.121100,0.456173,0.003642,0.076348
4107.587986,0.465336,0.003706,0.081820
4156.634014,0.460459,0.003944,0.083186
4206.265246,0.461886,0.003403,0.079286
4256.489320,0.467432,0.003594,0.076503
4307.312819,0.464559,0.003473,0.078185
4358.743536,0.463309,0.003438,0.081019
4410.788523,0.458195,0.003519,0.082926
4463.454457,0.457286,0.003581,0.077788
4516.750018,0.456823,0.003476,0.075002
4570.681165,0.461573,0.003569,0.080999
4625.256588,0.461536,0.003510,0.078518
4680.483580,0.460164,0.003366,0.076021
4736.369691,0.459623,0.003357,0.080820
4792.923833,0.460709,0.003448,0.078895
4850.152447,0.460150,0.003399,0.078709
4908.064718,0.461545,0.003581,0.081092
4966.668968,0.456259,0.003524,0.080326
5025.972543,0.461973,0.003644,0.079072
5085.984320,0.457986,0.003666,0.085200
5146.712149,0.462823,0.003640,0.082396
5208.165589,0.455373,0.003531,0.074951
5270.353014,0.461427,0.003617,0.085154
5333.282676,0.456818,0.003655,0.082094
5396.963159,0.459036,0.003326,0.082046
5461.404715,0.456641,0.003498,0.079193
5526.615784,0.455036,0.003548,0.082712
5592.604966,0.455318,0.003590,0.080743
5659.382776,0.466195,0.003407,0.078294
5726.957170,0.463786,0.003323,0.078437
5795.339072,0.468741,0.003578,0.076258
5864.537210,0.462127,0.003659,0.079467
5934.561647,0.459277,0.003454,0.083409
6005.422264,0.460741,0.003398,0.084524
6077.128695,0.463173,0.003484,0.076130
6149.691723,0.460155,0.003468,0.083930
6223.120844,0.462618,0.003663,0.083420
6297.427064,0.458986,0.003695,0.083903
6372.620191,0.458773,0.003508,0.080026
6448.711238,0.454959,0.003945,0.085195
6525.711183,0.456086,0.004639,0.087179
6603.629833,0.463995,0.003559,0.084948
6682.479258,0.456132,0.003430,0.081889
6762.270198,0.456627,0.003845,0.085123
6843.014173,0.455891,0.003618,0.084270
6924.721417,0.459255,0.003546,0.083254
7007.404708,0.462486,0.003461,0.078728
7090.976088,0.457582,1.640264,0.081983
7175.745359,0.458441,-nan,0.083445
7261.425964,0.456518,-nan,0.087217
7348.129468,0.454459,-nan,0.087941
7435.868304,0.455482,-nan,0.081326
7524.655206,0.462895,-nan,0.082033
7614.501992,0.463018,-nan,0.085409
7705.421413,0.464227,-nan,0.083760
7797.426392,0.459918,-nan,0.084063
7890.530287,0.456241,-nan,0.085742
7984.745533,0.459423,-nan,0.083098
8080.086150,0.458918,-nan,0.082134
8176.565054,0.448495,-nan,0.086290
8274.195576,0.454782,-nan,0.085420
8372.992099,0.462095,-nan,0.084580
8472.968585,0.458677,-nan,0.085868
8574.138197,0.454914,-nan,0.087085
8676.516115,0.458036,-nan,0.083409
8780.116371,0.466105,-nan,0.083407
8884.954001,0.454136,-nan,0.087808
8991.043200,0.455355,-nan,0.086960
9098.399113,0.455573,-nan,0.085077
9207.037003,0.458695,-nan,0.088273
9316.971613,0.462100,-nan,0.084007
9428.219051,0.457368,-nan,0.086166
9540.795132,0.462836,-nan,0.084601
9654.715243,0.455027,-nan,0.085376
9769.995443,0.454805,-nan,0.084137
9886.652556,0.453068,-nan,0.084249
10004.702107,0.455536,-nan,0.085316
10124.161242,0.458318,-nan,0.089334
10245.047354,0.452068,-nan,0.087932
10367.376226,0.462727,-nan,0.084453
10491.166026,0.461964,-nan,0.088565
10616.433934,0.458427,-nan,0.088255
10743.197684,0.456223,-nan,0.087857
10871.474771,0.457955,-nan,0.086352
11001.283607,0.458995,-nan,0.089028
11132.642630,0.458809,-nan,0.088584
11265.569876,0.459200,-nan,0.089717
11400.084315,0.450009,-nan,0.088471
11536.204976,0.459741,-nan,0.083878
11673.950945,0.457591,-nan,0.085659
11813.341747,0.455718,-nan,0.089383
11954.396147,0.459400,-nan,0.084955
12097.135822,0.453255,-nan,0.088256
12241.579268,0.456427,-nan,0.086913
12387.747376,0.457250,-nan,0.083071
12535.661680,0.462455,-nan,0.087961
12685.341339,0.456445,-nan,0.079276
12836.808325,0.458514,-nan,0.089311
12990.083867,0.458514,-nan,0.083212
13145.189292,0.455855,-nan,0.085347
13302.147312,0.458955,-nan,0.088401
13460.979423,0.454691,-nan,0.086115
13621.707711,0.457486,-nan,0.087132
13784.355240,0.456100,-nan,0.084511
13948.944887,0.455609,-nan,0.086764
14115.499575,0.456841,-nan,0.089677
14284.043358,0.456668,-nan,0.091115
14454.599081,0.463527,-nan,0.087743
14627.191828,0.453305,-nan,0.082696
14801.833959,0.461623,-nan,0.089354
14978.584060,0.452468,-nan,0.089872
15157.432870,0.462968,-nan,0.090685
15338.417162,0.462073,-nan,0.082968
15521.562880,0.459300,-nan,0.079529
15706.895183,0.460059,-nan,0.089734
15894.440819,0.452259,-nan,0.084408
16084.225360,0.456186,-nan,0.090147
16276.276107,0.457873,-nan,0.087067
16470.619774,0.461191,-nan,0.085868
16667.284702,0.461836,-nan,0.082443
16866.297411,0.457495,-nan,0.085429
17067.686542,0.459736,-nan,0.086279
17271.479881,0.463123,-nan,0.089497
17477.706703,0.456236,-nan,0.084054
17686.396104,0.457245,-nan,0.089041
17897.577522,0.464327,-nan,0.088245
18111.280299,0.464427,-nan,0.087087
18327.534847,0.459091,-nan,0.085045
18546.371579,0.459641,-nan,0.085140
18767.821116,0.460573,-nan,0.085625
18991.914636,0.454464,-nan,0.083997
19218.684245,0.459055,-nan,0.089671
19448.161559,0.456936,-nan,0.084174
19680.378944,0.457627,-nan,0.083984
19915.368856,0.459036,-nan,0.090333
20153.165112,0.452227,-nan,0.087633
20393.799958,0.457168,-nan,0.085848
20637.308549,0.459109,-nan,0.087241
20883.724688,0.458091,-nan,0.084039
21133.083439,0.454582,-nan,0.086303
21385.418783,0.457650,-nan,0.089448
21640.767712,0.452195,-nan,0.086696
21899.165565,0.454909,-nan,0.088622
22160.648150,0.460605,-nan,0.082792
22425.253469,0.462077,-nan,0.090329
22693.018551,0.454845,-nan,0.090665
22963.980180,0.461523,-nan,0.089910
23238.177556,0.458450,-nan,0.092106
23515.648734,0.457305,-nan,0.085198
23796.433528,0.458095,-nan,0.086969
24080.570113,0.457845,-nan,0.093008
24368.100082,0.456095,-nan,0.085987
24659.063103,0.451709,-nan,0.088609
24953.500283,0.459250,-nan,0.087972
25251.452987,0.461377,-nan,0.084229
25552.963158,0.464018,-nan,0.081714
25858.073595,0.457709,-nan,0.084354
26166.827488,0.456545,-nan,0.087977
26479.268007,0.464500,-nan,0.086286
26795.438883,0.457864,-nan,0.087840
27115.385065,0.455545,-nan,0.084330
27439.151438,0.459541,-nan,0.083003
27766.783342,0.459527,-nan,0.088688
28098.328103,0.463241,-nan,0.084953
28433.831005,0.455745,-nan,0.086093
28773.340363,0.462768,-nan,0.087903
29116.903096,0.456036,-nan,0.087239
29464.568674,0.461050,-nan,0.088128
29816.384637,0.465386,-nan,0.084482
30172.401703,0.456982,-nan,0.083544
30532.670169,0.455645,-nan,0.089421
30897.240259,0.454250,-nan,0.085451
31266.162958,0.455214,-nan,0.090343
31639.491058,0.461427,-nan,0.087627
32017.276972,0.460982,-nan,0.088019
32399.573338,0.459323,-nan,0.091218
32786.434714,0.458118,-nan,0.083387
33177.915260,0.465164,-nan,0.084544
33574.070078,0.461691,-nan,0.088009
33974.955550,0.458764,-nan,0.084827
34379.969219,0.455459,-nan,0.092033
34791.143230,0.451477,-nan,0.091894
35206.560668,0.458582,-nan,0.089197
35626.938251,0.460777,-nan,0.092859
36052.334947,0.459205,-nan,0.093139
36482.812142,0.456641,-nan,0.091900
36918.428434,0.462705,-nan,0.086698
37359.246177,0.457241,-nan,0.086837
37805.327792,0.455218,-nan,0.085670
38256.735321,0.451786,-nan,0.089924
38713.532950,0.457850,-nan,0.091628
39175.785148,0.458514,-nan,0.090694
39643.557032,0.457486,-nan,0.086025
40116.913143,0.463250,-nan,0.088920
40595.922233,0.464955,-nan,0.086394
41080.650417,0.458191,-nan,0.092094
41571.166878,0.453164,-nan,0.088168
42067.539801,0.459814,-nan,0.087881
42569.839936,0.456632,-nan,0.089700
43078.137849,0.454914,-nan,0.088806
43592.504741,0.455777,-nan,0.091764
44113.012825,0.459059,-nan,0.095347
44639.736635,0.453545,-nan,0.091188
45172.749410,0.458609,-nan,0.091695
45712.126478,0.462473,-nan,0.086395
46257.944278,0.456573,-nan,0.088206
46810.279045,0.455732,-nan,0.089576
47369.208562,0.462614,-nan,0.088074
47934.812418,0.459641,-nan,0.084605
48507.169369,0.459455,-nan,0.083720
49086.360657,0.450886,-nan,0.087635
49672.467563,0.449118,-nan,0.091830
50265.572640,0.462864,-nan,0.087965
50865.760087,0.448182,-nan,0.081947
51473.113643,0.458132,-nan,0.089942
52087.718949,0.456205,-nan,0.088558
52709.663328,0.464645,-nan,0.085723
53339.033397,0.456182,-nan,0.090475
53975.919142,0.453850,-nan,0.090020
54620.408817,0.457918,-nan,0.087560
55272.594350,0.449914,-nan,0.089567
55932.566616,0.454532,-nan,0.090415
56600.419493,0.460436,-nan,0.085058
57276.246870,0.456791,-nan,0.088364
57960.144017,0.452332,-nan,0.092517
58652.206520,0.453986,-nan,0.087210
59352.532850,0.450536,-nan,0.086585
60061.221103,0.464227,-nan,0.086449
60778.371667,0.452682,-nan,0.090677
61504.084826,0.462523,-nan,0.085445
62238.463326,0.457700,-nan,0.088221
62981.610955,0.462364,-nan,0.087347
63733.631620,0.452386,-nan,0.091373
64494.631619,0.451023,-nan,0.091042
65264.717911,0.464550,-nan,0.092687
66044.000486,0.451595,-nan,0.093629
66832.586762,0.460505,-nan,0.086332
67630.589415,0.451632,-nan,0.093725
68438.120701,0.451768,-nan,0.085104
69255.293564,0.460477,-nan,0.085327
70082.224168,0.455591,-nan,0.092948
70919.028987,0.449491,-nan,0.090269
71765.824763,0.457959,-nan,0.087323
72622.731392,0.465664,-nan,0.086658
73489.870394,0.458782,-nan,0.086844
74367.363673,0.454791,-nan,0.086338
75255.333664,0.459705,-nan,0.086579
76153.906574,0.463505,-nan,0.086182
77063.209041,0.457741,-nan,0.089154
77983.368741,0.456173,-nan,0.088092
78914.515338,0.454282,-nan,0.086509
79856.780303,0.454950,-nan,0.088283
80810.295720,0.461214,-nan,0.090122
81775.196831,0.451159,-nan,0.090051
82751.619222,0.448377,-nan,0.092087
83739.700054,0.454186,-nan,0.088409
84739.579327,0.455268,-nan,0.087891
85751.397275,0.454600,-nan,0.093151
86775.296116,0.454927,-nan,0.088837
87811.421263,0.458764,-nan,0.088460
88859.918159,0.453114,-nan,0.091274
89920.934283,0.458995,-nan,0.091709
90994.619347,0.459686,-nan,0.088038
92081.124439,0.451186,-nan,0.088502
93180.602622,0.456368,-nan,0.089247
94293.209426,0.456000,-nan,0.087735
95419.100519,0.462000,-nan,0.088925
96558.435475,0.460514,-nan,0.086507
97711.374397,0.454936,-nan,0.089273
98878.080073,0.452464,-nan,0.086695
100058.716341,0.454923,-nan,0.088133
101253.449537,0.456377,-nan,0.090915
102462.448187,0.458891,-nan,0.089740
103685.883044,0.462423,-nan,0.083596
104923.925606,0.465441,-nan,0.084957
106176.751376,0.458559,-nan,0.090742
107444.536258,0.445800,-nan,0.083790
108727.458751,0.453232,-nan,0.085307
110025.699700,0.454950,-nan,0.087106
111339.442183,0.453732,-nan,0.094359
112668.871215,0.450195,-nan,0.086440
114014.174087,0.453736,-nan,0.093907
115375.539815,0.459959,-nan,0.091651
116753.161270,0.454800,-nan,0.091402
118147.231568,0.464041,-nan,0.085113
119557.947565,0.462377,-nan,0.087883
120985.508084,0.454059,-nan,0.087952
122430.113836,0.467873,-nan,0.087125
123891.969380,0.464368,-nan,0.090999
125371.279319,0.455555,-nan,0.086552
126868.253118,0.454591,-nan,0.087345
128383.101117,0.460132,-nan,0.087856
129916.036692,0.455468,-nan,0.089301
131467.275979,0.462186,-nan,0.086361
133037.037847,0.456482,-nan,0.088328
134625.542763,0.462332,-nan,0.085097
136233.015625,0.459464,-nan,0.089080
137859.682305,0.455018,-nan,0.095699
139505.771158,0.451286,-nan,0.091218
