0.000000,0.995000,0.000000,0.000000
1.002950,0.852807,0.001740,0.028988
1.015908,0.851807,0.001734,0.028967
1.028916,0.850914,0.001672,0.029312
1.041933,0.849457,0.001670,0.029456
1.055413,0.848396,0.001708,0.029056
1.069049,0.847189,0.001755,0.029027
1.082889,0.845850,0.001664,0.029010
1.096457,0.844432,0.001662,0.028855
1.110596,0.843193,0.001758,0.028822
1.124980,0.842136,0.001665,0.029117
1.139354,0.840768,0.001731,0.029181
1.154108,0.839632,0.001706,0.029062
1.168622,0.838496,0.001698,0.029357
1.183880,0.837418,0.001742,0.029559
1.198993,0.836450,0.001749,0.029390
1.214457,0.835061,0.001714,0.029137
1.229973,0.833800,0.001716,0.029366
1.245826,0.832618,0.001767,0.029514
1.261718,0.831071,0.001759,0.029468
1.277872,0.830029,0.001742,0.029726
1.294427,0.828750,0.001727,0.029844
1.311017,0.827286,0.001742,0.030057
1.327963,0.826114,0.001750,0.030355
1.344819,0.824754,0.001745,0.030472
1.362112,0.823868,0.001676,0.030440
1.379734,0.822414,0.001671,0.030200
1.397503,0.821221,0.001683,0.030134
1.415287,0.820400,0.001710,0.030285
1.433554,0.819196,0.001730,0.030624
1.451980,0.817604,0.001782,0.030741
1.470597,0.816043,0.001773,0.030901
1.489516,0.815132,0.001731,0.031058
1.508590,0.813946,0.001761,0.031229
1.527979,0.812346,0.001815,0.031275
1.547612,0.811200,0.001840,0.031314
1.567588,0.810039,0.001784,0.030967
1.587570,0.809071,0.001764,0.031279
1.607977,0.807729,0.001784,0.031588
1.628734,0.806250,0.001802,0.031274
1.649489,0.804811,0.001765,0.031678
1.670889,0.803604,0.001878,0.031636
1.692307,0.802304,0.001751,0.031580
1.713889,0.800889,0.001826,0.030989
1.736079,0.799279,0.001783,0.031191
1.758333,0.798204,0.001814,0.031133
1.780897,0.796804,0.001856,0.031512
1.803772,0.795693,0.001755,0.031482
1.827111,0.794579,0.001861,0.031692
1.850359,0.793350,0.001869,0.031593
1.874101,0.792311,0.001802,0.031804
1.898257,0.791064,0.001839,0.032161
1.922611,0.789868,0.001807,0.032276
1.947504,0.788839,0.001853,0.032265
1.972371,0.787339,0.001863,0.032417
1.997652,0.786029,0.001844,0.032478
2.023311,0.784800,0.001844,0.032739
2.049311,0.783211,0.001834,0.032491
2.075647,0.781454,0.001846,0.032540
2.102534,0.779689,0.001837,0.032795
2.129600,0.778757,0.001845,0.032704
2.156905,0.777486,0.001848,0.032582
2.184625,0.776339,0.001866,0.032069
2.212645,0.774354,0.001829,0.031835
2.241115,0.772996,0.001839,0.031931
2.269894,0.771504,0.001905,0.031851
2.299041,0.769950,0.001904,0.031881
2.328650,0.768661,0.001869,0.032270
2.358489,0.767050,0.001921,0.032147
2.388875,0.765539,0.001920,0.032506
2.419498,0.764207,0.001942,0.032877
2.450598,0.762921,0.001906,0.033029
2.482034,0.761875,0.001896,0.033367
2.514015,0.760461,0.001944,0.033399
2.546434,0.759082,0.001919,0.033454
2.579172,0.757482,0.001890,0.033470
2.612327,0.756804,0.001993,0.033654
2.645953,0.754711,0.001980,0.033707
2.679824,0.753343,0.001950,0.034209
2.714345,0.752132,0.001866,0.034572
2.749145,0.750896,0.001946,0.034968
2.784538,0.748839,0.002003,0.035223
2.820311,0.747475,0.001933,0.035676
2.856729,0.746425,0.001973,0.036059
2.893347,0.745618,0.001892,0.035818
2.930526,0.744375,0.001946,0.035374
2.968231,0.742461,0.002001,0.035417
3.006250,0.740725,0.001911,0.035692
3.045103,0.738657,0.001966,0.035539
3.084068,0.737357,0.001949,0.035874
3.123614,0.736221,0.001917,0.035748
3.164080,0.735139,0.002004,0.036188
3.204675,0.733257,0.001987,0.036348
3.245660,0.731093,0.001956,0.036603
3.287344,0.729261,0.002006,0.037080
3.329762,0.727754,0.002025,0.036975
3.372610,0.726071,0.002042,0.037053
3.416112,0.725036,0.001971,0.036896
3.459773,0.723479,0.002013,0.036563
3.504399,0.721514,0.001986,0.036602
3.549438,0.720818,0.002058,0.036875
3.595140,0.719886,0.001974,0.036872
3.641356,0.719043,0.001938,0.036919
3.688128,0.717268,0.002092,0.037343
3.735652,0.716318,0.002060,0.037836
3.783463,0.715175,0.002016,0.038276
3.832158,0.714668,0.002034,0.037974
3.881418,0.712950,0.002006,0.038012
3.931228,0.711668,0.001991,0.038094
3.981859,0.710282,0.002087,0.037497
4.033158,0.709071,0.002027,0.037313
4.084904,0.707886,0.002090,0.036917
4.137437,0.706607,0.002043,0.037261
4.190763,0.705186,0.002077,0.037852
4.244597,0.703850,0.002116,0.038197
4.299152,0.702636,0.002060,0.037866
4.354499,0.701718,0.001966,0.038281
4.410449,0.700361,0.002027,0.037754
4.467007,0.700139,0.002119,0.037395
4.524595,0.699186,0.002109,0.037346
4.582822,0.698164,0.002126,0.037445
4.641741,0.697554,0.002104,0.037477
4.701260,0.696039,0.002087,0.037728
4.761912,0.694996,0.002046,0.037957
4.823110,0.693764,0.002053,0.038352
4.885156,0.692989,0.002108,0.038999
4.947869,0.691129,0.002008,0.039549
5.011605,0.689832,0.002144,0.039880
5.076050,0.688654,0.002096,0.040225
5.141368,0.687504,0.002154,0.039861
5.207482,0.685954,0.002173,0.040397
5.274314,0.684518,0.002148,0.039944
5.342151,0.683111,0.002076,0.040340
5.410778,0.681893,0.002167,0.040407
5.480459,0.681082,0.002086,0.040844
5.551043,0.679686,0.002234,0.041219
5.622478,0.678389,0.002174,0.040179
5.694628,0.677446,0.002220,0.040209
5.768038,0.676350,0.002172,0.039875
5.842028,0.674854,0.002231,0.040387
5.917262,0.674400,0.002108,0.041353
5.993191,0.673025,0.002223,0.041641
6.070563,0.672518,0.002170,0.042269
6.148441,0.671614,0.002220,0.042727
6.227533,0.670004,0.002184,0.042791
6.307540,0.668811,0.002179,0.042534
6.388597,0.667911,0.002274,0.042910
6.471092,0.666429,0.002186,0.043197
6.554100,0.666189,0.002111,0.043854
6.638423,0.665425,0.002173,0.044107
6.723766,0.665579,0.002122,0.044063
6.810331,0.663568,0.002223,0.043730
6.897881,0.662418,0.002225,0.043852
6.986630,0.661282,0.002196,0.043357
7.076555,0.660621,0.002239,0.043710
7.167489,0.659989,0.002166,0.043851
7.259859,0.659589,0.002338,0.043472
7.353118,0.658379,0.002283,0.043489
7.447598,0.656961,0.002162,0.043788
7.543248,0.655275,0.002207,0.044166
7.640504,0.654018,0.002235,0.043810
7.738801,0.651943,0.002287,0.044069
7.838299,0.650557,0.002206,0.044176
7.939122,0.649161,0.002191,0.044560
8.041217,0.647579,0.002277,0.044426
8.144709,0.646364,0.002241,0.043970
8.249352,0.644882,0.002256,0.045020
8.355527,0.644221,0.002330,0.045441
8.462920,0.643157,0.002271,0.044840
8.571670,0.642654,0.002239,0.043874
8.682036,0.641686,0.002300,0.044269
8.793822,0.641021,0.002322,0.045194
8.907106,0.640121,0.002346,0.044700
9.021439,0.638554,0.002293,0.045702
9.137364,0.636679,0.002380,0.045731
9.255090,0.635893,0.002419,0.045212
9.373913,0.634000,0.002275,0.045184
9.494657,0.633461,0.002254,0.045899
9.616681,0.633086,0.002336,0.046127
9.740426,0.631614,0.002249,0.045938
9.865762,0.630218,0.002243,0.045851
9.992906,0.629825,0.002362,0.046189
10.121217,0.627921,0.002394,0.045473
10.251448,0.626389,0.002300,0.044847
10.383477,0.625807,0.002310,0.045914
10.517016,0.625686,0.002385,0.046675
10.652197,0.625111,0.002367,0.046462
10.789339,0.623679,0.002368,0.047018
10.927914,0.623039,0.002329,0.047517
11.068578,0.622250,0.002446,0.046666
11.210963,0.621736,0.002431,0.046599
11.355186,0.620446,0.002359,0.046874
11.501136,0.620000,0.002407,0.046074
11.649282,0.618154,0.002389,0.046073
11.799321,0.616554,0.002381,0.046799
11.950921,0.614657,0.002395,0.047799
12.104761,0.614511,0.002426,0.048005
12.260345,0.613943,0.002334,0.048796
12.417949,0.612993,0.002471,0.049604
12.577849,0.611736,0.002412,0.049788
12.739770,0.610796,0.002376,0.049366
12.903678,0.610850,0.002426,0.048665
13.069537,0.610479,0.002397,0.048177
13.237579,0.609525,0.002414,0.048157
13.408009,0.608368,0.002417,0.046884
13.580253,0.606818,0.002447,0.047369
13.755239,0.605843,0.002403,0.048548
13.932071,0.604979,0.002395,0.050515
14.111150,0.604032,0.002355,0.050278
14.292782,0.603714,0.002428,0.050943
14.476731,0.602900,0.002517,0.051299
14.663074,0.600882,0.002382,0.051333
14.851461,0.600761,0.002521,0.050581
15.042658,0.599296,0.002495,0.050819
15.236185,0.598786,0.002437,0.050344
15.432177,0.597911,0.002488,0.050743
15.630690,0.597279,0.002458,0.049807
15.831790,0.596804,0.002500,0.049679
16.035496,0.595200,0.002540,0.050745
16.241781,0.592986,0.002452,0.050918
16.450729,0.591882,0.002401,0.050435
16.662467,0.590536,0.002491,0.050157
16.876623,0.588982,0.002594,0.050443
17.093833,0.588775,0.002462,0.051219
17.313715,0.588032,0.002569,0.050717
17.536367,0.585721,0.002508,0.050121
17.762019,0.583850,0.002487,0.049247
17.990504,0.583261,0.002546,0.049335
18.222082,0.583464,0.002483,0.048783
18.456669,0.581696,0.002511,0.049466
18.693917,0.580218,0.002582,0.049517
18.934339,0.578471,0.002564,0.051472
19.178076,0.578150,0.002564,0.052908
19.425040,0.577732,0.002556,0.052856
19.674700,0.575661,0.002464,0.054313
19.927764,0.574214,0.002634,0.054572
20.184071,0.572375,0.002621,0.054915
20.443996,0.571243,0.002545,0.054229
20.706747,0.572193,0.002559,0.054141
20.973114,0.571432,0.002544,0.054805
21.243247,0.571479,0.002693,0.054273
21.516578,0.569736,0.002511,0.053772
21.793361,0.568143,0.002532,0.052964
22.073703,0.568121,0.002686,0.053421
22.357524,0.567357,0.002613,0.052836
22.645539,0.567343,0.002580,0.052111
22.936455,0.565911,0.002686,0.051823
23.231776,0.565179,0.002517,0.051622
23.530630,0.564221,0.002551,0.050915
23.833568,0.564696,0.002592,0.052184
24.140114,0.564500,0.002581,0.053271
24.450707,0.563914,0.002642,0.052715
24.765214,0.564411,0.002608,0.050767
25.083899,0.562782,0.002594,0.051912
25.406557,0.561400,0.002568,0.053359
25.733258,0.561136,0.002596,0.053691
26.064766,0.559518,0.002752,0.053627
26.399699,0.557875,0.002679,0.053515
26.739345,0.555929,0.002615,0.054069
27.083643,0.554421,0.002720,0.054348
27.432133,0.555261,0.002702,0.054650
27.785104,0.556075,0.002642,0.054132
28.142647,0.556486,0.002673,0.054972
28.504597,0.555707,0.002708,0.054757
28.871041,0.555096,0.002666,0.056630
29.242695,0.555429,0.002633,0.057598
29.618946,0.555039,0.002685,0.056213
29.999823,0.554157,0.002741,0.055994
30.385903,0.554693,0.002659,0.054656
30.777122,0.554011,0.002624,0.055499
31.173005,0.553246,0.002690,0.055488
31.573928,0.550664,0.002728,0.053617
31.979977,0.548750,0.002770,0.053978
32.391746,0.547521,0.002732,0.053496
32.808596,0.548250,0.002791,0.054026
33.230427,0.545486,0.002683,0.054238
33.658348,0.544829,0.002736,0.053589
34.091337,0.545600,0.002610,0.054341
34.529935,0.544675,0.002707,0.054897
34.974494,0.544461,0.002688,0.053706
35.424125,0.544511,0.002697,0.054867
35.880058,0.543854,0.002849,0.055692
36.341621,0.541332,0.002702,0.055628
36.809162,0.540689,0.002793,0.055752
37.282705,0.539275,0.002692,0.056782
37.762589,0.538718,0.002748,0.055860
38.248449,0.539043,0.002699,0.056326
38.740506,0.541264,0.002802,0.056078
39.239201,0.539075,0.002673,0.056111
39.743718,0.537304,0.002737,0.055453
40.254920,0.535464,0.002675,0.055526
40.772917,0.536175,0.002885,0.056372
41.297792,0.536211,0.002684,0.056533
41.828892,0.535936,0.002815,0.056502
42.367496,0.534443,0.002810,0.056756
42.912508,0.533450,0.002727,0.058898
43.464550,0.532293,0.002799,0.059157
44.023864,0.530821,0.002737,0.059466
44.590281,0.527525,0.002825,0.059313
45.164115,0.526975,0.002775,0.060484
45.745110,0.528864,0.002844,0.060757
46.333738,0.526911,0.002816,0.060739
46.929997,0.525364,0.002795,0.060541
47.533815,0.522796,0.002957,0.058892
48.145321,0.521475,0.002914,0.057843
48.764939,0.523664,0.002910,0.058483
49.392186,0.523689,0.002858,0.058837
50.027919,0.521593,0.003036,0.060469
50.671530,0.522189,0.002890,0.058140
51.323327,0.522114,0.002814,0.058795
51.983861,0.522300,0.002981,0.060452
52.652620,0.520654,0.002842,0.060381
53.330228,0.521054,0.002938,0.061672
54.016389,0.519386,0.002788,0.062139
54.711500,0.516493,0.002865,0.061214
55.415285,0.516396,0.002877,0.062185
56.128524,0.515039,0.002860,0.062295
56.850596,0.515532,0.002959,0.062029
57.582074,0.514668,0.002901,0.060904
58.323217,0.512836,0.002897,0.059818
59.073409,0.512443,0.002966,0.059485
59.833608,0.511543,0.002952,0.060317
60.603654,0.510825,0.003020,0.060322
61.383288,0.511586,0.003036,0.061962
62.172895,0.511793,0.002961,0.061149
62.973017,0.511979,0.002879,0.063059
63.783390,0.511682,0.002811,0.063548
64.604363,0.512657,0.002946,0.066261
65.435277,0.508575,0.002869,0.065789
66.277229,0.509475,0.003001,0.065528
67.130111,0.509457,0.002965,0.066173
67.994028,0.508968,0.003014,0.067107
68.869013,0.507421,0.003081,0.066648
69.754899,0.508761,0.002921,0.067270
70.652485,0.506336,0.003067,0.065979
71.561510,0.505564,0.002957,0.065119
72.482384,0.506221,0.003029,0.067052
73.414670,0.506421,0.003007,0.067882
74.359433,0.505450,0.003086,0.067525
75.316443,0.505029,0.003022,0.067134
76.285523,0.503689,0.003021,0.066448
77.267200,0.503364,0.003076,0.065886
78.261466,0.502971,0.003270,0.067960
79.268095,0.502543,0.003014,0.068937
80.288489,0.500543,0.003038,0.067795
81.321162,0.500021,0.002998,0.068657
82.367689,0.500007,0.003033,0.070376
83.427754,0.501286,0.002970,0.071649
84.501102,0.500054,0.003167,0.072051
85.588509,0.498300,0.003201,0.072425
86.689851,0.496171,0.003175,0.071546
87.805215,0.494586,0.003101,0.070827
88.935297,0.493154,0.003211,0.071249
90.079097,0.494436,0.003091,0.071922
91.238420,0.494768,0.003150,0.072509
92.412463,0.496000,0.003040,0.071080
93.601520,0.495525,0.003245,0.070742
94.805915,0.495482,0.003050,0.069917
96.025697,0.495136,0.003004,0.070160
97.261632,0.494989,0.003045,0.071747
98.512975,0.492293,0.003162,0.070226
99.780145,0.488861,0.003078,0.069782
101.064323,0.487868,0.003105,0.068762
102.364941,0.489857,0.003052,0.072482
103.681687,0.490043,0.003064,0.072946
105.016215,0.490086,0.003201,0.071588
106.367293,0.490979,0.003156,0.075212
107.735957,0.488300,0.003194,0.071923
109.122505,0.487721,0.003165,0.072388
110.526451,0.487343,0.003251,0.073025
111.948589,0.487171,0.003275,0.074781
113.389461,0.488186,0.003246,0.073134
114.848089,0.489429,0.003163,0.073547
116.326014,0.487743,0.003126,0.073491
117.822737,0.487743,0.003202,0.073882
119.339012,0.489168,0.003235,0.072912
120.874343,0.488668,0.003201,0.070820
122.429962,0.487707,0.003243,0.071171
124.005428,0.484514,0.003346,0.072391
125.600886,0.486800,0.003077,0.075086
127.217108,0.487814,0.003192,0.074038
128.853653,0.486579,0.002999,0.072991
130.512067,0.483711,0.003167,0.071006
132.191333,0.482404,0.003461,0.073625
133.892235,0.481164,0.003357,0.073462
135.615079,0.481093,0.003144,0.072527
137.360543,0.480839,0.003240,0.072369
139.127507,0.479464,0.003091,0.073797
140.917983,0.480239,0.003139,0.075558
142.731220,0.482071,0.003358,0.073648
144.567813,0.481629,0.003498,0.074037
146.428215,0.483461,0.003361,0.075099
148.312368,0.480829,0.003389,0.075836
150.220548,0.479232,0.003258,0.073686
152.153310,0.480568,0.003314,0.072435
154.111421,0.479904,0.003129,0.074012
156.094500,0.482096,0.003267,0.075619
158.102981,0.478329,0.003224,0.074953
160.137564,0.476371,0.003337,0.077633
162.197928,0.477821,0.003332,0.076257
164.285236,0.477964,0.003281,0.075484
166.399101,0.479329,0.003153,0.073919
168.540035,0.482207,0.003106,0.075165
170.708789,0.480068,0.003191,0.074593
172.905227,0.476768,0.003200,0.076104
175.130208,0.476057,0.003347,0.076741
177.384084,0.474861,0.003391,0.075690
179.666371,0.476671,0.003269,0.073078
181.978491,0.477854,0.003318,0.076036
184.319896,0.477971,0.003151,0.076209
186.691914,0.476493,0.003247,0.077107
189.093695,0.473443,0.003397,0.077412
191.527246,0.474386,0.003392,0.074743
193.991708,0.475950,0.003364,0.074196
196.487695,0.475257,0.003193,0.074154
199.016275,0.473282,0.003361,0.074588
201.577360,0.472175,0.003318,0.074923
204.170938,0.472439,0.003437,0.072041
206.797979,0.473407,0.003382,0.074097
209.459085,0.475243,0.003261,0.076206
212.154428,0.475514,0.003454,0.074281
214.884166,0.474225,0.003091,0.073536
217.649022,0.476961,0.003227,0.074527
220.450039,0.473575,0.003423,0.073710
223.286797,0.473414,0.003399,0.076782
226.159684,0.473139,0.003446,0.075729
229.070024,0.472811,0.003310,0.075711
232.017564,0.474646,0.003395,0.075675
235.003175,0.473293,0.003362,0.075142
238.026944,0.471811,0.003209,0.075590
241.089679,0.472493,0.003262,0.074469
244.192401,0.473861,0.003437,0.076139
247.334281,0.473393,0.003350,0.075167
250.516801,0.476929,0.003339,0.076345
253.740380,0.474379,0.003314,0.076047
257.005649,0.474221,0.003327,0.075529
260.312660,0.474329,0.003414,0.076562
263.662307,0.473446,0.003307,0.075824
267.054940,0.470854,0.003403,0.075567
270.491195,0.471946,0.003378,0.076226
273.972279,0.469954,0.003511,0.075717
277.497271,0.470371,0.003293,0.076320
281.068419,0.470461,0.003345,0.076844
284.685067,0.471318,0.003380,0.076217
288.348239,0.469064,0.003336,0.077315
292.058794,0.468918,0.003278,0.075993
295.816549,0.469911,0.003359,0.077452
299.623128,0.472421,0.003295,0.079415
303.478855,0.470396,0.003418,0.078923
307.383793,0.471236,0.003405,0.077733
311.339135,0.471839,0.003452,0.074589
315.345441,0.470750,0.003445,0.079259
319.403222,0.472054,0.003284,0.076423
323.513005,0.472154,0.003334,0.078429
327.676087,0.467136,0.003462,0.078396
331.892664,0.467379,0.003416,0.076720
336.163193,0.468943,0.003400,0.076132
340.488810,0.465479,0.003474,0.074984
344.870350,0.466264,0.003373,0.078060
349.307748,0.464325,0.003320,0.078752
353.802485,0.463196,0.003505,0.077293
358.355211,0.462339,0.003454,0.080980
362.966814,0.462821,0.003557,0.077715
367.637582,0.466196,0.003529,0.077624
372.368025,0.464593,0.003387,0.077301
377.159753,0.463014,0.003443,0.076216
382.012731,0.467386,0.003721,0.076574
386.928550,0.466971,0.003419,0.075147
391.907248,0.467636,0.003517,0.081206
396.950309,0.467746,0.003378,0.079631
402.058046,0.469368,0.003254,0.080031
407.231553,0.474221,0.003469,0.081236
412.471830,0.469539,0.003301,0.077432
417.779458,0.473757,0.003238,0.079586
423.155292,0.472825,0.003325,0.079916
428.600506,0.470125,0.003432,0.079317
434.115756,0.469207,0.003484,0.080566
439.701802,0.471057,0.003458,0.080687
445.359727,0.467357,0.003272,0.079765
451.090434,0.467629,0.003322,0.080676
456.895304,0.468039,0.003544,0.077089
462.774270,0.467214,0.003524,0.078153
468.729401,0.468446,0.003507,0.081831
474.760920,0.466214,0.003533,0.081055
480.869744,0.466468,0.003714,0.082162
487.057688,0.466443,0.003549,0.084182
493.325107,0.464414,0.003486,0.080878
499.673123,0.463611,0.003290,0.082827
506.102973,0.462993,0.003484,0.081356
512.615581,0.461350,0.003617,0.083102
519.211602,0.464321,0.003490,0.084027
525.892618,0.465079,0.003640,0.085413
532.659748,0.465646,0.003497,0.084465
539.514104,0.465171,0.003497,0.084879
546.456418,0.464193,0.003565,0.080656
553.488424,0.464171,0.003744,0.082316
560.610288,0.462918,0.003508,0.082971
567.823865,0.465514,0.003511,0.082409
575.131158,0.462154,0.003722,0.081865
582.531781,0.461671,0.003526,0.078798
590.027419,0.461007,0.003569,0.077687
597.619644,0.461593,0.003540,0.082239
605.310073,0.461711,0.003510,0.080260
613.099049,0.459143,0.003675,0.080668
620.988356,0.459100,0.003456,0.082125
628.979153,0.456357,0.003584,0.080867
637.072889,0.455721,0.003876,0.085606
645.270702,0.458979,0.003566,0.079534
653.574215,0.456843,0.003713,0.081146
661.983775,0.457193,0.003618,0.081647
670.502185,0.457793,0.003522,0.083200
679.129818,0.460882,0.003515,0.083576
687.869029,0.461311,0.003624,0.080909
696.720709,0.456396,0.003791,0.082091
705.685580,0.458971,0.003619,0.078112
714.766390,0.456346,0.003487,0.080907
723.964285,0.455154,0.003450,0.085063
733.279826,0.455464,0.003551,0.083376
742.715410,0.455950,0.003428,0.079694
752.272843,0.457589,0.003576,0.079857
761.953253,0.452896,0.003615,0.081904
771.757643,0.459679,0.003631,0.081024
781.688647,0.459982,0.003467,0.080986
791.747671,0.460486,0.003507,0.079194
801.935534,0.459325,0.003550,0.081288
812.254666,0.457943,0.003594,0.081247
822.706623,0.461550,0.003742,0.086791
833.293027,0.462975,0.003428,0.082070
844.015927,0.460393,0.003508,0.079714
854.876453,0.461700,0.003279,0.082505
865.877018,0.464750,0.003519,0.082798
877.018758,0.462989,0.003360,0.082002
888.304215,0.463968,0.003428,0.077054
899.735122,0.462557,0.003515,0.083112
911.312806,0.460379,0.003495,0.079971
923.039574,0.458929,0.003546,0.081131
934.917014,0.459654,0.003530,0.079394
946.947406,0.461064,0.003526,0.078728
959.132445,0.460439,0.003464,0.082349
971.474705,0.457204,0.003504,0.083063
983.975602,0.459968,0.003648,0.081589
996.637199,0.461611,0.003489,0.080330
1009.461952,0.461407,0.003535,0.080784
1022.451356,0.462346,0.003413,0.079732
1035.608409,0.464150,0.003554,0.080396
1048.934408,0.462629,0.003508,0.083598
1062.431977,0.460732,0.003545,0.079693
1076.103251,0.459946,0.003632,0.084798
1089.950405,0.465146,0.003529,0.084312
1103.976108,0.462732,0.003560,0.082632
1118.181876,0.465871,0.003527,0.079693
1132.570065,0.468371,0.003535,0.076846
1147.144096,0.462482,0.003583,0.076347
1161.905750,0.464039,0.003463,0.076296
1176.856992,0.466375,0.003359,0.079892
1192.000655,0.460593,0.003439,0.082026
1207.339215,0.458550,0.003214,0.080543
1222.875197,0.459761,0.003387,0.079902
1238.611148,0.465904,0.003448,0.080044
1254.549331,0.463404,0.003376,0.075933
1270.692763,0.464643,0.003412,0.079362
1287.044038,0.460375,0.003382,0.077555
1303.605448,0.458668,0.003346,0.078655
1320.380422,0.463214,0.003449,0.079726
1337.370958,0.457725,0.003589,0.076871
1354.580032,0.458489,0.003305,0.077060
1372.010725,0.461111,0.003444,0.076625
1389.665787,0.463518,0.003318,0.076221
1407.547603,0.462261,0.003405,0.076427
1425.659719,0.463761,0.003323,0.076844
1444.005424,0.464532,0.003413,0.079732
1462.586704,0.467264,0.003380,0.077989
1481.406931,0.465932,0.003284,0.077353
1500.469538,0.467082,0.003460,0.081531
1519.777890,0.468296,0.003442,0.085427
1539.334050,0.463243,0.003422,0.079971
1559.142200,0.462429,0.003590,0.081379
1579.204865,0.464232,0.003396,0.081305
1599.526282,0.464482,0.003561,0.083400
1620.108537,0.466989,0.003469,0.081644
1640.955939,0.465771,0.003409,0.083572
1662.071820,0.461096,0.003484,0.084000
1683.459322,0.460739,0.003585,0.081394
1705.121856,0.460086,0.003547,0.081449
1727.063452,0.459993,0.003420,0.080825
1749.287401,0.457275,0.003678,0.084624
1771.796850,0.457886,0.003516,0.082923
1794.596355,0.460104,0.003659,0.085923
1817.688902,0.457011,0.003573,0.082168
1841.079122,0.459625,0.003450,0.082802
1864.770028,0.462282,0.003692,0.083397
1888.765495,0.459436,0.003699,0.086242
1913.069834,0.457100,0.003523,0.082210
1937.687695,0.455179,0.003658,0.082953
1962.621470,0.455589,0.003639,0.077216
1987.876283,0.459807,0.003469,0.081816
2013.456026,0.454407,0.003567,0.080456
2039.365347,0.457989,0.003535,0.079648
2065.607710,0.467304,0.003492,0.077686
2092.187637,0.459632,0.003579,0.079513
2119.109675,0.457925,0.003309,0.075812
2146.378773,0.459321,0.003430,0.078395
2173.998004,0.459350,0.003721,0.078711
2201.972865,0.460307,0.003552,0.084308
2230.307941,0.462979,0.003582,0.082343
2259.007536,0.461243,0.003567,0.077967
2288.076093,0.462061,0.003704,0.080882
2317.518757,0.461918,0.003452,0.079869
2347.340578,0.454868,0.003494,0.079977
2377.546247,0.459439,0.003605,0.082122
2408.140347,0.460721,0.003505,0.085980
2439.127611,0.460489,0.003503,0.079188
2470.514651,0.457114,0.003546,0.085536
2502.305173,0.459514,0.003718,0.085054
2534.504749,0.459864,0.003653,0.083345
2567.118687,0.458318,0.003634,0.083016
2600.152035,0.459300,0.003633,0.085939
2633.610813,0.454239,0.004025,0.082811
2667.500104,0.459414,0.003669,0.087605
2701.824871,0.459446,0.003622,0.085565
2736.592454,0.456096,0.004068,0.085910
2771.806449,0.458046,0.003512,0.089858
2807.473792,0.460754,0.003675,0.081241
2843.600360,0.459686,0.003765,0.080956
2880.191503,0.462518,0.003461,0.081670
2917.253801,0.463311,0.003367,0.082555
2954.793063,0.465486,0.003597,0.082713
2992.815093,0.459761,0.003524,0.079877
3031.326529,0.457189,0.003583,0.081935
3070.333400,0.464143,0.003580,0.081303
3109.842278,0.458221,0.003588,0.083227
3149.859829,0.454254,0.003639,0.082114
3190.392444,0.455936,0.005457,0.081591
3231.445644,0.457764,0.004860,0.079677
3273.027860,0.460850,0.003822,0.082313
3315.145057,0.463361,0.003623,0.079559
-nan,0.460504,-nan,0.081570
3401.012454,0.456604,0.003418,0.080471
3444.776641,0.462668,0.003430,0.081424
3489.103601,0.463404,0.003641,0.082511
3534.001456,0.462439,0.003652,0.082012
-nan,0.464357,-nan,0.080070
3625.537359,0.461336,0.003413,0.080822
3672.190725,0.456250,0.003625,0.081760
3719.444492,0.457082,0.003756,0.086801
3767.305607,0.456493,0.003899,0.083498
3815.783384,0.459746,0.003487,0.083703
3864.884587,0.457457,0.003478,0.081472
3914.617943,0.462350,0.003433,0.083046
3964.991221,0.455350,0.003944,0.081439
4016.012546,0.454179,0.003650,0.083578
4067.690048,0.455418,0.003600,0.081500
4120.033307,0.451254,0.003661,0.083500
4173.049809,0.452450,0.003458,0.080677
4226.748238,0.459007,0.003477,0.081656
4281.137915,0.456893,0.003560,0.081798
4336.227511,0.458646,0.003498,0.078982
4392.025662,0.463036,0.003398,0.084449
4448.542462,0.465757,0.003494,0.077251
4505.785791,0.466168,0.003440,0.080044
4563.766349,0.465529,0.003450,0.079846
4622.492723,0.467946,0.003467,0.078734
4681.974892,0.463750,0.003610,0.077555
4742.221981,0.465029,0.003316,0.072227
4803.245058,0.460214,0.003390,0.074606
4865.052920,0.462500,0.003303,0.078220
4927.655981,0.459589,0.003485,0.079894
4991.065117,0.463732,0.003436,0.079844
5055.290141,0.464939,0.003408,0.080145
5120.341233,0.466932,0.003322,0.076797
5186.229604,0.466657,0.003331,0.082561
5252.965660,0.464861,0.003477,0.083412
5320.560927,0.460746,0.003390,0.077423
5389.026084,0.459718,0.003591,0.081158
5458.371460,0.464354,0.003414,0.077193
5528.609847,0.459886,0.003594,0.080375
5599.751859,0.461396,0.003544,0.080014
5671.808907,0.460939,0.003488,0.076656
5744.793745,0.466057,0.003359,0.075999
5818.717289,0.463579,0.003320,0.078224
5893.592469,0.466504,0.003379,0.074138
5969.430862,0.456029,0.003506,0.081595
6046.245762,0.460654,0.003395,0.078082
6124.048264,0.460843,0.003249,0.077303
6202.852572,0.462271,0.003473,0.083177
6282.670597,0.465046,0.003452,0.081795
6363.516123,0.462318,0.003541,0.080422
6445.401296,0.457196,0.003608,0.082131
6528.340422,0.462771,0.003392,0.080132
6612.347069,0.469796,0.003482,0.079864
6697.434386,0.467504,0.003356,0.080944
6783.616616,0.468650,0.003461,0.081397
6870.908145,0.464200,0.003413,0.075226
6959.322888,0.471768,0.003279,0.077586
7048.874918,0.467504,0.003330,0.081750
7139.579915,0.463975,0.003275,0.079882
7231.451788,0.465736,0.003451,0.079333
7324.506109,0.459086,0.003441,0.078750
7418.757366,0.463168,0.003601,0.079216
7514.221946,0.463968,0.003404,0.079469
7610.914872,0.458982,0.003691,0.082405
7708.851598,0.460507,0.003426,0.080627
7808.048965,0.467393,0.003473,0.081170
7908.522838,0.460371,0.003507,0.083149
8010.289287,0.466771,0.003566,0.081634
8113.365547,0.457268,0.003587,0.078319
8217.768070,0.463850,0.003291,0.080807
8323.513934,0.461525,0.003347,0.077301
8430.620997,0.461818,0.003548,0.082548
8539.106005,0.466014,0.003403,0.081748
8648.986962,0.462611,0.003588,0.082062
8760.281623,0.455836,0.003513,0.083928
8873.008581,0.453493,0.003578,0.080213
8987.186569,0.455082,0.003843,0.084447
9102.833578,0.457893,0.003440,0.087676
9219.968029,0.452829,0.003427,0.085333
9338.610637,0.461150,0.003546,0.081619
9458.779582,0.461736,0.003517,0.081399
9580.494868,0.457221,0.003786,0.079352
9703.776612,0.459536,0.003601,0.080483
9828.644261,0.461564,0.003576,0.078462
9955.119113,0.457429,0.003398,0.079464
10083.221243,0.458254,0.003429,0.079838
10212.972110,0.465161,0.003376,0.077930
10344.391979,0.467586,0.003385,0.078901
10477.503828,0.465171,0.003598,0.079647
10612.327968,0.466100,0.003440,0.084034
10748.887088,0.462400,0.003321,0.082305
10887.203086,0.456732,0.003481,0.080080
11027.299746,0.463857,0.003532,0.082622
11169.198481,0.467764,0.003532,0.081626
11312.923587,0.461554,0.003717,0.080417
11458.497941,0.456714,0.003425,0.081048
11605.945689,0.467579,0.003686,0.080246
11755.290479,0.465636,0.003470,0.080135
11906.557643,0.464236,0.003530,0.081201
12059.770892,0.459561,0.003487,0.082422
12214.955410,0.467521,0.003592,0.081220
12372.137301,0.460514,0.003491,0.077729
12531.341679,0.464300,0.003361,0.085083
12692.594800,0.458571,0.003538,0.079578
12855.922683,0.464046,0.003774,0.078153
13021.352181,0.461418,0.003271,0.080374
13188.910513,0.462157,0.003538,0.084543
13358.625327,0.465204,0.003580,0.077837
13530.523514,0.463711,0.003440,0.083605
13704.634023,0.468157,0.003396,0.080725
13880.985055,0.456057,0.003330,0.078116
14059.605451,0.450857,0.003658,0.083142
14240.523989,0.457404,0.003483,0.078281
14423.770482,0.455650,0.003802,0.081157
14609.375512,0.461143,0.003448,0.079241
14797.367866,0.471711,0.003298,0.075299
14987.780391,0.455786,0.003448,0.080958
15180.642924,0.457154,0.003435,0.084720
15375.987011,0.456871,0.004264,0.082580
15573.844834,0.462207,0.003400,0.082891
15774.248795,0.463561,0.003312,0.079274
15977.231485,0.464200,0.003387,0.083308
16182.825775,0.457664,0.003392,0.078638
16391.066161,0.464464,0.003470,0.079262
16601.985923,0.464761,0.003127,0.077725
16815.619873,0.466868,0.003285,0.081948
17032.002992,0.468507,0.003921,0.083745
17251.170217,0.461807,0.003774,0.083440
17473.158257,0.458318,0.003782,0.083778
17698.002192,0.460896,0.003638,0.084501
17925.739709,0.459800,0.003383,0.081252
18156.407876,0.458175,0.003782,0.083246
18390.044007,0.455386,0.003513,0.087312
18626.686399,0.462250,0.003580,0.081235
18866.374338,0.456629,0.003605,0.079323
19109.146260,0.463129,0.003365,0.078519
19355.042403,0.465946,0.003727,0.085718
19604.102778,0.460264,0.003435,0.080386
19856.367654,0.464075,0.003678,0.083219
20111.879057,0.465275,0.003248,0.082063
20370.678166,0.463186,0.003330,0.081886
20632.807751,0.462400,0.003183,0.082443
20898.310238,0.462261,0.003530,0.082967
21167.228986,0.461004,0.003275,0.079676
21439.608488,0.463275,0.003605,0.077639
21715.492655,0.458275,0.003588,0.083590
21994.926946,0.465689,0.002773,0.079378
22277.957477,0.462707,0.003400,0.079206
22564.629827,0.466054,0.003654,0.086883
22854.991248,0.460629,0.003248,0.082308
23149.088143,0.460268,0.003596,0.081441
23446.970302,0.460850,0.003906,0.082969
23748.685473,0.457736,0.003751,0.079761
24054.283077,0.460850,0.003220,0.082063
24363.813352,0.459650,0.003435,0.083592
24677.325782,0.463093,0.003638,0.080309
24994.873140,0.458129,0.003330,0.079188
25316.506554,0.458718,0.003030,0.075242
25642.279235,0.464861,0.003504,0.081759
25972.243035,0.463464,0.003347,0.079225
26306.453102,0.459439,0.002990,0.079580
26644.964393,0.457354,0.003383,0.086154
26987.831083,0.460154,0.003621,0.080140
27335.109681,0.456311,0.003638,0.079876
27686.857190,0.467511,0.003555,0.083681
28043.131199,0.465793,0.003891,0.082104
28403.989735,0.459086,0.004012,0.081401
28769.491737,0.459971,0.003967,0.082634
29139.696713,0.457221,0.003937,0.080437
29514.665405,0.463918,0.003967,0.083229
29894.459565,0.462036,0.004071,0.079435
30279.140982,0.456557,0.004883,0.082635
30668.772578,0.460321,0.003952,0.084236
31063.417419,0.461446,0.004026,0.081862
31463.140741,0.462996,0.003435,0.083527
31868.007603,0.461861,0.003876,0.084325
32278.084685,0.462904,0.003621,0.082647
32693.438231,0.462061,0.003638,0.083662
33114.136477,0.462314,0.003588,0.079893
33540.248534,0.462875,0.003654,0.077717
33971.843698,0.460750,0.003654,0.081942
34408.992812,0.458111,0.004143,0.085189
34851.766889,0.461857,0.003312,0.084500
35300.238538,0.458993,0.003088,0.077783
35754.481342,0.462568,0.003876,0.079118
36214.569009,0.463296,0.003088,0.081357
36680.577391,0.462061,0.003588,0.082166
37152.582151,0.462282,0.003876,0.077305
37630.661002,0.466768,0.003876,0.081344
38114.891461,0.464018,0.002013,0.078811
38605.353234,0.457129,0.003621,0.077675
39102.125981,0.459714,0.002805,0.087749
39605.291422,0.461646,0.005027,0.083118
40114.931404,0.457186,0.002674,0.080654
40631.129415,0.460657,0.003782,0.078677
41153.970136,0.458718,0.003202,0.083376
41683.538181,0.457857,0.003937,0.082332
42219.921249,0.462532,0.004658,0.081404
42763.206331,0.458011,-nan,0.081032
43313.482289,0.462907,0.002889,0.079344
43870.838976,0.455354,0.003521,0.084209
44435.367987,0.456386,0.004784,0.081645
45007.161734,0.459936,0.003521,0.080208
45586.312819,0.463232,0.004632,0.080163
46172.916531,0.457439,0.004907,0.078810
46767.068731,0.462043,0.004026,0.080651
47368.866061,0.459796,0.003782,0.085675
47978.407550,0.465621,0.004085,0.077192
48595.792761,0.463764,0.003010,0.078853
49221.122258,0.466421,0.003383,0.080942
49854.498886,0.460389,0.003164,0.075948
50496.025490,0.466304,0.004143,0.081212
51145.807185,0.462689,0.003521,0.078415
51803.950187,0.461182,0.002392,0.079374
52470.562335,0.462421,0.004475,0.080398
53145.752495,0.465386,0.003845,0.080778
53829.631004,0.466557,0.005481,0.080496
54522.309920,0.456304,0.003782,0.086876
55223.901474,0.464786,0.004143,0.083434
55934.521258,0.464114,0.004143,0.077833
56654.285436,0.464296,0.002584,0.078642
57383.311493,0.462246,-nan,0.079061
58121.719051,0.456679,0.004834,0.080648
58869.628247,0.464711,0.004834,0.075227
59627.161152,0.465654,0.004784,0.077859
60394.442178,0.460618,-nan,0.081103
61171.596898,0.462000,0.000000,0.076862
61958.751853,0.456582,0.005481,0.079055
62756.035529,0.461982,-nan,0.079730
63563.578891,0.456596,0.003164,0.084980
64381.513563,0.467393,0.002072,0.081638
65209.973751,0.454371,-nan,0.078909
66049.094344,0.459000,0.003088,0.081389
66899.012244,0.460596,0.003521,0.079907
67759.867711,0.458211,0.005694,0.078469
68631.800160,0.458821,0.006329,0.077909
69514.952662,0.464043,0.003521,0.079934
70409.469602,0.457371,0.003239,0.082596
71315.497003,0.458593,-nan,0.080822
72233.183628,0.460232,-nan,0.081907
73162.678544,0.455821,-nan,0.080732
74104.134507,0.464293,0.003654,0.081634
75057.705064,0.462814,0.004580,0.082241
76023.546164,0.458539,0.004026,0.080013
77001.815378,0.460175,0.002584,0.079449
77992.673324,0.456414,0.006020,0.083390
78996.281007,0.462946,-nan,0.075734
80012.803877,0.459707,-nan,0.083885
81042.406637,0.463157,-nan,0.081730
82085.258876,0.457304,0.005777,0.080898
83141.530529,0.451089,0.008286,0.080833
84211.393896,0.467514,-nan,0.074038
85295.023821,0.464836,0.006099,0.078429
86392.598785,0.455046,-nan,0.078791
87504.297188,0.464186,0.005859,0.082947
88630.300118,0.470182,0.003383,0.082501
89770.793366,0.459939,0.003383,0.083381
90925.961928,0.462254,0.004367,0.083237
92095.995559,0.465246,0.007242,0.082779
93281.084978,0.457864,0.007689,0.082073
94481.424042,0.466600,-nan,0.078789
95697.208931,0.465682,0.003654,0.077944
96928.638545,0.468614,-nan,0.081395
98175.914372,0.463589,0.005859,0.082076
99439.239941,0.461586,-nan,0.082117
100718.821931,0.464368,0.005859,0.077926
102014.870145,0.455964,0.006020,0.084237
103327.595312,0.459546,-nan,0.085204
104657.212209,0.461211,0.004367,0.080255
106003.939063,0.459518,0.006176,0.079516
107367.995833,0.457586,-nan,0.081123
108749.605170,0.456482,0.003906,0.082873
110148.992614,0.456779,-nan,0.081590
111566.387660,0.463782,-nan,0.083437
113002.021396,0.463914,0.000000,0.078233
114456.129173,0.459607,0.003088,0.083649
115928.948503,0.464725,0.005859,0.085077
117420.719806,0.462293,-nan,0.084226
118931.687397,0.461443,0.002392,0.081074
120462.097437,0.462543,-nan,0.080325
122012.201510,0.459311,0.008286,0.081610
123582.251915,0.458961,-nan,0.082580
125172.505924,0.462711,0.008735,0.081583
126783.223292,0.463446,-nan,0.082976
128414.667268,0.459789,0.005859,0.082025
130067.104507,0.455264,0.003088,0.090625
131740.804957,0.467454,0.010875,0.080522
133436.043287,0.454768,-nan,0.083853
135153.095516,0.461596,-nan,0.080384
136892.243180,0.454782,0.001953,0.082700
138653.769454,0.457161,0.004784,0.085911
140437.963336,0.462707,0.000000,0.081898
142245.116299,0.462693,-nan,0.085736
144075.523373,0.454593,-nan,0.085661
145929.484458,0.459743,0.003383,0.084311
147807.301909,0.459229,0.006176,0.084013
149708.661962,0.460907,23.241274,0.084645
151635.739388,0.457150,-nan,0.084920
153586.984973,0.462579,-nan,0.081251
155563.339151,0.458311,-nan,0.085920
157565.125125,0.456218,-nan,0.079796
159592.669471,0.458839,-nan,0.078617
161646.305098,0.461411,-nan,0.086158
163726.365995,0.458704,-nan,0.080434
165833.194222,0.456568,-nan,0.084226
167967.132255,0.458346,-nan,0.085438
170128.529729,0.459168,-nan,0.084555
172317.740186,0.452946,-nan,0.080628
174535.121349,0.459939,-nan,0.083040
176781.035453,0.462036,-nan,0.083725
179055.850668,0.461136,-nan,0.082752
181359.937592,0.462461,-nan,0.084148
183693.673728,0.460368,-nan,0.081577
186057.440222,0.455568,-nan,0.082586
188451.623633,0.458336,-nan,0.078883
190876.615092,0.461457,-nan,0.078241
193332.811738,0.462211,-nan,0.080319
195815.330612,0.465107,-nan,0.088306
198340.430058,0.466461,-nan,0.083837
200892.670749,0.454332,-nan,0.085178
203477.753278,0.459289,-nan,0.082463
206096.101129,0.459143,-nan,0.082248
208748.141599,0.458193,-nan,0.087688
211434.308531,0.451821,-nan,0.087795
214155.040767,0.465646,-nan,0.084457
216910.783331,0.460696,-nan,0.085242
219701.986916,0.463075,-nan,0.082397
222529.107706,0.467946,-nan,0.079948
225392.608181,0.458271,-nan,0.088076
228292.955475,0.460882,-nan,0.088907
231230.624686,0.465129,-nan,0.086571
234206.095210,0.456021,-nan,0.087003
237219.854891,0.461021,-nan,0.088649
240272.395420,0.461657,-nan,0.089014
243364.215535,0.461629,-nan,0.081606
246495.821601,0.463264,-nan,0.091549
249667.725116,0.451336,-nan,0.084976
252880.443896,0.457936,-nan,0.083422
256134.504388,0.461661,-nan,0.086903
259430.437908,0.463625,-nan,0.088445
262768.783858,0.462500,-nan,0.084496
266150.087069,0.457357,-nan,0.083305
269574.901062,0.453782,-nan,0.084506
273043.785064,0.464286,-nan,0.086866
276557.307441,0.465543,-nan,0.088791
280116.041289,0.466325,-nan,0.081075
283720.568863,0.457861,-nan,0.085194
287370.177025,0.458929,-nan,0.086227
291069.369895,0.453668,-nan,0.089879
294814.844567,0.460418,-nan,0.081607
298608.515973,0.458079,-nan,0.085411
302451.004280,0.459486,-nan,0.085479
306342.937920,0.463221,-nan,0.083461
310284.952702,0.457454,-nan,0.082828
314277.693578,0.454925,-nan,0.088223
318321.811993,0.469186,-nan,0.084698
322417.971020,0.454275,-nan,0.086049
326566.838775,0.457682,-nan,0.088706
330769.094325,0.460832,-nan,0.084652
335025.424572,0.460707,-nan,0.087726
339335.871036,0.461332,-nan,0.086041
343703.100325,0.466196,-nan,0.088551
348125.865196,0.460846,-nan,0.084548
