0.000000,0.995000,0.000000,0.000000
1.002931,0.848519,0.001728,0.026549
1.015657,0.847662,0.001693,0.026911
1.028355,0.846781,0.001662,0.026877
1.041185,0.845392,0.001705,0.027078
1.054442,0.844331,0.001775,0.026913
1.067877,0.843335,0.001749,0.026798
1.081278,0.842558,0.001696,0.027060
1.094838,0.841162,0.001732,0.027186
1.108824,0.839915,0.001712,0.027137
1.122594,0.838562,0.001700,0.027012
1.136856,0.837342,0.001783,0.027064
1.151259,0.836235,0.001690,0.027226
1.165721,0.835431,0.001739,0.027086
1.180313,0.834058,0.001722,0.027188
1.195406,0.832908,0.001769,0.027355
1.210279,0.831646,0.001709,0.027418
1.225688,0.830392,0.001723,0.027844
1.241062,0.828977,0.001798,0.027819
1.256753,0.827546,0.001684,0.027667
1.272665,0.826512,0.001820,0.027720
1.288594,0.825150,0.001707,0.027977
1.304988,0.823588,0.001764,0.028275
1.321360,0.822565,0.001756,0.027995
1.338109,0.821938,0.001779,0.027636
1.355037,0.820662,0.001763,0.027694
1.372065,0.819181,0.001779,0.028033
1.389433,0.817500,0.001810,0.028238
1.406904,0.816396,0.001835,0.028283
1.424536,0.815104,0.001836,0.028703
1.442523,0.813846,0.001797,0.028702
1.460854,0.812181,0.001810,0.029191
1.479249,0.810731,0.001839,0.029833
1.497770,0.809792,0.001804,0.029996
1.516787,0.808712,0.001781,0.030322
1.535795,0.807627,0.001790,0.030376
1.555364,0.806338,0.001824,0.030537
1.575019,0.804888,0.001784,0.030875
1.594892,0.803388,0.001793,0.031235
1.615018,0.801835,0.001821,0.031258
1.635392,0.800862,0.001791,0.030922
1.656084,0.799800,0.001789,0.031243
1.676872,0.798838,0.001813,0.031361
1.698207,0.797385,0.001783,0.031624
1.719419,0.795815,0.001782,0.031270
1.741080,0.794073,0.001847,0.031566
1.763292,0.792777,0.001901,0.031677
1.785403,0.791338,0.001753,0.032083
1.807992,0.790100,0.001897,0.032276
1.830912,0.788665,0.001818,0.032888
1.853939,0.787481,0.001836,0.033008
1.877239,0.785892,0.001872,0.033761
1.900983,0.784788,0.001840,0.034058
1.924847,0.784058,0.001786,0.034146
1.949371,0.783027,0.001837,0.033989
1.973877,0.781777,0.001852,0.034306
1.998662,0.780069,0.001870,0.034431
2.023952,0.778185,0.001896,0.034483
2.049545,0.777419,0.001888,0.034525
2.075394,0.776165,0.001840,0.034550
2.101649,0.775388,0.001917,0.034575
2.128256,0.773750,0.001843,0.034303
2.154933,0.772023,0.001874,0.034515
2.182426,0.770446,0.001915,0.034662
2.209883,0.769377,0.001869,0.034962
2.237772,0.767800,0.001868,0.034835
2.265959,0.766150,0.001878,0.034444
2.294618,0.765223,0.001978,0.034180
2.323857,0.763381,0.001902,0.034303
2.352813,0.761396,0.001916,0.034690
2.382631,0.760281,0.001842,0.034932
2.412692,0.759027,0.001928,0.035513
2.442986,0.757942,0.001960,0.035477
2.473966,0.756188,0.001891,0.035824
2.505268,0.755165,0.001936,0.036199
2.536900,0.754012,0.001937,0.036510
2.568954,0.752312,0.001958,0.036611
2.601344,0.750892,0.001929,0.036069
2.634214,0.749581,0.001953,0.036477
2.667606,0.748273,0.001873,0.036519
2.701074,0.747108,0.001861,0.036095
2.735093,0.745562,0.001988,0.036216
2.769839,0.744269,0.001954,0.036755
2.804746,0.743288,0.001911,0.036721
2.840250,0.741931,0.001974,0.037411
2.876231,0.740773,0.001927,0.037763
2.912315,0.739623,0.001956,0.037860
2.949255,0.738519,0.001963,0.038175
2.986542,0.736642,0.002005,0.038180
3.024182,0.735454,0.002002,0.038486
3.062594,0.733877,0.001980,0.037873
3.101228,0.732515,0.001972,0.037966
3.140206,0.731381,0.001965,0.038091
3.180031,0.729954,0.001964,0.037650
3.220071,0.728681,0.002024,0.037383
3.260657,0.728331,0.001934,0.037141
3.301739,0.726915,0.001938,0.037854
3.343699,0.725558,0.002086,0.037749
3.385880,0.724458,0.001994,0.037272
3.428647,0.723158,0.001971,0.037073
3.471962,0.721700,0.002008,0.037290
3.515876,0.720335,0.002054,0.037692
3.560250,0.719273,0.002025,0.038337
3.605292,0.717612,0.002059,0.038661
3.650850,0.716558,0.002044,0.038898
3.696521,0.715392,0.001928,0.038588
3.743458,0.713631,0.002043,0.039357
3.790786,0.713285,0.001978,0.039788
3.838720,0.711646,0.002069,0.039937
3.887375,0.709869,0.002133,0.040146
3.936313,0.708600,0.002072,0.040457
3.985994,0.707073,0.002139,0.040896
4.036372,0.705442,0.002047,0.041416
4.087261,0.703654,0.001961,0.041264
4.139022,0.702623,0.002043,0.041432
4.191240,0.700350,0.002099,0.041545
4.244142,0.698985,0.002069,0.041876
4.297882,0.698127,0.002144,0.041923
4.352032,0.696981,0.002182,0.041142
4.407240,0.695477,0.002116,0.041169
4.462816,0.694396,0.002058,0.041394
4.519337,0.693623,0.002053,0.041789
4.576295,0.692569,0.001987,0.042456
4.634295,0.690754,0.002177,0.042150
4.692574,0.689638,0.002096,0.041905
4.751864,0.688023,0.002114,0.042352
4.811791,0.687069,0.002109,0.042357
4.872767,0.685623,0.002110,0.042220
4.934318,0.683765,0.002113,0.042582
4.996633,0.682485,0.002156,0.042821
5.059965,0.681354,0.002110,0.042214
5.123761,0.680473,0.002182,0.041823
5.188349,0.679631,0.002127,0.042341
5.253982,0.678600,0.002181,0.042479
5.320519,0.677323,0.002171,0.041890
5.387567,0.676042,0.002160,0.042043
5.455633,0.675469,0.002182,0.042293
5.524540,0.674600,0.002121,0.042631
5.594341,0.673073,0.002123,0.043224
5.665088,0.671596,0.002187,0.043369
5.736684,0.670104,0.002256,0.043586
5.808902,0.669092,0.002190,0.043953
5.882448,0.667777,0.002148,0.044138
5.956820,0.667062,0.002251,0.044737
6.032282,0.665188,0.002173,0.045934
6.108336,0.663573,0.002327,0.045283
6.185498,0.662708,0.002278,0.044988
6.263646,0.662269,0.002282,0.044724
6.342870,0.660431,0.002282,0.044804
6.422870,0.659600,0.002309,0.045239
6.504297,0.658681,0.002278,0.045052
6.586177,0.657131,0.002261,0.045043
6.669297,0.655773,0.002130,0.045331
6.753789,0.654827,0.002306,0.045060
6.839314,0.653235,0.002150,0.045808
6.925368,0.652227,0.002242,0.044921
7.012999,0.651450,0.002273,0.045245
7.101670,0.650446,0.002296,0.045529
7.191370,0.649412,0.002288,0.045267
7.282291,0.648612,0.002287,0.045479
7.374477,0.646846,0.002187,0.046317
7.467554,0.645373,0.002217,0.046109
7.561794,0.644012,0.002274,0.046274
7.657536,0.642350,0.002252,0.045301
7.754405,0.640931,0.002310,0.045359
7.852254,0.639688,0.002266,0.045518
7.951332,0.638354,0.002293,0.045651
8.051813,0.637412,0.002231,0.045036
8.153539,0.636000,0.002162,0.044965
8.256596,0.634719,0.002285,0.044941
8.361008,0.633950,0.002278,0.045256
8.466756,0.632388,0.002291,0.046142
8.573749,0.631165,0.002340,0.046502
8.682153,0.631092,0.002330,0.046081
8.791504,0.630658,0.002304,0.046222
8.902808,0.629996,0.002349,0.046620
9.015108,0.628504,0.002272,0.046460
9.129232,0.627912,0.002339,0.046237
9.244616,0.627073,0.002394,0.046524
9.361429,0.626592,0.002369,0.046422
9.479704,0.626488,0.002343,0.046825
9.599534,0.626573,0.002322,0.046947
9.720709,0.626500,0.002457,0.048324
9.843547,0.624977,0.002308,0.048709
9.968171,0.623796,0.002417,0.048932
10.093896,0.623746,0.002391,0.048993
10.221620,0.621823,0.002342,0.048416
10.350679,0.620973,0.002348,0.048764
10.481504,0.619338,0.002279,0.047291
10.613919,0.617585,0.002428,0.047101
10.748148,0.615746,0.002399,0.047801
10.884006,0.614827,0.002339,0.048338
11.021691,0.614412,0.002257,0.048893
11.160698,0.613535,0.002414,0.050013
11.301959,0.612819,0.002398,0.050441
11.444641,0.612685,0.002436,0.050601
11.589522,0.611100,0.002333,0.051229
11.735783,0.610008,0.002449,0.050369
11.884071,0.608573,0.002366,0.050375
12.034316,0.607619,0.002489,0.050660
12.186496,0.605788,0.002421,0.049447
12.340538,0.606223,0.002371,0.048942
12.496384,0.606227,0.002429,0.049098
12.654348,0.604638,0.002434,0.049615
12.814276,0.602865,0.002575,0.050154
12.976303,0.602335,0.002388,0.049963
13.140212,0.600731,0.002515,0.049854
13.306500,0.599058,0.002485,0.049712
13.474470,0.598381,0.002495,0.050049
13.644909,0.597623,0.002489,0.050449
13.817264,0.597123,0.002350,0.050892
13.991903,0.596615,0.002442,0.051039
14.168724,0.595458,0.002381,0.051460
14.348101,0.594642,0.002607,0.052400
14.529129,0.593504,0.002434,0.053049
14.712888,0.593662,0.002501,0.053131
14.898645,0.594142,0.002496,0.052251
15.086986,0.593515,0.002471,0.052415
15.277773,0.592569,0.002508,0.052130
15.470670,0.592154,0.002494,0.051258
15.666382,0.589415,0.002596,0.050733
15.864362,0.588381,0.002611,0.051328
16.065005,0.588015,0.002493,0.051850
16.267907,0.586323,0.002447,0.050898
16.473521,0.584785,0.002506,0.052397
16.681803,0.583823,0.002598,0.051686
16.892771,0.582788,0.002467,0.051145
17.106080,0.582415,0.002498,0.051745
17.322441,0.582154,0.002468,0.051253
17.541341,0.582854,0.002517,0.051021
17.763117,0.582696,0.002575,0.052043
17.987541,0.581077,0.002574,0.053718
18.214888,0.578938,0.002625,0.053651
18.444836,0.577869,0.002539,0.053721
18.678011,0.578023,0.002511,0.052769
18.914360,0.577223,0.002564,0.052488
19.153285,0.576462,0.002434,0.052666
19.395478,0.576519,0.002456,0.051771
19.640377,0.576692,0.002552,0.052872
19.888967,0.573619,0.002623,0.053738
20.140239,0.572815,0.002595,0.054660
20.394794,0.572927,0.002556,0.054313
20.652599,0.570765,0.002661,0.054506
20.913395,0.568846,0.002572,0.056134
21.177550,0.568800,0.002571,0.055206
21.445767,0.567035,0.002624,0.054808
21.716690,0.567008,0.002596,0.055167
21.991162,0.564854,0.002813,0.055409
22.269229,0.564204,0.002636,0.056067
22.550673,0.563823,0.002708,0.056613
22.835433,0.562423,0.002599,0.056088
23.124156,0.560835,0.002713,0.056906
23.416652,0.559765,0.002638,0.057306
23.712159,0.559404,0.002596,0.059671
24.012299,0.558492,0.002736,0.059386
24.315811,0.557773,0.002679,0.059828
24.623079,0.557381,0.002630,0.059521
24.934297,0.556042,0.002597,0.059160
25.249370,0.554031,0.002632,0.058730
25.568549,0.554258,0.002638,0.058742
25.892013,0.553008,0.002610,0.058985
26.218881,0.550223,0.002587,0.059069
26.550447,0.549462,0.002705,0.059914
26.886390,0.548419,0.002644,0.060449
27.225821,0.547665,0.002760,0.060800
27.570072,0.548135,0.002830,0.061978
27.918528,0.546608,0.002730,0.059832
28.271501,0.545108,0.002680,0.060306
28.628709,0.546254,0.002814,0.060276
28.990816,0.545381,0.002666,0.061032
29.356970,0.544369,0.002790,0.061538
29.728216,0.543869,0.002721,0.062256
30.104169,0.543219,0.002810,0.062861
30.484596,0.542088,0.002851,0.063258
30.869792,0.541396,0.002704,0.062524
31.259976,0.540823,0.002825,0.060542
31.655300,0.542331,0.002760,0.058319
32.055367,0.542000,0.002780,0.059365
32.460557,0.538727,0.002725,0.059528
32.870784,0.540365,0.002788,0.059722
33.286493,0.539092,0.002768,0.059405
33.707110,0.538977,0.002733,0.059083
34.132986,0.537623,0.002860,0.058651
34.564782,0.534235,0.002806,0.059147
35.001522,0.532554,0.002913,0.058515
35.444092,0.532100,0.002786,0.058425
35.891852,0.531204,0.002890,0.059115
36.346019,0.531746,0.002886,0.059379
36.805100,0.532054,0.002849,0.061181
37.270424,0.530862,0.002709,0.061475
37.741581,0.529592,0.002852,0.061356
38.218539,0.527215,0.002883,0.060805
38.701662,0.525362,0.002866,0.060244
39.190894,0.525196,0.002814,0.062050
39.686337,0.524650,0.002845,0.060947
40.187905,0.524204,0.002840,0.060494
40.695839,0.524146,0.002875,0.061407
41.210580,0.521623,0.002821,0.060595
41.731325,0.523492,0.002937,0.062516
42.258816,0.523723,0.002985,0.062221
42.793058,0.522135,0.002753,0.063113
43.334170,0.520685,0.002920,0.062956
43.881824,0.519431,0.002924,0.063382
44.436577,0.518019,0.002949,0.064095
44.998009,0.515812,0.002989,0.065326
45.567133,0.516038,0.003085,0.066282
46.142850,0.516288,0.002878,0.065037
46.726341,0.515881,0.003033,0.062935
47.316739,0.514685,0.002895,0.062498
47.915261,0.515054,0.002984,0.063250
48.520943,0.516992,0.002931,0.063321
49.134216,0.516515,0.002866,0.063519
49.755043,0.513942,0.002882,0.063566
50.384035,0.515119,0.002918,0.064583
51.021086,0.513750,0.003018,0.065679
51.665776,0.512242,0.002935,0.064091
52.318988,0.508450,0.002954,0.060572
52.980589,0.509277,0.002966,0.061582
53.649991,0.510135,0.003020,0.062914
54.328404,0.508500,0.003092,0.061330
55.014996,0.508415,0.002980,0.060853
55.710488,0.507981,0.002987,0.060284
56.414716,0.506062,0.002929,0.060568
57.127975,0.507269,0.002909,0.059511
57.850087,0.506808,0.002936,0.060485
58.581455,0.506538,0.003095,0.061601
59.321484,0.505869,0.002784,0.062791
60.071773,0.506173,0.003063,0.062997
60.831108,0.504227,0.002932,0.064389
61.600014,0.507373,0.003059,0.064941
62.378937,0.506338,0.003053,0.065776
63.167098,0.504915,0.002905,0.065623
63.965772,0.505419,0.003038,0.063618
64.774369,0.504315,0.003248,0.065952
65.593249,0.503992,0.002990,0.066758
66.422360,0.501250,0.003127,0.068057
67.262321,0.500815,0.003062,0.068709
68.112263,0.500327,0.003229,0.065801
68.973440,0.501308,0.003086,0.066269
69.845247,0.496342,0.003092,0.064831
70.727964,0.496754,0.003090,0.066250
71.622335,0.496200,0.003035,0.065572
72.527619,0.496400,0.003179,0.067122
73.444792,0.496604,0.003203,0.068987
74.372801,0.497635,0.003041,0.070266
75.312879,0.496250,0.003121,0.068187
76.265011,0.496831,0.003181,0.068358
77.229166,0.494785,0.003144,0.069435
78.205434,0.493342,0.003018,0.068677
79.193984,0.493765,0.003204,0.067678
80.195362,0.492396,0.003285,0.067176
81.209035,0.491942,0.003078,0.067985
82.235677,0.490135,0.003277,0.067322
83.275290,0.490581,0.003100,0.069830
84.327821,0.488769,0.003146,0.070272
85.394087,0.488100,0.003159,0.069626
86.473489,0.487796,0.003137,0.066723
87.566406,0.490138,0.003128,0.068093
88.673530,0.490935,0.003297,0.068887
89.794296,0.490677,0.003132,0.066190
90.929263,0.491485,0.003146,0.067437
92.079045,0.489977,0.003266,0.068034
93.242916,0.486888,0.003180,0.069342
94.421696,0.485135,0.003223,0.071104
95.615133,0.486888,0.003364,0.071571
96.823928,0.486108,0.003084,0.074027
98.048118,0.485865,0.003204,0.075087
99.287356,0.485688,0.003137,0.071981
100.542631,0.486142,0.003211,0.071511
101.813396,0.485769,0.003192,0.071043
103.100509,0.484300,0.003290,0.072248
104.403542,0.484454,0.003183,0.071284
105.723794,0.484588,0.003091,0.072815
107.060095,0.482142,0.003099,0.071099
108.413332,0.480442,0.003152,0.071263
109.784307,0.478762,0.003346,0.071501
111.171668,0.475996,0.003262,0.071527
112.577208,0.475854,0.003381,0.074287
114.000545,0.476538,0.003432,0.074607
115.441485,0.477027,0.003235,0.073890
116.900925,0.477219,0.003308,0.076956
118.378907,0.475638,0.003401,0.077815
119.875297,0.477423,0.003285,0.077834
121.390800,0.475258,0.003550,0.079098
122.925508,0.473631,0.003378,0.078374
124.479125,0.472669,0.003265,0.078014
126.052732,0.472538,0.003438,0.078497
127.646382,0.470315,0.003245,0.077446
129.259899,0.472462,0.003355,0.076281
130.893870,0.476412,0.003243,0.074994
132.548674,0.473685,0.003306,0.075891
134.224393,0.474892,0.003333,0.072303
135.921054,0.471615,0.003390,0.072953
137.639326,0.469658,0.003159,0.072695
139.379372,0.468288,0.003294,0.073207
141.141359,0.470373,0.003411,0.074859
142.925355,0.470488,0.003280,0.074972
144.732360,0.467654,0.003464,0.076651
146.561958,0.467262,0.003428,0.076053
148.415171,0.464415,0.003373,0.075217
150.290720,0.465435,0.003556,0.075177
152.190690,0.463862,0.003415,0.076277
154.114938,0.466862,0.003433,0.074239
156.063181,0.466985,0.003464,0.074650
158.035624,0.464858,0.003458,0.074437
160.033694,0.465085,0.003629,0.075444
162.056814,0.466754,0.003406,0.076974
164.105318,0.465654,0.003322,0.077696
166.180160,0.464023,0.003488,0.074445
168.280752,0.463438,0.003517,0.076414
170.407843,0.464673,0.003439,0.076153
172.562168,0.462000,0.003464,0.076381
174.743948,0.459692,0.003412,0.076556
176.952993,0.459992,0.003459,0.076681
179.189958,0.459554,0.003482,0.075823
181.455253,0.458531,0.003496,0.076231
183.749296,0.459592,0.003442,0.075401
186.072156,0.458312,0.003559,0.076725
188.424176,0.459488,0.003358,0.072963
190.806310,0.460881,0.003320,0.073990
193.218252,0.459450,0.003587,0.076362
195.660782,0.459600,0.003582,0.077060
198.134522,0.459515,0.003547,0.074592
200.638858,0.460150,0.003414,0.077875
203.175354,0.458492,0.003495,0.074275
205.743862,0.460138,0.003401,0.075353
208.344726,0.459658,0.003396,0.074766
210.978684,0.461727,0.003420,0.077699
213.645862,0.463592,0.003486,0.077078
216.346679,0.459923,0.003529,0.076827
219.081603,0.461715,0.003584,0.076759
221.851252,0.461188,0.003501,0.077469
224.655752,0.461192,0.003419,0.076439
227.495487,0.462231,0.003303,0.075938
230.371526,0.461331,0.003650,0.078105
233.284065,0.458458,0.003326,0.076276
236.233164,0.460958,0.003424,0.075646
239.219449,0.460804,0.003425,0.078097
242.243615,0.461781,0.003596,0.082315
245.306216,0.462908,0.003474,0.076328
248.406932,0.461746,0.003371,0.077052
251.547154,0.460208,0.003489,0.075518
254.727355,0.461981,0.003397,0.076478
257.947507,0.461950,0.003319,0.077079
261.208503,0.461585,0.003432,0.076386
264.510504,0.461662,0.003250,0.076779
267.854402,0.462742,0.003399,0.078665
271.240503,0.461415,0.003578,0.077563
274.669127,0.458627,0.003476,0.074402
278.141977,0.461242,0.003405,0.076028
281.658300,0.461331,0.003485,0.074497
285.218499,0.458858,0.003303,0.077248
288.824347,0.463227,0.003339,0.080201
292.475497,0.461688,0.003489,0.078786
296.172679,0.458658,0.003384,0.078277
299.916896,0.462192,0.003578,0.078370
303.708540,0.464346,0.003420,0.082605
307.547863,0.460458,0.003435,0.079474
311.435793,0.457312,0.003268,0.078059
315.372995,0.460027,0.003614,0.079424
319.359699,0.458115,0.003579,0.080212
323.396914,0.460065,0.003560,0.081546
327.485317,0.456392,0.003620,0.077927
331.625594,0.455304,0.003684,0.078126
335.818001,0.454365,0.003753,0.079217
340.063321,0.452092,0.003520,0.079373
344.362137,0.456858,0.003636,0.081249
348.715667,0.457615,0.003462,0.080127
353.124027,0.457773,0.003584,0.080536
357.588036,0.458965,0.003461,0.077435
362.108243,0.457773,0.003565,0.075847
366.686355,0.456919,0.003436,0.078987
371.321752,0.457177,0.003524,0.078542
376.015867,0.454335,0.003524,0.079297
380.769463,0.453296,0.003497,0.078539
385.583130,0.453604,0.003592,0.078184
390.457480,0.454104,0.003563,0.077142
395.393978,0.454419,0.003483,0.080274
400.392222,0.455581,0.003498,0.080694
405.453687,0.452796,0.003620,0.078652
410.579537,0.455985,0.003587,0.076280
415.770507,0.450446,0.003522,0.076914
421.026005,0.450604,0.003792,0.078726
426.348868,0.454023,0.003627,0.078730
431.738947,0.454600,0.003483,0.079299
437.196416,0.453542,0.003441,0.078877
442.723427,0.451835,0.003624,0.080700
448.320396,0.451319,0.003507,0.080508
453.988148,0.451458,0.003501,0.077774
459.727117,0.452327,0.003697,0.078036
465.539155,0.447831,0.003513,0.078662
471.424181,0.451473,0.003523,0.077244
477.383956,0.450658,0.003554,0.080785
483.418829,0.449335,0.003625,0.084347
489.530469,0.449604,0.003537,0.083042
495.718539,0.451262,0.003488,0.082498
501.985630,0.449796,0.003568,0.086266
508.331916,0.452350,0.003694,0.087215
514.757889,0.450842,0.003563,0.085805
521.265509,0.451312,0.003749,0.086363
527.855248,0.450746,0.003663,0.086879
534.528269,0.448165,0.003631,0.086226
541.285890,0.448273,0.003617,0.087629
548.128576,0.449869,0.003609,0.084833
555.057388,0.447712,0.003389,0.085593
562.074846,0.451527,0.003720,0.085757
569.180427,0.446215,0.003668,0.084331
576.376425,0.450204,0.003933,0.082901
583.662546,0.448915,0.003616,0.077345
591.041091,0.448881,0.003621,0.081190
598.513007,0.449038,0.003520,0.080470
606.079377,0.446808,0.003611,0.079856
613.741061,0.447054,0.003792,0.081264
621.500244,0.447538,0.003756,0.079813
629.356997,0.446900,0.003479,0.082924
637.313180,0.447292,0.003585,0.082520
645.370061,0.449085,0.003579,0.082262
653.528824,0.449569,0.003564,0.081677
661.790682,0.445327,0.003505,0.082758
670.156968,0.443346,0.003731,0.081944
678.629112,0.440681,0.003893,0.082511
687.208121,0.440904,0.003685,0.081917
695.895775,0.439935,0.003936,0.085875
704.693362,0.442419,0.003436,0.083526
713.601906,0.444808,0.003818,0.082027
722.622892,0.446231,0.003556,0.084099
731.758755,0.441358,0.003905,0.083116
741.009511,0.442131,0.003786,0.081690
750.377093,0.443519,0.003890,0.084223
759.863051,0.448904,0.003734,0.082425
769.469442,0.445073,0.003905,0.084075
779.197080,0.442900,0.003770,0.083768
789.047573,0.444027,0.003681,0.084918
799.022355,0.440850,0.003769,0.083237
809.124081,0.441319,0.003806,0.084211
819.352618,0.445369,0.003498,0.081763
829.710652,0.441165,0.003704,0.079012
840.199663,0.448000,0.003575,0.080030
850.821513,0.446085,0.003640,0.080092
861.577346,0.447112,0.003691,0.078626
872.469355,0.443188,0.003640,0.082313
883.499184,0.441738,0.003571,0.083524
894.668305,0.439500,0.003878,0.083908
905.978695,0.442862,0.003852,0.083227
917.431948,0.441208,0.003721,0.081954
929.029687,0.442496,0.003633,0.082618
940.774745,0.445285,0.003725,0.083530
952.668084,0.442454,0.003778,0.086661
964.711526,0.443650,0.003931,0.085094
976.907146,0.442862,0.003554,0.081770
989.257511,0.441269,0.003920,0.083194
1001.763314,0.438546,0.003882,0.086131
1014.427571,0.437850,0.003890,0.087594
1027.251893,0.437638,0.003688,0.084102
1040.238316,0.434969,0.003802,0.085581
1053.388890,0.440092,0.003594,0.086091
1066.705540,0.441862,0.003698,0.081310
1080.191021,0.444262,0.003873,0.081807
1093.846589,0.445377,0.003742,0.083298
1107.675003,0.443919,0.003662,0.080729
1121.677969,0.442000,0.003506,0.084451
1135.858415,0.447788,0.003664,0.086206
1150.217414,0.446219,0.003642,0.083454
1164.758706,0.443881,0.003694,0.081376
1179.483358,0.443042,0.003664,0.078685
1194.394679,0.445404,0.003933,0.081391
1209.493741,0.444735,0.003694,0.081016
1224.784040,0.447412,0.003780,0.085941
1240.267642,0.442985,0.003789,0.086720
1255.947277,0.439496,0.003886,0.081897
1271.824776,0.439819,0.003528,0.088414
1287.903218,0.434904,0.003804,0.081426
1304.184965,0.434292,0.003861,0.082542
1320.672417,0.436850,0.003807,0.086613
1337.367967,0.438073,0.003807,0.081843
1354.274730,0.435696,0.003681,0.081347
1371.395788,0.441715,0.003795,0.086382
1388.732630,0.442362,0.003726,0.084714
1406.288888,0.442546,0.003887,0.088068
1424.067004,0.442800,0.003786,0.084345
1442.069912,0.440081,0.003900,0.086393
1460.301210,0.441954,0.004268,0.087942
1478.762018,0.442773,0.003982,0.087321
1497.456333,0.437769,0.003837,0.086852
1516.387215,0.438285,0.004039,0.088409
1535.556995,0.438473,0.004101,0.087461
1554.969274,0.444227,0.003883,0.088163
1574.627123,0.438365,0.003747,0.088327
1594.533920,0.439323,0.004085,0.091792
1614.691587,0.445808,0.003760,0.089967
1635.104447,0.443242,0.003798,0.087701
1655.775457,0.439531,0.003990,0.089020
1676.707582,0.435762,0.004196,0.089356
1697.904261,0.437996,0.003637,0.084227
1719.369417,0.431281,0.004116,0.087164
1741.105400,0.435181,0.003919,0.085874
1763.116406,0.439058,0.003743,0.086574
1785.405813,0.438738,0.003980,0.084706
1807.976673,0.437131,0.003854,0.084575
1830.832986,0.439400,0.004071,0.085776
1853.978401,0.439750,0.004008,0.086352
1877.415819,0.442200,0.003864,0.090305
1901.150280,0.442531,0.003903,0.086822
1925.184600,0.445581,0.003654,0.089365
1949.522312,0.446669,0.003998,0.090389
1974.168359,0.443062,0.003859,0.088496
1999.126000,0.441254,0.004080,0.086534
2024.398737,0.444769,0.003778,0.089753
2049.991090,0.448873,0.003859,0.088211
2075.906916,0.439315,0.003810,0.089213
2102.150277,0.444619,0.003742,0.086762
2128.725740,0.437512,0.003901,0.086165
2155.637205,0.438992,0.003689,0.084061
2182.888467,0.441458,0.003857,0.087099
2210.484085,0.444523,0.003614,0.082009
2238.429278,0.442996,0.003558,0.086607
2266.727490,0.441165,0.003760,0.085376
2295.383150,0.443300,0.003435,0.085149
2324.401290,0.445538,0.003803,0.087329
2353.786448,0.446796,0.003644,0.082590
2383.542873,0.445996,0.003636,0.083527
2413.675581,0.441965,0.004028,0.086037
2444.188752,0.441950,0.003528,0.089428
2475.088520,0.438423,0.003956,0.086868
2506.378282,0.443846,0.004407,0.085468
2538.063564,0.448454,0.003873,0.083928
2570.149571,0.451196,0.003533,0.088852
2602.641530,0.446535,0.003476,0.086566
2635.544226,0.452600,0.003894,0.086327
2668.862634,0.448719,0.004111,0.087381
2702.602565,0.449042,0.003672,0.088887
2736.768463,0.445777,0.003756,0.087256
2771.366741,0.443296,0.004115,0.087609
2806.402406,0.435227,0.004232,0.089868
2841.880819,0.438169,0.004085,0.089636
2877.807680,0.436504,0.004093,0.090753
-nan,0.437969,-nan,0.084380
2951.029940,0.438154,0.004045,0.084548
2988.336724,0.437635,0.004309,0.086631
3026.115057,0.442654,0.004534,0.084793
3064.371301,0.440704,0.004393,0.083988
-nan,0.437035,-nan,0.083312
3142.340118,0.438685,0.003739,0.087147
3182.065790,0.440596,0.003929,0.088245
3222.293459,0.436442,0.003925,0.089345
3263.029302,0.438258,0.003786,0.089891
3304.280613,0.440481,0.004463,0.085457
3346.053117,0.440996,0.003665,0.089457
3388.353634,0.442246,0.004686,0.088262
3431.189337,0.439177,0.005703,0.087103
3474.566130,0.439081,0.003847,0.088863
3518.491548,0.439731,0.003897,0.089487
3562.972301,0.442381,0.003930,0.093018
3608.015228,0.436777,0.003869,0.090593
3653.627996,0.437304,0.004457,0.085433
3699.816744,0.438454,0.004312,0.090945
3746.589530,0.440927,0.004301,0.090134
3793.953694,0.439838,0.003758,0.086628
3841.917070,0.438142,0.004002,0.089051
3890.486335,0.437596,0.003785,0.081633
3939.670197,0.431523,0.003923,0.082462
3989.474936,0.439908,0.003617,0.084434
4039.909529,0.440535,0.003761,0.086591
4090.982284,0.435846,0.004372,0.085584
4142.700137,0.442719,0.003873,0.083698
4195.072238,0.441235,0.003623,0.085783
4248.106032,0.439450,0.004022,0.082343
4301.810776,0.444754,0.004191,0.088186
4356.193759,0.443715,0.003601,0.084283
4411.264776,0.444454,0.004010,0.083943
4467.032173,0.437796,0.004015,0.086351
4523.504016,0.446858,0.003789,0.084859
4580.689942,0.443742,0.003985,0.086887
4638.598761,0.444119,0.003893,0.083892
4697.240110,0.441035,0.003771,0.085693
4756.622174,0.444008,0.003594,0.086693
4816.755629,0.442758,0.003618,0.088359
4877.649067,0.440458,0.003881,0.084886
4939.311888,0.441362,0.003997,0.088579
5001.754813,0.439700,0.004340,0.089243
5064.986797,0.438477,0.003913,0.085342
5129.018401,0.438119,0.003935,0.087280
5193.859036,0.436896,0.003752,0.087975
5259.519580,0.438069,0.003880,0.086242
5326.010511,0.438038,0.003817,0.082263
5393.341879,0.442781,0.007083,0.087600
5461.524367,0.438246,0.004177,0.085997
5530.568815,0.439527,0.003945,0.086674
5600.486088,0.439942,0.003941,0.085628
5671.287276,0.447850,0.003502,0.081935
5742.983516,0.441815,0.003678,0.081971
5815.586185,0.438631,0.003842,0.086377
5889.106517,0.437604,0.003654,0.083952
5963.556401,0.440612,0.003422,0.083077
6038.947642,0.435846,0.003935,0.082867
6115.291818,0.447050,0.003526,0.081144
6192.601433,0.444308,0.003777,0.088921
6270.888108,0.438585,0.003858,0.088064
6350.164763,0.442096,0.003597,0.086485
6430.443146,0.443515,0.003916,0.084067
6511.736987,0.442950,0.003636,0.080785
6594.057899,0.441831,0.003745,0.086384
6677.420194,0.435500,0.003921,0.085190
6761.835998,0.439512,0.003890,0.081915
6847.318618,0.443692,0.003565,0.081681
6933.882693,0.447050,0.003673,0.084612
7021.539994,0.454665,0.003931,0.088261
7110.306635,0.445581,0.003733,0.089099
7200.194625,0.447169,0.003822,0.085610
7291.219334,0.452004,0.003679,0.084345
7383.395078,0.443319,0.003666,0.084468
7476.735739,0.442542,0.003589,0.081392
7571.256722,0.441365,0.003731,0.081831
7666.971753,0.446065,0.003973,0.088156
7763.897988,0.440642,0.003819,0.087514
7862.049099,0.442404,0.004211,0.085621
7961.440800,0.444431,0.003759,0.085495
8062.089061,0.448527,0.003622,0.082923
8164.010012,0.441919,0.003941,0.083463
8267.219464,0.448735,0.004172,0.089259
8371.733316,0.440446,0.004113,0.090023
8477.568805,0.442835,0.003920,0.085046
8584.741730,0.451723,0.003627,0.079942
8693.270235,0.440808,0.003946,0.081324
8803.170205,0.442904,0.004025,0.083284
8914.459763,0.442423,0.003727,0.082000
9027.156082,0.436696,0.003847,0.086013
9141.277238,0.437373,0.004398,0.087401
9256.841348,0.440996,0.003899,0.087110
9373.866287,0.436585,0.004094,0.087081
9492.370012,0.450400,0.003551,0.084260
9612.372306,0.445596,0.003693,0.079913
9733.891821,0.451727,0.003544,0.082112
9856.947491,0.449427,0.003546,0.082387
9981.558960,0.450369,0.003565,0.081506
10107.745968,0.443923,0.003782,0.085740
10235.527667,0.443288,0.003565,0.082117
10364.925357,0.437615,0.003854,0.088973
10495.958611,0.436427,0.004006,0.089201
10628.648372,0.439719,0.003705,0.082678
10763.015609,0.444954,0.003688,0.083889
10899.081438,0.447069,0.003743,0.084970
11036.867342,0.436773,0.003707,0.084675
11176.395223,0.440165,0.003646,0.083466
11317.687031,0.442827,0.003837,0.082858
11460.765017,0.444319,0.004023,0.083800
11605.651560,0.444200,0.003755,0.085700
11752.369887,0.443977,0.004056,0.088167
11900.943181,0.436669,0.003864,0.084203
12051.394366,0.445819,0.003580,0.078738
12203.748558,0.440646,0.004136,0.090275
12358.027823,0.443842,0.003774,0.084597
12514.258019,0.445438,0.003790,0.084214
12672.462980,0.444738,0.003837,0.089738
12832.667910,0.448346,0.003879,0.080680
12994.898760,0.442619,0.003786,0.083347
13159.179784,0.440108,0.003731,0.079148
13325.537767,0.443677,0.003810,0.083460
13493.999008,0.445015,0.003715,0.083726
13664.590324,0.443454,0.003743,0.088013
13837.337569,0.440846,0.003802,0.084607
14012.269049,0.452058,0.003731,0.087091
14189.412166,0.439192,0.003584,0.084468
14368.794016,0.448019,0.003638,0.088863
14550.444261,0.434935,0.003948,0.086687
14734.391153,0.442373,0.008105,0.088843
14920.662647,0.440042,0.004326,0.091034
15109.289530,0.433492,0.003883,0.086449
15300.301111,0.439612,0.003786,0.081859
15493.727547,0.441350,0.004060,0.087982
15689.598817,0.437931,0.003933,0.083935
15887.946781,0.440069,0.004225,0.087155
16088.801618,0.443077,0.003727,0.083486
16292.196155,0.437269,0.003530,0.086146
16498.161833,0.441088,0.004071,0.085374
16706.731260,0.447050,0.003695,0.082735
16917.937564,0.441323,0.003806,0.082078
17131.813900,0.444338,0.003921,0.092637
17348.394056,0.443762,0.003588,0.083995
17567.711954,0.444331,0.003303,0.079158
17789.802879,0.443400,0.003735,0.086875
18014.701370,0.442554,0.003906,0.084223
18242.443057,0.439212,0.003711,0.084907
18473.063953,0.435731,0.003782,0.083548
18706.599888,0.437562,0.003914,0.085699
18943.088488,0.434427,0.003758,0.086210
19182.566599,0.438388,0.003678,0.084736
19425.072399,0.444015,0.003774,0.085613
19670.644525,0.435673,0.003974,0.083985
19919.319898,0.447335,0.003678,0.079629
20171.139697,0.444312,0.004508,0.084582
20426.143284,0.441550,0.003906,0.086432
20684.370239,0.453527,0.003695,0.081368
20945.861689,0.446812,0.003899,0.088922
21210.659057,0.439100,0.003530,0.085809
21478.803905,0.443208,0.003470,0.079261
21750.338685,0.447404,0.003703,0.087522
22025.305879,0.442473,0.003814,0.085093
22303.749668,0.444669,0.003751,0.085316
22585.713158,0.447338,0.003638,0.090733
22871.212535,0.442165,1.049822,0.086680
23160.380172,0.436492,-nan,0.088793
23453.172962,0.441073,-nan,0.094559
23749.667648,0.442150,-nan,0.088042
24049.910833,0.440704,-nan,0.081286
24353.949086,0.445304,-nan,0.080840
24661.831563,0.446292,-nan,0.086971
24973.605771,0.439769,-nan,0.083089
25289.322001,0.443942,-nan,0.084506
25609.029598,0.443696,-nan,0.088321
25932.778699,0.438946,-nan,0.082637
26260.620211,0.445304,-nan,0.082605
26592.606864,0.445004,-nan,0.085682
26928.790133,0.444115,-nan,0.082851
27269.223440,0.433862,-nan,0.084283
27613.960740,0.442712,-nan,0.085342
27963.056346,0.444950,-nan,0.088964
28316.565165,0.432231,-nan,0.092265
28674.542709,0.443177,-nan,0.094114
29037.045479,0.440881,-nan,0.083600
29404.131633,0.435892,-nan,0.088323
29775.858611,0.443131,-nan,0.083524
30152.284278,0.444708,-nan,0.089838
30533.469296,0.447615,-nan,0.088973
30919.472816,0.449715,-nan,0.087344
31310.356498,0.445750,-nan,0.086155
31706.181851,0.449581,-nan,0.078788
32107.011120,0.437488,-nan,0.082856
32512.907336,0.445808,-nan,0.084887
32923.934953,0.439512,-nan,0.081025
33340.158904,0.439492,-nan,0.085979
33761.644688,0.444038,-nan,0.086557
34188.459756,0.445904,-nan,0.086906
34620.669334,0.445681,-nan,0.081143
35058.343362,0.443673,-nan,0.082740
35501.550785,0.442212,-nan,0.088641
35950.360871,0.448427,-nan,0.086353
36404.844763,0.445912,-nan,0.084027
36865.074336,0.449762,-nan,0.082486
37331.122169,0.444738,-nan,0.080231
37803.061891,0.439919,-nan,0.084901
38280.968101,0.443123,-nan,0.084809
38764.915569,0.445888,-nan,0.081889
39254.981181,0.440219,-nan,0.081898
39751.242001,0.444538,-nan,0.086747
40253.776700,0.445054,-nan,0.083365
40762.664537,0.436015,-nan,0.091367
41277.985713,0.444762,-nan,0.087205
41798.597216,0.439738,-nan,0.087312
42328.254386,0.437869,-nan,0.089995
42863.367868,0.432277,-nan,0.090064
43405.246239,0.437100,-nan,0.098096
43953.974581,0.428146,-nan,0.094429
44509.640470,0.441719,-nan,0.091695
45072.330671,0.438112,-nan,0.094282
45642.134603,0.440742,-nan,0.092551
46219.141635,0.440265,-nan,0.092634
46803.443727,0.438946,-nan,0.086243
47395.132207,0.440504,-nan,0.090124
47994.301063,0.450338,-nan,0.088613
48601.044375,0.438850,-nan,0.091379
49215.458326,0.434135,-nan,0.091732
49837.640014,0.438208,-nan,0.086670
50467.686479,0.442381,-nan,0.086936
51105.698602,0.437296,-nan,0.090099
51751.776206,0.445588,-nan,0.089948
52406.021391,0.439781,-nan,0.087099
53068.537915,0.447519,-nan,0.089434
53739.379260,0.443842,-nan,0.095309
54417.954589,0.438465,-nan,0.091823
55106.764929,0.438569,-nan,0.091106
55803.424253,0.442558,-nan,0.089922
56508.890433,0.442104,-nan,0.095138
57223.274825,0.440512,-nan,0.093716
57946.690972,0.444273,-nan,0.090381
58679.252210,0.442381,-nan,0.094845
59421.075058,0.436746,-nan,0.092611
60172.275777,0.443415,-nan,0.089170
60932.972981,0.441585,-nan,0.092934
61703.286385,0.437946,-nan,0.088591
62483.338935,0.438419,-nan,0.094504
63273.252489,0.440569,-nan,0.090545
64073.152407,0.445227,-nan,0.090212
64883.165131,0.437292,-nan,0.091144
65703.417004,0.434219,-nan,0.094352
66534.039009,0.441965,-nan,0.093483
67375.161445,0.440550,-nan,0.098239
68226.917452,0.441796,-nan,0.093594
69089.441857,0.436988,-nan,0.091957
69962.869063,0.441565,-nan,0.087803
70847.339393,0.439277,-nan,0.092329
71742.990555,0.441519,-nan,0.098004
72649.551059,0.434835,-nan,0.098320
73568.404593,0.437354,-nan,0.095990
74498.455979,0.433196,-nan,0.095991
75440.264427,0.440542,-nan,0.094573
76393.979451,0.436688,-nan,0.095817
77359.751116,0.436954,-nan,0.088937
78337.732447,0.436046,-nan,0.093780
79328.077560,0.431415,-nan,0.093592
80330.942133,0.436981,-nan,0.097819
81346.485082,0.442719,-nan,0.093888
82374.866235,0.437631,-nan,0.094480
83416.248641,0.437204,-nan,0.098964
84470.796459,0.432746,-nan,0.095490
85538.675180,0.434496,-nan,0.097810
86620.053703,0.438942,-nan,0.089757
87715.103708,0.434177,-nan,0.092423
88823.997166,0.436135,-nan,0.096641
89946.635475,0.439077,-nan,0.093917
91084.016575,0.446831,-nan,0.091021
92235.132392,0.433062,-nan,0.103753
93401.540394,0.443404,-nan,0.092341
94582.321544,0.438092,-nan,0.097622
95778.030156,0.439762,-nan,0.094037
96988.855399,0.436838,-nan,0.101206
98214.987360,0.442219,-nan,0.095982
99456.620473,0.436062,-nan,0.094990
100713.950174,0.433892,-nan,0.093707
101987.175036,0.438992,-nan,0.097616
103276.495536,0.436450,-nan,0.095607
104582.115687,0.440723,-nan,0.094188
105904.241889,0.436046,-nan,0.096483
107243.082695,0.426058,-nan,0.099387
108598.848240,0.436377,-nan,0.094443
109971.753633,0.439277,-nan,0.098585
111362.015478,0.436127,-nan,0.096780
112769.852841,0.431900,-nan,0.097563
114195.488187,0.438808,-nan,0.098744
115639.146139,0.442438,-nan,0.092414
117101.054970,0.446846,-nan,0.098034
118581.445680,0.436788,-nan,0.101047
120080.551470,0.431500,-nan,0.097884
121598.608312,0.436654,-nan,0.096282
123135.856371,0.437773,-nan,0.094132
124692.538455,0.439388,-nan,0.096623
126268.900372,0.442546,-nan,0.095957
127865.190630,0.439588,-nan,0.095316
129481.661175,0.442846,-nan,0.091702
131118.566808,0.443950,-nan,0.094861
132773.026631,0.440515,-nan,0.093222
134454.721489,0.439177,-nan,0.099689
136154.496693,0.440019,-nan,0.093668
137875.760162,0.440019,-nan,0.096230
139618.784491,0.440473,-nan,0.100249
141383.843846,0.428904,-nan,0.103424
143171.216617,0.439319,-nan,0.096553
144981.185987,0.437269,-nan,0.099838
146814.036736,0.439169,-nan,0.097967
148670.057868,0.442519,-nan,0.102478
150549.543625,0.439792,-nan,0.096576
152452.789416,0.436881,-nan,0.096108
154380.096009,0.438685,-nan,0.097068
156331.767719,0.429658,-nan,0.098054
158308.111902,0.445696,-nan,0.098856
160309.441706,0.435585,-nan,0.101061
162336.071917,0.436119,-nan,0.099010
164388.322727,0.442931,-nan,0.102119
166466.518656,0.433912,-nan,0.103319
168570.986609,0.437231,-nan,0.102197
170702.059002,0.442373,-nan,0.096731
172860.072805,0.439135,-nan,0.097128
175045.368334,0.429862,-nan,0.096824
177258.289999,0.431731,-nan,0.099508
179499.187873,0.436477,-nan,0.097333
181767.311771,0.438735,-nan,0.098896
184066.329315,0.430931,-nan,0.100196
186393.294091,0.428027,-nan,0.100822
188749.676042,0.433873,-nan,0.100338
191135.847485,0.439162,-nan,0.101114
193551.994449,0.435296,-nan,0.097351
195999.069683,0.428273,-nan,0.100998
198476.887859,0.432031,-nan,0.100186
200986.030838,0.436492,-nan,0.099906
203526.893973,0.436058,-nan,0.097995
206099.878995,0.436654,-nan,0.100350
208705.391678,0.438535,-nan,0.103704
211343.843309,0.440846,-nan,0.097368
214015.649962,0.439900,-nan,0.099403
216720.959048,0.440850,-nan,0.104185
219461.021215,0.444546,-nan,0.100225
222235.445431,0.439696,-nan,0.102169
225044.943695,0.438438,-nan,0.106475
227889.960095,0.427062,-nan,0.103220
230770.942574,0.436662,-nan,0.100705
233688.346259,0.435512,-nan,0.103025
236642.632110,0.439815,-nan,0.099895
239634.265661,0.436892,-nan,0.099277
242663.719929,0.440312,-nan,0.101920
245731.472099,0.436635,-nan,0.103427
248838.007143,0.435850,-nan,0.096124
251983.814520,0.438188,-nan,0.099368
255169.391598,0.435785,-nan,0.103927
258395.240758,0.435019,-nan,0.101003
261661.870738,0.432877,-nan,0.099931
264969.797102,0.436100,-nan,0.098199
268319.542632,0.440950,-nan,0.100306
271711.635819,0.440488,-nan,0.103168
275146.611345,0.439419,-nan,0.099310
278623.633849,0.430823,-nan,0.103737
