0.000000,0.995000,0.000000,0.000000
1.002865,0.851713,0.001751,0.026583
1.015357,0.850792,0.001782,0.026760
1.027877,0.849538,0.001718,0.027206
1.040513,0.848558,0.001692,0.027647
1.053288,0.847629,0.001666,0.027577
1.066164,0.846133,0.001678,0.027459
1.079410,0.844900,0.001736,0.027075
1.092727,0.843654,0.001726,0.026970
1.106108,0.842808,0.001693,0.027073
1.119761,0.841813,0.001764,0.026924
1.133667,0.840496,0.001696,0.026926
1.147484,0.839221,0.001708,0.026894
1.161762,0.837817,0.001778,0.026792
1.176020,0.836813,0.001698,0.026792
1.190514,0.835804,0.001780,0.027085
1.205230,0.834708,0.001660,0.026847
1.219874,0.833375,0.001811,0.027160
1.235131,0.831863,0.001639,0.026986
1.250354,0.830833,0.001841,0.027428
1.265668,0.829592,0.001679,0.027303
1.281295,0.828292,0.001813,0.027240
1.296953,0.827296,0.001713,0.027428
1.313217,0.826167,0.001662,0.027509
1.329364,0.824788,0.001884,0.027515
1.345456,0.823483,0.001700,0.027782
1.362299,0.822333,0.001696,0.028175
1.379213,0.821617,0.001782,0.028206
1.395943,0.820458,0.001829,0.028526
1.413103,0.819183,0.001750,0.028802
1.430562,0.817721,0.001783,0.029172
1.448255,0.816321,0.001724,0.028620
1.466080,0.815429,0.001746,0.028944
1.484209,0.814129,0.001786,0.029170
1.502408,0.812888,0.001836,0.028977
1.520970,0.811379,0.001851,0.028527
1.539739,0.810200,0.001816,0.028305
1.558547,0.808742,0.001809,0.028019
1.577861,0.807713,0.001853,0.028416
1.597565,0.806512,0.001828,0.028632
1.617226,0.804983,0.001733,0.028776
1.637031,0.803617,0.001754,0.028907
1.657170,0.802500,0.001805,0.029253
1.677769,0.801287,0.001858,0.029658
1.698493,0.799808,0.001815,0.029520
1.719307,0.798571,0.001794,0.029398
1.740627,0.797371,0.001867,0.029897
1.762024,0.796517,0.001795,0.029746
1.783770,0.794975,0.001824,0.029665
1.805643,0.793758,0.001840,0.029791
1.828099,0.792608,0.001820,0.030094
1.850521,0.791321,0.001856,0.030610
1.873321,0.789750,0.001847,0.030528
1.896384,0.787971,0.001861,0.030770
1.919675,0.787554,0.001806,0.031236
1.943510,0.786525,0.001851,0.031739
1.967396,0.785396,0.001861,0.031653
1.991894,0.783387,0.001840,0.032032
2.016318,0.782708,0.001909,0.032031
2.041101,0.781321,0.001799,0.031455
2.066406,0.779750,0.001772,0.031002
2.091880,0.778583,0.001800,0.031153
2.117661,0.776962,0.001859,0.031211
2.143619,0.775429,0.001847,0.030934
2.170248,0.774054,0.001819,0.030836
2.196995,0.772854,0.001878,0.031001
2.224103,0.771283,0.001944,0.031289
2.251482,0.769946,0.001936,0.031558
2.279308,0.769067,0.001910,0.031786
2.307442,0.767900,0.001854,0.032269
2.335729,0.767175,0.001944,0.032810
2.364798,0.765767,0.001874,0.032751
2.393633,0.764492,0.001838,0.032771
2.423307,0.763058,0.001873,0.032915
2.453306,0.762242,0.001966,0.033155
2.483603,0.761137,0.001891,0.033595
2.514118,0.759937,0.001906,0.033723
2.545185,0.757804,0.001916,0.033517
2.576683,0.757067,0.001911,0.033315
2.608374,0.756008,0.001904,0.033390
2.640536,0.754525,0.001966,0.033631
2.673102,0.753421,0.001907,0.033900
2.706041,0.752096,0.001966,0.033653
2.739492,0.750908,0.001946,0.033888
2.773437,0.749717,0.001850,0.034163
2.807478,0.748333,0.001838,0.034526
2.842011,0.747454,0.001875,0.034841
2.877119,0.746404,0.001900,0.034659
2.912789,0.745288,0.001907,0.034963
2.948725,0.743296,0.001933,0.034445
2.984998,0.742004,0.001844,0.034926
3.021842,0.740500,0.001932,0.034687
3.059229,0.740071,0.001995,0.034807
3.096970,0.738317,0.002001,0.034932
3.135214,0.736979,0.001934,0.034968
3.173900,0.735675,0.001992,0.035000
3.213197,0.734279,0.001974,0.034850
3.252772,0.732817,0.001981,0.035024
3.292761,0.731254,0.001915,0.035396
3.333525,0.730025,0.001971,0.035445
3.374458,0.727971,0.001986,0.035375
3.416092,0.726842,0.001978,0.035520
3.458346,0.725908,0.002031,0.035787
3.500917,0.724592,0.002072,0.036139
3.544166,0.723033,0.002018,0.036640
3.587862,0.721725,0.002075,0.036765
3.632193,0.720300,0.002018,0.036332
3.676850,0.718879,0.001927,0.036839
3.722534,0.718496,0.002022,0.037157
3.768410,0.716888,0.002054,0.037955
3.814772,0.715692,0.002062,0.038052
3.861934,0.714963,0.001997,0.038152
3.909563,0.712967,0.001935,0.038918
3.957845,0.712308,0.002032,0.038833
4.006496,0.711200,0.002012,0.039038
4.056071,0.709863,0.002173,0.039086
4.106210,0.708213,0.002121,0.038472
4.156932,0.706713,0.002094,0.038665
4.208169,0.705942,0.002052,0.038446
4.260115,0.704013,0.002073,0.038388
4.312625,0.703396,0.002139,0.038747
4.366046,0.702713,0.002075,0.039278
4.419843,0.700888,0.002028,0.038943
4.474347,0.700700,0.001982,0.039237
4.529543,0.699971,0.002049,0.038731
4.585552,0.698413,0.002077,0.038915
4.642052,0.697171,0.002099,0.039522
4.699199,0.695163,0.002122,0.038670
4.757375,0.694438,0.002098,0.038509
4.815994,0.693454,0.002070,0.038651
4.875525,0.692987,0.002028,0.038587
4.935641,0.691575,0.002104,0.038578
4.996584,0.690754,0.002104,0.038893
5.058359,0.689713,0.002100,0.037948
5.120715,0.688121,0.002042,0.038466
5.183854,0.686604,0.002067,0.039093
5.248006,0.685900,0.002152,0.038947
5.312585,0.685004,0.002143,0.039391
5.378219,0.684658,0.002123,0.039663
5.444548,0.684233,0.002097,0.040138
5.511965,0.683417,0.002189,0.040515
5.580018,0.682208,0.002135,0.039794
5.648721,0.681267,0.002212,0.040017
5.718506,0.680642,0.002136,0.040524
5.788880,0.678954,0.002208,0.040978
5.860653,0.677133,0.002153,0.041070
5.932821,0.675721,0.002253,0.042228
6.006142,0.674425,0.002214,0.042082
6.080300,0.673383,0.002213,0.041620
6.155361,0.672329,0.002138,0.041569
6.231354,0.671433,0.002146,0.041650
6.308270,0.669912,0.002192,0.042161
6.386081,0.667758,0.002188,0.042107
6.465014,0.666862,0.002192,0.042799
6.544925,0.665950,0.002129,0.042701
6.625589,0.665058,0.002191,0.042417
6.707309,0.664433,0.002168,0.042717
6.790253,0.663658,0.002214,0.042767
6.874024,0.661933,0.002199,0.043509
6.959032,0.661592,0.002204,0.044108
7.044568,0.660633,0.002228,0.044276
7.131533,0.659629,0.002197,0.044856
7.219629,0.658567,0.002220,0.044691
7.308794,0.657917,0.002281,0.045315
7.398972,0.657800,0.002208,0.045920
7.490548,0.656329,0.002206,0.046520
7.582945,0.655571,0.002247,0.046192
7.676489,0.654762,0.002189,0.045017
7.771329,0.653371,0.002271,0.044790
7.867222,0.651196,0.002221,0.045764
7.964490,0.649829,0.002283,0.046648
8.062586,0.648804,0.002270,0.047417
8.162148,0.647763,0.002230,0.046772
8.262842,0.646421,0.002369,0.047175
8.365084,0.645700,0.002236,0.046451
8.468021,0.644892,0.002218,0.046447
8.572758,0.643858,0.002277,0.046960
8.678494,0.643025,0.002298,0.046515
8.785764,0.641396,0.002282,0.046681
8.894042,0.639396,0.002314,0.046913
9.004163,0.637800,0.002329,0.047781
9.115123,0.637121,0.002250,0.048802
9.227687,0.636058,0.002350,0.047864
9.341553,0.634463,0.002195,0.048237
9.456844,0.633583,0.002288,0.049555
9.573708,0.631392,0.002377,0.049093
9.691978,0.630379,0.002355,0.048808
9.811503,0.629492,0.002316,0.047162
9.932872,0.628904,0.002329,0.046612
10.055383,0.628683,0.002365,0.045936
10.179510,0.627917,0.002331,0.045659
10.305113,0.626496,0.002421,0.046330
10.432487,0.626121,0.002419,0.047071
10.561183,0.626408,0.002403,0.047343
10.691717,0.625892,0.002290,0.048450
10.823861,0.624487,0.002454,0.048395
10.957314,0.623646,0.002381,0.048797
11.092542,0.623650,0.002358,0.049298
11.229615,0.622575,0.002514,0.049124
11.368236,0.620817,0.002389,0.047921
11.508535,0.619387,0.002354,0.046773
11.650777,0.619638,0.002398,0.046251
11.794687,0.616625,0.002466,0.046813
11.940107,0.616146,0.002336,0.048458
12.087358,0.615017,0.002387,0.047789
12.236932,0.612917,0.002447,0.047522
12.388018,0.613229,0.002318,0.047477
12.541008,0.613346,0.002374,0.047834
12.695775,0.611688,0.002390,0.048583
12.852444,0.610017,0.002326,0.048585
13.011177,0.609204,0.002493,0.050326
13.171859,0.608317,0.002447,0.050645
13.334508,0.607917,0.002343,0.050565
13.498891,0.606908,0.002468,0.049463
13.665646,0.606113,0.002390,0.048556
13.834344,0.605063,0.002447,0.048231
14.005276,0.604346,0.002491,0.049283
14.178394,0.603275,0.002361,0.050147
14.353399,0.602688,0.002357,0.049697
14.530545,0.602150,0.002358,0.049461
14.709951,0.601183,0.002508,0.049671
14.891463,0.599042,0.002397,0.048891
15.075521,0.597638,0.002502,0.049872
15.261673,0.596883,0.002494,0.049618
15.450052,0.596862,0.002463,0.050155
15.640962,0.595650,0.002390,0.049357
15.834135,0.594412,0.002527,0.050598
16.029483,0.591904,0.002464,0.049641
16.227504,0.590042,0.002537,0.050903
16.427813,0.588708,0.002553,0.049785
16.630698,0.588221,0.002511,0.049684
16.836242,0.587925,0.002470,0.051154
17.043696,0.586100,0.002593,0.052353
17.254422,0.584867,0.002564,0.052001
17.467325,0.585196,0.002529,0.053573
17.683123,0.583296,0.002628,0.053181
17.901474,0.583071,0.002556,0.053490
18.122507,0.582921,0.002565,0.054099
18.346391,0.581346,0.002528,0.053586
18.572643,0.579825,0.002463,0.053132
18.802005,0.579108,0.002574,0.053286
19.034288,0.579304,0.002508,0.053795
19.269621,0.577554,0.002694,0.052875
19.507382,0.575642,0.002524,0.053398
19.748161,0.575617,0.002431,0.054137
19.991996,0.574950,0.002677,0.055120
20.238979,0.574687,0.002511,0.056021
20.488936,0.575892,0.002656,0.057037
20.741769,0.575125,0.002624,0.057816
20.997964,0.574250,0.002462,0.057270
21.257220,0.574350,0.002583,0.054925
21.519817,0.572071,0.002576,0.055695
21.785414,0.571650,0.002528,0.055309
22.054378,0.569858,0.002639,0.055795
22.326745,0.568354,0.002585,0.054606
22.602376,0.566929,0.002707,0.054767
22.881624,0.566783,0.002486,0.054650
23.164160,0.568092,0.002665,0.054648
23.450164,0.567821,0.002612,0.053310
23.739929,0.568025,0.002684,0.054097
24.032708,0.566275,0.002673,0.054332
24.329676,0.564725,0.002638,0.054399
24.630180,0.563667,0.002583,0.053797
24.934395,0.560783,0.002657,0.054682
25.242193,0.559554,0.002721,0.054825
25.554314,0.558492,0.002680,0.055352
25.869523,0.557775,0.002706,0.055994
26.189069,0.556200,0.002669,0.057087
26.512449,0.556442,0.002503,0.057000
26.839783,0.554721,0.002652,0.055472
27.171531,0.555379,0.002797,0.058197
27.506889,0.553475,0.002765,0.058987
27.846371,0.551625,0.002680,0.056990
28.190254,0.552996,0.002609,0.057465
28.538427,0.551821,0.002614,0.057638
28.890928,0.552892,0.002619,0.056952
29.247700,0.553267,0.002705,0.055594
29.608864,0.550779,0.002788,0.057550
29.974696,0.548913,0.002690,0.058975
30.344457,0.548158,0.002763,0.059021
30.719499,0.547933,0.002763,0.056875
31.098836,0.545642,0.002714,0.056338
31.482805,0.544675,0.002732,0.058030
31.871588,0.543958,0.002803,0.058352
32.265129,0.542600,0.002780,0.058409
32.663764,0.542775,0.002743,0.058988
33.067039,0.541446,0.002818,0.058768
33.475633,0.540996,0.002831,0.057995
33.888677,0.540046,0.002697,0.057880
34.307082,0.538321,0.002764,0.057631
34.730926,0.536487,0.002943,0.057281
35.159720,0.537117,0.002694,0.059216
35.593796,0.535837,0.002850,0.057469
36.033721,0.535379,0.002850,0.058565
36.478590,0.536075,0.002821,0.058858
36.929183,0.535588,0.002886,0.059813
37.385042,0.536104,0.002711,0.058640
37.846621,0.535288,0.002902,0.058840
38.314177,0.535171,0.002869,0.060438
38.786977,0.536296,0.002818,0.061724
39.266127,0.537492,0.002804,0.062054
39.750960,0.538467,0.002667,0.062715
40.242008,0.537092,0.002900,0.063474
40.738929,0.535958,0.002835,0.062482
41.242033,0.533687,0.002764,0.061595
41.751539,0.533917,0.002735,0.063033
42.266933,0.534004,0.002909,0.063604
42.789008,0.532600,0.002721,0.065152
43.317410,0.531763,0.002750,0.064722
43.852261,0.531279,0.002819,0.064564
44.394231,0.529083,0.002879,0.063954
44.942210,0.530287,0.002965,0.064146
45.497150,0.528033,0.002822,0.065003
46.059050,0.527183,0.002866,0.065244
46.627965,0.526650,0.002843,0.062699
47.203706,0.528283,0.002848,0.063043
47.786537,0.525379,0.002874,0.062900
48.376875,0.524529,0.002913,0.063944
48.974032,0.522796,0.002911,0.062265
49.579202,0.523075,0.002774,0.062369
50.191377,0.522504,0.002977,0.064496
50.811339,0.522158,0.002985,0.064869
51.438534,0.522808,0.002859,0.061645
52.074132,0.522779,0.002901,0.061506
52.716781,0.522704,0.003008,0.062375
53.367947,0.521117,0.002976,0.062366
54.026824,0.519371,0.002775,0.061888
54.694458,0.518796,0.002857,0.061476
55.369864,0.519829,0.003027,0.061746
56.053519,0.517421,0.002810,0.062308
56.745902,0.515300,0.002965,0.063880
57.446810,0.516771,0.003009,0.062653
58.156037,0.515829,0.002922,0.062424
58.874525,0.515263,0.002878,0.065169
59.601487,0.515425,0.002938,0.065290
60.337535,0.516117,0.002848,0.064190
61.082709,0.516146,0.002966,0.065579
61.836949,0.516267,0.002974,0.064551
62.600626,0.515604,0.002936,0.063412
63.373864,0.513017,0.002996,0.065618
64.156728,0.511412,0.002969,0.067105
64.948882,0.510925,0.003055,0.064424
65.750904,0.511446,0.002924,0.066157
66.562903,0.510087,0.003007,0.066341
67.384875,0.510463,0.003004,0.065332
68.217136,0.511529,0.003016,0.067996
69.059714,0.512754,0.002908,0.066250
69.912397,0.511175,0.002968,0.067741
70.775716,0.508229,0.002944,0.067667
71.650201,0.506679,0.003144,0.067583
72.534853,0.507675,0.003010,0.067289
73.430755,0.505933,0.003031,0.067403
74.337324,0.507996,0.002953,0.066472
75.255310,0.508621,0.002906,0.067239
76.185099,0.506596,0.002954,0.066663
77.125853,0.506271,0.002916,0.067791
78.078243,0.506329,0.003007,0.066467
79.042721,0.504783,0.002914,0.065908
80.018796,0.504208,0.003154,0.065535
81.006933,0.504192,0.002890,0.067966
82.007380,0.503287,0.002965,0.068335
83.020398,0.502238,0.003047,0.065817
84.045768,0.502421,0.003033,0.064913
85.083476,0.503337,0.003007,0.066634
86.134508,0.503462,0.003061,0.066688
87.197867,0.504608,0.002968,0.066754
88.274977,0.504300,0.002954,0.065634
89.365296,0.502979,0.003133,0.067720
90.468922,0.503113,0.003093,0.069861
91.586194,0.502100,0.002994,0.067974
92.717171,0.499942,0.003302,0.067498
93.862339,0.497996,0.003013,0.066921
95.021634,0.496183,0.003234,0.067385
96.195112,0.496575,0.003135,0.069005
97.382968,0.495346,0.003058,0.067657
98.585577,0.494612,0.003082,0.065556
99.802975,0.493367,0.003100,0.067443
101.036294,0.492908,0.002994,0.068750
102.283755,0.492500,0.003167,0.068288
103.547029,0.493683,0.002927,0.070356
104.825765,0.490379,0.003171,0.073013
106.120569,0.487608,0.003124,0.071042
107.430847,0.487208,0.003277,0.071109
108.758003,0.485092,0.003168,0.073379
110.100897,0.486575,0.003222,0.071548
111.460750,0.484642,0.003082,0.069242
112.837437,0.484904,0.003234,0.069625
114.230984,0.484071,0.003160,0.068830
115.641881,0.486133,0.003223,0.066860
117.069503,0.487346,0.003135,0.067147
118.515601,0.486162,0.003186,0.067801
119.978956,0.486329,0.003093,0.067018
121.461193,0.485479,0.003201,0.069994
122.961065,0.486596,0.003256,0.069928
124.479693,0.484054,0.003298,0.068920
126.017317,0.483775,0.003110,0.069469
127.573447,0.485750,0.003141,0.067378
129.148791,0.484238,0.003133,0.065013
130.743956,0.483413,0.003252,0.066108
132.358877,0.480908,0.003089,0.066707
133.993386,0.483408,0.003353,0.066237
135.648344,0.480487,0.003162,0.065830
137.323789,0.479642,0.003291,0.066214
139.019869,0.481729,0.003118,0.069484
140.736605,0.481063,0.003192,0.069022
142.474530,0.481925,0.003253,0.071543
144.234069,0.481283,0.003311,0.073773
146.015540,0.477812,0.003280,0.074853
147.818860,0.474896,0.003376,0.072335
149.644385,0.475254,0.003128,0.072799
151.493049,0.475562,0.003418,0.074361
153.363545,0.474229,0.003264,0.072230
155.257527,0.473554,0.003226,0.074831
157.175540,0.472896,0.003254,0.074736
159.116546,0.474067,0.003222,0.074148
161.081469,0.471992,0.003334,0.075500
163.071199,0.474383,0.003221,0.075295
165.084829,0.471792,0.003367,0.072417
167.123764,0.470867,0.003272,0.073087
169.187684,0.472012,0.003331,0.074679
171.277300,0.472058,0.003182,0.075326
173.392649,0.471833,0.003301,0.075260
175.534213,0.469229,0.003176,0.076244
177.702131,0.471396,0.003222,0.080765
179.897193,0.468271,0.003579,0.077184
182.118635,0.468967,0.003366,0.076132
184.367854,0.472033,0.003300,0.075393
186.644699,0.472500,0.003297,0.074346
188.949569,0.470833,0.003160,0.077613
191.283560,0.473550,0.003325,0.078623
193.646163,0.472771,0.003425,0.079404
196.037430,0.472100,0.003398,0.078162
198.458771,0.469921,0.003645,0.077468
200.909660,0.469717,0.003417,0.077552
203.390950,0.471062,0.003222,0.075289
205.902853,0.473067,0.003295,0.073916
208.445789,0.471558,0.003326,0.076912
211.020374,0.470829,0.003509,0.075722
213.626391,0.471050,0.003343,0.076745
216.264617,0.470192,0.003243,0.076460
218.935533,0.469171,0.003398,0.073659
221.639631,0.470417,0.003336,0.075818
224.376930,0.468596,0.003459,0.075666
227.148217,0.468821,0.003451,0.076096
229.953547,0.470650,0.003416,0.074414
232.793597,0.470175,0.003132,0.076276
235.669108,0.467404,0.003447,0.076995
238.579256,0.471604,0.003200,0.082022
241.525740,0.470838,0.003318,0.077581
244.508781,0.469717,0.003292,0.075906
247.528523,0.467254,0.003358,0.077973
250.585858,0.466175,0.003307,0.073700
253.680850,0.464583,0.003366,0.072041
256.813644,0.462408,0.003430,0.071780
259.985606,0.464458,0.003398,0.075376
263.196453,0.465946,0.003332,0.074972
266.446969,0.465908,0.003335,0.073142
269.737691,0.464858,0.003348,0.075210
273.069241,0.466583,0.003360,0.074127
276.441612,0.465408,0.003440,0.076909
279.855823,0.467567,0.003500,0.077138
283.312343,0.469387,0.003505,0.077853
286.811186,0.469271,0.003384,0.080023
290.353790,0.469458,0.003392,0.078050
293.939661,0.466921,0.003361,0.079755
297.570088,0.464358,0.003551,0.075448
301.244958,0.463971,0.003275,0.079939
304.965572,0.463829,0.003511,0.077403
308.732282,0.463354,0.003577,0.077157
312.545038,0.470254,0.003400,0.082071
316.405165,0.467100,0.003511,0.081184
320.313096,0.467212,0.003469,0.083178
324.268930,0.465250,0.003526,0.081835
328.273558,0.462054,0.003549,0.076837
332.328092,0.463792,0.003461,0.079417
336.432161,0.464521,0.003427,0.078258
340.587822,0.461458,0.003315,0.078936
344.794041,0.459633,0.003430,0.077085
349.052213,0.466458,0.003469,0.078870
353.363265,0.464537,0.003175,0.080516
357.727642,0.461542,0.003408,0.079463
362.145725,0.463192,0.003332,0.078610
366.618374,0.464679,0.003427,0.079936
371.146624,0.459029,0.003619,0.082021
375.730256,0.457317,0.003654,0.082875
380.370736,0.457429,0.003545,0.079729
385.068822,0.454525,0.003673,0.079917
389.824509,0.460050,0.003588,0.079239
394.638885,0.458808,0.003414,0.079097
399.512783,0.459579,0.003373,0.077756
404.446865,0.458150,0.003383,0.078812
409.442225,0.458550,0.003457,0.078588
414.498988,0.459733,0.003525,0.077912
419.618505,0.458746,0.003575,0.080305
424.800754,0.463246,0.003405,0.084459
430.047276,0.462229,0.003422,0.082986
435.358481,0.460933,0.003689,0.080932
440.735528,0.462842,0.003462,0.079890
446.178760,0.462163,0.003574,0.078139
451.689557,0.462517,0.003482,0.077585
457.268126,0.463450,0.003477,0.078609
462.915733,0.463054,0.003319,0.077636
468.632640,0.463046,0.003566,0.077909
474.421066,0.461483,0.003374,0.074680
480.280046,0.460612,0.003432,0.076003
486.211878,0.463808,0.003537,0.078137
492.216811,0.463779,0.003579,0.080483
498.296165,0.462337,0.003566,0.079589
504.450405,0.462138,0.003466,0.078982
510.680634,0.462717,0.003499,0.080350
516.987635,0.464988,0.003665,0.079881
523.372859,0.463483,0.003583,0.080481
529.837013,0.463421,0.003899,0.084304
536.380564,0.461129,0.003701,0.084237
543.005490,0.461567,0.003557,0.083657
549.711782,0.463713,0.003451,0.081137
556.500941,0.463583,0.003572,0.080566
563.373974,0.463621,0.003528,0.077778
570.332142,0.465788,0.003422,0.080227
577.375909,0.465262,0.003484,0.078420
584.506898,0.463242,0.003468,0.079306
591.725926,0.462750,0.003573,0.080565
599.034011,0.463183,0.003487,0.082001
606.432531,0.460150,0.003500,0.080242
613.922605,0.458500,0.003444,0.079652
621.504904,0.462287,0.003308,0.077283
629.180500,0.465258,0.003395,0.079766
636.951291,0.461758,0.003437,0.077918
644.818103,0.462029,0.003504,0.074606
652.782017,0.458637,0.003506,0.075791
660.844320,0.459813,0.003469,0.077647
669.006184,0.461300,0.003500,0.074899
677.268831,0.465829,0.003641,0.075356
685.633577,0.467712,0.003409,0.076929
694.101167,0.467850,0.003405,0.078751
702.674274,0.461208,0.003626,0.082285
711.352139,0.463533,0.003428,0.082950
720.138007,0.466979,0.003401,0.079599
729.031861,0.469963,0.003429,0.079019
738.035778,0.466342,0.003387,0.082590
747.151288,0.466504,0.003449,0.082339
756.378965,0.467296,0.003240,0.082764
765.720760,0.468229,0.003443,0.080414
775.178027,0.463333,0.003583,0.078490
784.751911,0.466246,0.003457,0.081408
794.443993,0.462692,0.003345,0.079704
804.256166,0.462129,0.003508,0.081775
814.189164,0.457771,0.003599,0.077998
824.245004,0.460262,0.003522,0.080823
834.424626,0.461442,0.003427,0.082225
844.730426,0.461308,0.003366,0.080742
855.163604,0.461629,0.003615,0.080685
865.725252,0.459892,0.003433,0.081092
876.417579,0.462633,0.003536,0.081992
887.241965,0.461917,0.003500,0.081021
898.199727,0.465688,0.003401,0.078600
909.293317,0.467533,0.003490,0.077695
920.523403,0.466546,0.003314,0.078222
931.892413,0.464704,0.003312,0.078811
943.401797,0.468808,0.003304,0.078119
955.053411,0.464567,0.003447,0.079410
966.849096,0.468046,0.003474,0.080132
978.789929,0.465608,0.003447,0.081108
990.879159,0.466517,0.003567,0.082479
1003.116759,0.465413,0.003284,0.078844
1015.506138,0.469108,0.003194,0.078935
1028.048303,0.472533,0.003379,0.077506
1040.745324,0.474812,0.003331,0.078346
1053.599128,0.465937,0.003455,0.080009
1066.611682,0.467054,0.003467,0.080330
1079.784977,0.468950,0.003383,0.075353
1093.121303,0.465721,0.003367,0.078648
1106.621995,0.466933,0.003464,0.083027
1120.289503,0.464896,0.003513,0.079287
1134.126063,0.461292,0.003654,0.081130
1148.133062,0.461142,0.003361,0.077429
1162.313485,0.460954,0.003598,0.077070
1176.668809,0.455692,0.003529,0.077412
1191.201339,0.458979,0.003544,0.081293
1205.913727,0.456246,0.003629,0.077202
1220.807519,0.460088,0.003525,0.078292
1235.884978,0.461196,0.003517,0.077725
1251.148781,0.461196,0.003393,0.081580
1266.601423,0.460050,0.003454,0.081127
1282.244901,0.460825,0.003539,0.084214
1298.081297,0.465429,0.003553,0.081828
1314.113648,0.464287,0.003696,0.082349
1330.343540,0.462325,0.003388,0.083429
1346.774158,0.465008,0.003297,0.080929
1363.408102,0.465571,0.003629,0.077192
1380.246674,0.464296,0.003377,0.079574
1397.293630,0.466208,0.003504,0.078927
1414.551033,0.467783,0.003342,0.080952
1432.021707,0.462500,0.003553,0.081355
1449.708384,0.466596,0.003502,0.081273
1467.613529,0.462817,0.003559,0.076329
1485.739324,0.466842,0.003468,0.077728
1504.089019,0.459542,0.003516,0.079899
1522.665847,0.461671,0.003393,0.078917
1541.471636,0.461488,0.003429,0.076051
1560.509783,0.459325,0.003693,0.076419
1579.782901,0.461350,0.003509,0.077875
1599.294536,0.462600,0.003293,0.079120
1619.046763,0.463117,0.003460,0.077491
1639.043139,0.462479,0.003501,0.077311
1659.286491,0.462667,0.003448,0.081319
1679.779794,0.458304,0.003399,0.075924
1700.525773,0.461238,0.003296,0.082037
1721.529325,0.463613,0.003404,0.082671
1742.790915,0.455700,0.003645,0.081859
1764.315840,0.459537,0.003613,0.076791
1786.106093,0.461454,0.003735,0.079902
1808.165447,0.460513,0.003576,0.082447
1830.497790,0.460892,0.003839,0.083967
1853.105902,0.460642,0.003717,0.087514
1875.992802,0.460600,0.003676,0.081956
1899.162442,0.465954,0.003382,0.084012
1922.618180,0.462825,0.003443,0.080188
1946.364305,0.460550,0.003540,0.080909
1970.403010,0.457533,0.003588,0.076824
1994.739063,0.462950,0.003225,0.084482
2019.374927,0.464317,0.003583,0.080000
2044.315855,0.457446,0.003612,0.082329
2069.564498,0.464171,0.003382,0.079384
2095.125011,0.464354,0.003437,0.078219
2121.001297,0.461375,0.003527,0.079069
2147.196814,0.458979,0.003532,0.083171
2173.716406,0.459113,0.003505,0.080771
2200.563795,0.452804,0.003793,0.080233
2227.742199,0.450933,0.003684,0.084071
2255.255821,0.451500,0.003774,0.083512
2283.109985,0.454596,0.003768,0.077788
2311.308104,0.454317,0.003603,0.077414
2339.854161,0.460517,0.003549,0.084567
2368.753144,0.454712,0.003767,0.081171
2398.008192,0.457004,0.003593,0.079923
-nan,0.455000,-nan,0.082232
2457.608694,0.449575,0.003506,0.082749
2487.961798,0.454129,0.003842,0.085255
2518.689562,0.457404,0.003751,0.084895
2549.797178,0.458650,0.003614,0.082053
-nan,0.457954,-nan,0.083995
2613.169473,0.458833,0.003826,0.081275
2645.444279,0.458367,0.003679,0.083898
2678.117211,0.459825,0.004175,0.084152
2711.193537,0.456488,0.003437,0.080802
2744.678820,0.461217,0.003540,0.086227
2778.577290,0.469392,0.003359,0.085072
2812.894573,0.460792,0.003744,0.082508
2847.635839,0.464392,0.003366,0.082530
2882.805971,0.461146,0.003634,0.085754
2918.410679,0.456867,0.003439,0.083250
2954.455149,0.457092,0.003652,0.082908
2990.944769,0.455358,0.003691,0.085196
3027.885024,0.458313,0.004171,0.084081
3065.281375,0.462100,0.003354,0.079292
3103.139948,0.454517,0.003744,0.078472
3141.465971,0.460367,0.003547,0.089873
3180.264897,0.461946,0.003580,0.079523
3219.543409,0.460021,0.004009,0.084015
3259.307413,0.458396,0.003911,0.081328
3299.562140,0.455471,0.003552,0.082630
3340.313519,0.454679,0.003474,0.085108
3381.568786,0.452617,0.003904,0.083502
3423.333550,0.458746,0.003646,0.081566
3465.614051,0.462571,0.003447,0.079233
3508.416682,0.466463,0.003499,0.080315
3551.748238,0.463579,0.003811,0.081901
3595.614989,0.461058,0.003275,0.080609
3640.022908,0.465125,0.003531,0.083243
3684.979997,0.461929,0.003501,0.082445
3730.492082,0.457225,0.003547,0.080752
3776.565915,0.460517,0.003541,0.086038
3823.209497,0.461771,0.003531,0.079828
3870.428634,0.460617,0.003399,0.078254
3918.231320,0.465258,0.003700,0.083612
3966.624188,0.467417,0.003333,0.083309
4015.614793,0.464492,0.003363,0.081553
4065.210351,0.463875,0.003376,0.083482
4115.418286,0.457638,0.003546,0.078494
4166.246381,0.462450,0.003302,0.076864
4217.702715,0.461858,0.003454,0.074178
4269.793703,0.461196,0.003366,0.078983
4322.529462,0.457412,0.003631,0.079366
4375.915530,0.462017,0.003605,0.080271
4429.960662,0.463412,0.003632,0.077380
4484.674098,0.460508,0.003241,0.078702
4540.063048,0.463975,0.003439,0.079552
4596.135778,0.461462,0.003472,0.078776
4652.901386,0.465687,0.003517,0.080466
4710.368038,0.461804,0.003388,0.084006
4768.544559,0.454087,0.003635,0.087557
4827.439892,0.452858,0.003848,0.089004
4887.061994,0.458246,0.003609,0.088789
4947.420315,0.456571,0.004069,0.086568
5008.524616,0.456829,0.003933,0.089643
5070.382885,0.456354,0.003328,0.080716
5133.005866,0.448596,0.003785,0.085198
5196.401975,0.454025,0.003488,0.085365
5260.581137,0.459238,0.003448,0.080449
5325.553347,0.456750,0.003613,0.085442
5391.327347,0.459679,0.003629,0.082292
5457.914227,0.462846,0.003547,0.082742
5525.323298,0.460446,0.003533,0.086518
5593.564900,0.460829,0.003536,0.084487
5662.648872,0.466833,0.003599,0.081449
5732.587157,0.464325,0.003784,0.086014
5803.388628,0.459600,0.004007,0.084038
5875.064438,0.454683,0.003910,0.085124
5947.625810,0.457479,0.003788,0.084566
6021.083195,0.448779,0.003735,0.085203
6095.447478,0.459896,0.004302,0.086763
6170.730936,0.454854,0.003701,0.086144
6246.943733,0.455771,0.003851,0.090864
6324.097658,0.460617,0.005255,0.089491
6402.204494,0.459067,0.003472,0.084255
6481.276415,0.455733,0.003906,0.080257
6561.324617,0.464225,0.003552,0.082454
6642.361658,0.461062,0.003595,0.079124
6724.399227,0.455262,0.003820,0.083014
6807.450419,0.457858,0.003560,0.088785
6891.527340,0.454929,0.003353,0.083423
6976.642504,0.460925,0.003499,0.085130
7062.808920,0.454808,0.003826,0.087149
7150.039445,0.457238,0.003551,0.084089
7238.347563,0.451717,0.003902,0.086241
7327.746216,0.452329,0.003780,0.089254
7418.249480,0.444100,0.003832,0.082789
7509.869506,0.452612,0.003372,0.081800
7602.621597,0.457596,0.003551,0.079136
7696.519537,0.461246,0.003351,0.081641
7791.577178,0.453196,0.003639,0.083926
7887.808669,0.452621,0.003598,0.081328
7985.228265,0.468888,0.003569,0.081976
8083.851758,0.462883,0.003454,0.082006
8183.692951,0.464700,0.003818,0.081808
8284.767379,0.459546,0.003611,0.080435
8387.090140,0.461625,0.003778,0.085226
8490.676972,0.451817,0.003496,0.084458
8595.542345,0.453154,0.003563,0.084708
8701.703192,0.453796,0.003567,0.081251
8809.175706,0.457742,0.003843,0.085129
8917.975148,0.457258,0.003634,0.084200
9028.118418,0.459383,0.003466,0.083904
9139.621879,0.457346,0.003609,0.080638
9252.502684,0.459192,0.003498,0.085239
9366.777708,0.459362,0.003376,0.080689
9482.464047,0.464442,0.003440,0.083609
9599.579130,0.460317,0.003576,0.081222
9718.140738,0.458762,0.003790,0.082371
9838.166928,0.456162,0.003521,0.083195
9959.674462,0.462383,0.003363,0.077732
10082.683847,0.459033,0.003273,0.079849
10207.212015,0.459046,0.003697,0.081393
10333.278670,0.460408,0.003571,0.081807
10460.901867,0.457375,0.003551,0.085400
10590.101348,0.457808,0.003588,0.081926
10720.896694,0.463533,0.003747,0.086047
10853.306846,0.462717,0.003309,0.078035
10987.352930,0.460838,0.003605,0.081089
11123.054618,0.459188,0.003425,0.078125
11260.432297,0.459983,0.003684,0.084445
11399.506837,0.463300,0.003527,0.082230
11540.298449,0.463467,0.003478,0.085122
11682.829621,0.459954,0.003330,0.081091
11827.120644,0.461071,0.003383,0.076792
11973.194072,0.457737,0.003517,0.076168
12121.071341,0.463275,0.003347,0.076851
12270.774839,0.463917,0.003457,0.080169
12422.328097,0.456200,0.003496,0.079292
12575.752259,0.462833,0.003431,0.085838
12731.071983,0.456271,0.003478,0.082983
12888.309611,0.464929,0.003330,0.077487
13047.489826,0.456954,0.004049,0.086396
13208.634985,0.462442,0.003596,0.083889
13371.771270,0.458458,0.003500,0.076190
13536.921793,0.461546,0.003325,0.075748
13704.112779,0.461050,0.003418,0.077874
13873.368183,0.462829,0.003466,0.078279
14044.713879,0.461883,0.003343,0.080791
14218.176255,0.458617,0.003435,0.076018
14393.780988,0.459204,0.003845,0.084448
14571.554087,0.461033,0.003634,0.084004
14751.523056,0.456288,0.003405,0.077646
14933.714954,0.457221,0.003658,0.082522
15118.156806,0.459946,0.003584,0.077718
15304.876785,0.455142,0.003617,0.081260
15493.902874,0.461146,0.003525,0.083528
15685.263741,0.458908,0.003405,0.081455
15878.987951,0.453908,0.003739,0.083954
16075.104484,0.463079,0.003513,0.081404
16273.642857,0.460496,0.003266,0.078185
16474.634768,0.457146,0.004129,0.082418
16678.107722,0.455812,0.003312,0.083995
16884.093954,0.456563,0.003546,0.082409
17092.624936,0.457983,0.003356,0.083801
17303.731062,0.457750,0.003580,0.081037
17517.444310,0.460425,0.003146,0.080517
17733.797118,0.465650,0.003513,0.079250
17952.822036,0.465200,0.003621,0.082796
18174.552077,0.464704,0.003400,0.080296
18399.020457,0.457917,0.003719,0.083933
18626.261573,0.463871,0.003230,0.085450
18856.309240,0.463525,0.003588,0.078284
19089.197944,0.457988,0.003496,0.076580
19324.963181,0.454067,0.003860,0.083688
19563.640077,0.465658,0.003347,0.082765
19805.265128,0.459154,0.004709,0.085211
20049.874058,0.461517,0.003453,0.082961
20297.504339,0.464104,0.003347,0.080376
20548.193098,0.458558,0.003629,0.079659
20801.977647,0.459008,0.003496,0.079372
21058.896911,0.457096,0.003727,0.082465
21318.989261,0.461825,0.003751,0.080681
21582.293790,0.466604,0.003678,0.080240
21848.850505,0.459883,0.003339,0.081433
22118.699210,0.463033,0.003546,0.078696
22391.880828,0.456542,0.003248,0.073605
22668.436364,0.462987,0.003605,0.083466
22948.407611,0.458454,0.003751,0.081892
23231.836784,0.457925,0.003860,0.082925
23518.766648,0.457983,0.003330,0.080744
23809.240131,0.454517,0.003814,0.083686
24103.301454,0.458929,0.003937,0.081244
24400.993988,0.466258,0.003555,0.081011
24702.363677,0.455383,0.003220,0.081769
25007.455654,0.461667,0.003654,0.081230
25316.315050,0.463450,0.003257,0.082527
25628.989624,0.461258,0.003782,0.082125
25945.525941,0.461254,0.003654,0.083282
26265.971580,0.462354,0.002990,0.079593
26590.375298,0.460433,0.003275,0.083556
26918.785445,0.459079,0.003719,0.088034
27251.251011,0.454171,0.003921,0.086561
27587.823720,0.459458,0.002847,0.085132
27928.552610,0.466975,0.003751,0.078953
28273.490122,0.458729,0.003751,0.079021
28622.687979,0.462933,0.003239,0.083804
28976.198350,0.457933,0.003383,0.078332
29334.074940,0.466437,0.002740,0.078885
29696.371943,0.465850,0.004026,0.078882
30063.143361,0.460921,0.003751,0.081232
30434.444245,0.459892,0.004012,0.083164
30810.331302,0.460579,0.003997,0.084982
31190.860881,0.459771,0.003766,0.079842
31576.090224,0.458104,0.003782,0.081599
31966.077488,0.450058,0.004186,0.087578
32360.881323,0.457471,0.003538,0.084130
32760.561206,0.464538,0.003967,0.078975
33165.177425,0.452821,0.003588,0.079568
33574.791021,0.455662,0.002970,0.078207
33989.463452,0.457075,0.003347,0.084308
34409.257929,0.447967,0.003814,0.082151
34834.236132,0.457917,0.003555,0.082445
35264.463883,0.454517,0.003906,0.077775
35699.635238,0.465696,9.047986,0.088335
36140.925469,0.460000,-nan,0.084765
36587.291487,0.455875,-nan,0.081964
37039.170663,0.460679,-nan,0.081030
37496.631147,0.461804,-nan,0.084430
37959.740706,0.461325,-nan,0.082914
38428.570698,0.453754,-nan,0.080217
38903.191154,0.451583,-nan,0.085370
39383.673077,0.459437,-nan,0.085522
39870.089455,0.462400,-nan,0.085135
40362.513127,0.458233,-nan,0.084290
40861.019260,0.456896,-nan,0.085847
41365.682078,0.459854,-nan,0.082250
41876.577324,0.457433,-nan,0.083180
42393.782738,0.465233,-nan,0.082525
42917.376500,0.462221,-nan,0.078820
43447.436537,0.456742,-nan,0.080822
43984.043241,0.453842,-nan,0.082495
44527.277569,0.446025,-nan,0.087424
45077.220706,0.461025,-nan,0.084245
45633.956867,0.459687,-nan,0.082050
46197.568688,0.460258,-nan,0.081732
46768.141652,0.453188,-nan,0.089692
47345.761316,0.453921,-nan,0.085909
47930.515293,0.458900,-nan,0.084074
48522.491028,0.464842,-nan,0.085542
49121.778551,0.456946,-nan,0.088557
49728.467397,0.464696,-nan,0.077759
50342.649600,0.461708,-nan,0.085380
50964.416876,0.457304,-nan,0.082464
51593.863547,0.456787,-nan,0.082699
52231.084817,0.459471,-nan,0.077868
52876.175892,0.457096,-nan,0.084537
53529.234164,0.465063,-nan,0.081741
54190.358335,0.462892,-nan,0.082459
54859.647473,0.464446,-nan,0.085506
55537.203466,0.465208,-nan,0.082625
56223.127560,0.461471,-nan,0.081288
56917.523292,0.461129,-nan,0.078358
57620.495151,0.466071,-nan,0.079673
58332.149624,0.455504,-nan,0.086113
59052.593119,0.459542,-nan,0.083350
59781.934204,0.458971,-nan,0.080778
60520.284552,0.447317,-nan,0.089855
61267.752942,0.460537,-nan,0.087447
62024.453145,0.457975,-nan,0.083830
62790.499611,0.457846,-nan,0.088385
63566.006632,0.464742,-nan,0.083352
64351.091820,0.459004,-nan,0.081593
65145.873991,0.461933,-nan,0.083260
65950.471784,0.455875,-nan,0.085353
66765.007124,0.456071,-nan,0.083842
67589.602513,0.452592,-nan,0.087529
68424.382446,0.461800,-nan,0.083730
69269.472021,0.459929,-nan,0.080749
70124.999512,0.463892,-nan,0.087526
70991.093122,0.458950,-nan,0.081768
71867.883984,0.455867,-nan,0.085919
72755.503333,0.456863,-nan,0.081718
73654.085647,0.463225,-nan,0.081841
74563.766113,0.456213,-nan,0.082435
75484.681859,0.455117,-nan,0.088815
76416.971275,0.461054,-nan,0.086666
77360.775630,0.451979,-nan,0.081936
78316.235787,0.459467,-nan,0.082166
79283.497083,0.463337,-nan,0.084700
80262.705144,0.455125,-nan,0.080411
81254.006519,0.453646,-nan,0.083318
82257.551883,0.458192,-nan,0.084718
83273.491235,0.451538,-nan,0.083775
84301.977974,0.464471,-nan,0.081993
85343.167252,0.455613,-nan,0.087238
86397.216044,0.469858,-nan,0.083118
87464.283437,0.453192,-nan,0.085091
88544.529707,0.461704,-nan,0.080438
89638.117500,0.462517,-nan,0.077401
90745.212223,0.458754,-nan,0.081763
91865.980112,0.459533,-nan,0.082238
93000.590632,0.453908,-nan,0.079475
94149.214157,0.453308,-nan,0.079442
95312.023856,0.461979,-nan,0.085775
96489.195718,0.454883,-nan,0.083021
97680.906153,0.454137,-nan,0.088728
98887.334461,0.451746,-nan,0.087075
100108.663614,0.459187,-nan,0.081447
101345.077163,0.458396,-nan,0.081697
102596.760928,0.457858,-nan,0.082242
103863.904112,0.460546,-nan,0.084387
105146.696905,0.457296,-nan,0.082541
106445.334028,0.460700,-nan,0.078436
107760.009897,0.463667,-nan,0.081599
109090.922489,0.462775,-nan,0.084992
110438.273323,0.458417,-nan,0.086707
111802.264412,0.456513,-nan,0.085236
113183.102141,0.461904,-nan,0.087424
114580.994170,0.454304,-nan,0.082943
115996.151124,0.457404,-nan,0.084514
117428.786153,0.451813,-nan,0.085782
118879.115378,0.457758,-nan,0.085148
120347.357300,0.455646,-nan,0.083711
121833.732663,0.464154,-nan,0.081064
123338.466205,0.454708,-nan,0.091114
124861.784369,0.456158,-nan,0.087127
126403.916363,0.464096,-nan,0.084046
127965.095101,0.462271,-nan,0.084433
129545.554771,0.459046,-nan,0.084315
131145.534909,0.454033,-nan,0.081664
132765.276056,0.463917,-nan,0.079263
134405.021368,0.461925,-nan,0.085569
136065.019292,0.453871,-nan,0.086766
137745.519037,0.462208,-nan,0.085508
139446.774555,0.458667,-nan,0.088004
141169.041966,0.459667,-nan,0.080292
142912.579911,0.464121,-nan,0.083359
144677.652150,0.455521,-nan,0.085168
146464.524218,0.454612,-nan,0.086886
148273.465761,0.456521,-nan,0.081620
150104.748840,0.457687,-nan,0.083555
151958.649445,0.463904,-nan,0.078995
153835.447182,0.457871,-nan,0.081565
155735.424697,0.458546,-nan,0.081250
157658.867988,0.457729,-nan,0.084663
159606.067191,0.460450,-nan,0.077822
161577.316063,0.462679,-nan,0.081610
163572.911148,0.457296,-nan,0.087201
165593.153233,0.463321,-nan,0.085330
167638.346668,0.452704,-nan,0.081817
169708.799854,0.461325,-nan,0.085871
171804.824253,0.457333,-nan,0.084802
173926.736721,0.460371,-nan,0.083028
176074.855756,0.458562,-nan,0.079985
178249.505629,0.463733,-nan,0.083670
180451.014315,0.457071,-nan,0.081570
182679.713386,0.449675,-nan,0.087788
184935.937680,0.463554,-nan,0.081794
187220.028410,0.452438,-nan,0.084162
189532.329170,0.455321,-nan,0.081271
191873.190422,0.459000,-nan,0.088321
194242.959401,0.456633,-nan,0.085767
196641.998580,0.455817,-nan,0.085330
199070.666969,0.457692,-nan,0.083131
201529.331431,0.460321,-nan,0.078429
204018.362839,0.460867,-nan,0.080614
206538.135116,0.459746,-nan,0.085325
209089.028371,0.455900,-nan,0.081576
