0.000000,0.995000,0.000000,-nan
1.002945,0.835940,0.001788,0.027098
1.014207,0.834890,0.001798,0.027213
1.025451,0.833730,0.001787,0.027478
1.036983,0.832815,0.001792,0.027059
1.048653,0.831435,0.001832,0.027186
1.060405,0.830140,0.001857,0.027182
1.072201,0.828860,0.001858,0.027209
1.084214,0.827585,0.001833,0.027367
1.096455,0.826405,0.001807,0.027562
1.108859,0.825350,0.001771,0.027972
1.121351,0.824105,0.001713,0.028215
1.133827,0.822895,0.001703,0.028299
1.146500,0.821615,0.001763,0.028369
1.159396,0.820625,0.001865,0.028706
1.172476,0.819115,0.001891,0.028889
1.185883,0.818160,0.001772,0.029565
1.199081,0.816550,0.001711,0.029769
1.212305,0.815815,0.001719,0.029546
1.225796,0.814870,0.001780,0.029699
1.239750,0.813510,0.001773,0.029800
1.253465,0.812395,0.001740,0.029946
1.267555,0.811130,0.001806,0.030133
1.281776,0.809775,0.001797,0.030442
1.296246,0.809095,0.001808,0.030512
1.310603,0.807965,0.001785,0.030436
1.325532,0.806610,0.001828,0.030548
1.340307,0.805855,0.001764,0.030336
1.355459,0.804680,0.001812,0.030535
1.370516,0.803460,0.001824,0.030546
1.385913,0.802450,0.001724,0.030886
1.401481,0.801220,0.001850,0.030515
1.417266,0.799980,0.001787,0.030223
1.433190,0.799180,0.001854,0.030334
1.449070,0.797460,0.001748,0.030555
1.465536,0.795970,0.001826,0.030390
1.481822,0.795075,0.001870,0.030217
1.498429,0.793730,0.001783,0.030829
1.515411,0.792450,0.001805,0.030855
1.532216,0.791140,0.001907,0.031031
1.549324,0.790105,0.001798,0.030485
1.566916,0.788405,0.001814,0.030841
1.584460,0.787280,0.001787,0.030448
1.602378,0.785835,0.001822,0.030654
1.620314,0.784765,0.001831,0.030920
1.638392,0.783165,0.001831,0.031343
1.656873,0.781905,0.001827,0.031388
1.675393,0.780650,0.001848,0.031296
1.694268,0.778960,0.001909,0.031530
1.713190,0.778330,0.001925,0.031606
1.732282,0.777395,0.001870,0.032306
1.751682,0.775510,0.001855,0.032535
1.771298,0.774015,0.001808,0.032345
1.791223,0.772445,0.001809,0.032128
1.811318,0.770915,0.001839,0.032040
1.831783,0.769425,0.001860,0.032110
1.852346,0.768020,0.001988,0.032784
1.873315,0.766785,0.001952,0.032720
1.894337,0.765500,0.001767,0.033287
1.915429,0.764560,0.001850,0.033381
1.936916,0.762675,0.001868,0.033366
1.958644,0.761175,0.001861,0.033077
1.980550,0.759565,0.001923,0.033914
2.002980,0.758175,0.001998,0.033972
2.025601,0.756995,0.001978,0.033983
2.048028,0.755480,0.001877,0.033804
2.071210,0.754100,0.001923,0.033435
2.094288,0.752745,0.001971,0.033319
2.117936,0.751070,0.001915,0.033998
2.141762,0.749485,0.001905,0.033867
2.165748,0.748215,0.001973,0.033791
2.189843,0.747240,0.002017,0.034325
2.214456,0.746225,0.001991,0.034802
2.239321,0.744990,0.001853,0.034712
2.264516,0.743625,0.001933,0.034399
2.289955,0.741960,0.001918,0.034615
2.315627,0.741185,0.001930,0.034249
2.341675,0.740250,0.001953,0.034396
2.367945,0.738535,0.001863,0.034702
2.394515,0.737035,0.001914,0.034926
2.421417,0.735790,0.001928,0.034461
2.448457,0.734730,0.002030,0.034415
2.475923,0.733770,0.002010,0.034953
2.503812,0.732355,0.002018,0.034470
2.531654,0.730735,0.001993,0.034737
2.560561,0.728580,0.001999,0.035258
2.589197,0.727015,0.002009,0.035624
2.618323,0.725015,0.001957,0.035807
2.647586,0.724725,0.002064,0.036453
2.677410,0.723665,0.001954,0.036448
2.707483,0.722845,0.002051,0.036954
2.738005,0.721955,0.002013,0.036675
2.768551,0.720960,0.001998,0.036870
2.799386,0.719725,0.002025,0.037437
2.831006,0.718465,0.002016,0.037773
2.862743,0.717000,0.002115,0.037695
2.894888,0.715495,0.001976,0.037583
2.927641,0.713610,0.002022,0.037674
2.960280,0.713065,0.002150,0.037667
2.993644,0.711770,0.002049,0.037877
3.027138,0.710515,0.002010,0.037617
3.061188,0.709365,0.001905,0.037567
3.095714,0.708105,0.002067,0.037223
3.130283,0.706985,0.002031,0.036929
3.165566,0.705740,0.002071,0.036978
3.200926,0.704655,0.002114,0.037088
3.236947,0.703455,0.002071,0.036897
3.273300,0.701795,0.002088,0.037222
3.310023,0.699900,0.002075,0.037183
3.347272,0.698670,0.002066,0.037060
3.384974,0.697180,0.002160,0.036922
3.422618,0.695280,0.002022,0.037692
3.461211,0.693980,0.002113,0.037467
3.500330,0.693210,0.002130,0.037265
3.539328,0.692150,0.002122,0.037938
3.579248,0.690585,0.002087,0.037772
3.619333,0.689345,0.002099,0.037521
3.660088,0.688750,0.002046,0.037410
3.701141,0.686685,0.002134,0.037480
3.742585,0.685755,0.002106,0.037469
3.784774,0.684390,0.002187,0.037585
3.827265,0.683070,0.002092,0.037988
3.870177,0.681260,0.002141,0.037668
3.913778,0.679925,0.002082,0.037403
3.957799,0.678660,0.002135,0.037992
4.001925,0.676945,0.002113,0.038139
4.047209,0.676045,0.002197,0.038579
4.092686,0.674435,0.002124,0.039049
4.138461,0.673515,0.002110,0.040044
4.184681,0.672370,0.002153,0.040057
4.231830,0.671490,0.002135,0.040844
4.279333,0.669370,0.002155,0.041130
4.327584,0.668735,0.002215,0.041527
4.375762,0.667730,0.002209,0.041285
4.425364,0.666270,0.002142,0.041350
4.475020,0.665110,0.002276,0.042055
4.525149,0.663890,0.002137,0.042679
4.576115,0.662605,0.002241,0.042584
4.627663,0.661440,0.002199,0.042497
4.679450,0.660255,0.002245,0.042969
4.731851,0.658935,0.002258,0.042859
4.785150,0.657235,0.002226,0.042311
4.838838,0.655310,0.002241,0.042787
4.893153,0.652215,0.002272,0.042980
4.948340,0.651150,0.002203,0.043099
5.003837,0.649595,0.002236,0.043189
5.059877,0.647985,0.002170,0.042878
5.116814,0.647520,0.002187,0.042656
5.174346,0.646220,0.002209,0.042142
5.232372,0.645415,0.002191,0.042258
5.291174,0.644630,0.002234,0.041906
5.350512,0.644105,0.002158,0.041504
5.410686,0.642035,0.002251,0.041641
5.471296,0.641270,0.002319,0.041165
5.532853,0.639725,0.002317,0.041351
5.595054,0.638815,0.002370,0.040396
5.657832,0.637865,0.002280,0.040137
5.721627,0.636710,0.002256,0.040813
5.785664,0.635585,0.002195,0.041167
5.850631,0.633715,0.002306,0.040950
5.916281,0.632625,0.002189,0.040968
5.982652,0.631070,0.002292,0.041145
6.050026,0.630205,0.002347,0.042109
6.118088,0.629060,0.002271,0.042420
6.186615,0.627255,0.002312,0.043041
6.256193,0.625820,0.002305,0.042957
6.326630,0.624275,0.002361,0.043403
6.397576,0.623080,0.002321,0.043172
6.469454,0.622295,0.002234,0.043497
6.542346,0.621085,0.002288,0.043925
6.615662,0.618305,0.002341,0.044593
6.690004,0.616710,0.002349,0.044952
6.765066,0.615150,0.002354,0.044001
6.841301,0.614460,0.002383,0.043142
6.917826,0.614145,0.002414,0.043628
6.995551,0.613260,0.002267,0.043700
7.074290,0.611995,0.002432,0.044144
7.153800,0.611185,0.002424,0.044803
7.234065,0.609655,0.002352,0.044116
7.315374,0.608925,0.002416,0.044012
7.397526,0.606965,0.002342,0.044487
7.480331,0.605250,0.002428,0.044638
7.564618,0.603895,0.002460,0.043319
7.649779,0.603345,0.002423,0.043729
7.735494,0.602545,0.002404,0.043636
7.822573,0.600555,0.002430,0.043493
7.910244,0.600435,0.002290,0.043701
7.999276,0.599380,0.002419,0.044005
8.089205,0.598265,0.002391,0.044410
8.179864,0.595710,0.002430,0.044512
8.271837,0.594030,0.002539,0.044599
8.364664,0.592940,0.002441,0.045145
8.458749,0.591230,0.002420,0.045510
8.554077,0.591110,0.002447,0.045558
8.649933,0.591210,0.002479,0.045551
8.747248,0.589695,0.002552,0.046224
8.845413,0.589835,0.002573,0.046293
8.945012,0.589200,0.002494,0.045611
9.045139,0.588495,0.002348,0.045201
9.146734,0.586860,0.002396,0.044491
9.249603,0.585335,0.002577,0.044839
9.353243,0.583535,0.002562,0.045091
9.458541,0.582285,0.002644,0.046042
9.564642,0.582050,0.002535,0.046140
9.672518,0.579550,0.002482,0.046197
9.780956,0.577880,0.002462,0.046296
9.890758,0.576685,0.002548,0.046112
10.001850,0.574805,0.002435,0.048072
10.114416,0.573405,0.002507,0.048070
10.227962,0.572430,0.002601,0.048027
10.342833,0.569800,0.002574,0.048039
10.459354,0.569805,0.002617,0.049051
10.576724,0.569715,0.002615,0.049853
10.695448,0.569185,0.002542,0.050467
10.815828,0.567760,0.002669,0.049929
10.937189,0.566325,0.002568,0.050626
11.060192,0.564165,0.002609,0.049999
11.184166,0.562630,0.002629,0.049859
11.310050,0.560980,0.002630,0.050562
11.437231,0.560500,0.002635,0.051049
11.565767,0.559265,0.002683,0.051782
11.695358,0.558975,0.002643,0.052006
11.826781,0.557280,0.002645,0.053195
11.959700,0.556210,0.002670,0.053640
12.093953,0.553940,0.002665,0.052423
12.230213,0.552295,0.002742,0.051732
12.367663,0.552630,0.002707,0.052352
12.506730,0.551105,0.002756,0.052447
12.646803,0.551200,0.002806,0.053128
12.789065,0.550140,0.002588,0.052258
12.932476,0.548245,0.002699,0.051831
13.078098,0.547395,0.002670,0.051383
13.225478,0.546885,0.002784,0.051279
13.373810,0.544890,0.002749,0.051189
13.524006,0.543035,0.002715,0.050982
13.675870,0.541770,0.002747,0.051202
13.829503,0.539245,0.002793,0.051393
13.984958,0.538960,0.002725,0.051399
14.141775,0.537095,0.002852,0.051525
14.300916,0.535245,0.002606,0.051304
14.461411,0.535110,0.002768,0.051153
14.624256,0.532420,0.002815,0.051885
14.788584,0.531070,0.002723,0.051682
14.954580,0.530500,0.002770,0.051098
15.122728,0.528780,0.002782,0.051680
15.292578,0.526435,0.002861,0.052160
15.464319,0.526245,0.002871,0.053054
15.638060,0.525570,0.002833,0.053816
15.813817,0.525540,0.002858,0.054394
15.991595,0.524195,0.002852,0.054418
16.171097,0.522075,0.002827,0.053309
16.352790,0.520790,0.002820,0.053131
16.536815,0.519000,0.002805,0.053682
16.722751,0.517885,0.002964,0.053108
16.910400,0.516830,0.002802,0.054093
17.100299,0.515435,0.002887,0.055649
17.292559,0.513780,0.002948,0.056493
17.486876,0.514630,0.002910,0.056005
17.683662,0.513935,0.002936,0.057255
17.882242,0.511215,0.002913,0.058380
18.082663,0.510765,0.002856,0.057654
18.286106,0.507635,0.003136,0.057179
18.491654,0.506680,0.003034,0.057075
18.699386,0.504635,0.002900,0.056375
18.909911,0.504020,0.003098,0.056424
19.122148,0.501360,0.003029,0.055576
19.336948,0.501505,0.002970,0.056220
19.554563,0.499185,0.003059,0.054813
19.773825,0.497235,0.002802,0.054494
19.996346,0.495650,0.003000,0.055919
20.221077,0.493790,0.003182,0.054944
20.448304,0.493650,0.002998,0.054919
20.678032,0.492665,0.003179,0.055892
20.910353,0.490700,0.003055,0.055349
21.145356,0.489120,0.003044,0.055482
21.383089,0.488125,0.002995,0.055715
21.623211,0.486780,0.003142,0.057828
21.866354,0.486370,0.003282,0.055379
22.111982,0.486120,0.003092,0.056348
22.360355,0.484705,0.003080,0.055404
22.611633,0.484465,0.003053,0.056679
22.865945,0.481350,0.003104,0.056064
23.122642,0.480895,0.003214,0.054623
23.382573,0.480090,0.003250,0.056361
23.645059,0.479010,0.003157,0.057631
23.911019,0.476520,0.003157,0.057972
24.179731,0.474345,0.003246,0.059391
24.451551,0.473045,0.003203,0.059125
24.725971,0.472010,0.003205,0.060664
25.004005,0.471160,0.003069,0.062420
25.284535,0.469230,0.003082,0.062624
25.569123,0.467815,0.003230,0.062164
25.856383,0.466255,0.003348,0.061080
26.147145,0.464980,0.003385,0.059767
26.440768,0.463965,0.003285,0.060004
26.738101,0.463890,0.003308,0.059850
27.038178,0.462140,0.003121,0.061910
27.342136,0.460560,0.003207,0.061813
27.649765,0.459350,0.003556,0.062154
27.960134,0.458665,0.003373,0.061164
28.274139,0.457710,0.003461,0.061796
28.592088,0.456695,0.003392,0.062013
28.913357,0.456650,0.003297,0.062576
29.238422,0.455910,0.003402,0.062725
29.566843,0.454180,0.003448,0.064001
29.899219,0.451995,0.003284,0.063643
30.235109,0.451845,0.003238,0.062977
30.575324,0.450690,0.003253,0.062927
30.918395,0.451150,0.003511,0.064487
31.265762,0.450710,0.003371,0.064724
31.617295,0.450195,0.003325,0.065348
31.972882,0.447595,0.003775,0.065539
32.331999,0.445510,0.003535,0.064910
32.695174,0.445360,0.003406,0.065292
33.062779,0.444265,0.003475,0.065184
33.433935,0.442205,0.003563,0.065228
33.809773,0.440670,0.003548,0.065039
34.189641,0.438735,0.003443,0.065066
34.574043,0.439165,0.003504,0.064152
34.962518,0.438425,0.003511,0.063319
35.355678,0.437710,0.003510,0.062104
35.752686,0.435360,0.003668,0.060785
36.154361,0.436290,0.003490,0.062960
36.560659,0.434465,0.003480,0.063985
36.972261,0.432860,0.003452,0.064664
37.387192,0.431980,0.003462,0.063105
37.807355,0.431370,0.003682,0.061984
38.232210,0.431115,0.003604,0.060951
38.661714,0.429900,0.003496,0.061802
39.096041,0.429240,0.003467,0.061674
39.535812,0.428660,0.003837,0.062466
39.979666,0.426460,0.003649,0.063844
40.429695,0.425060,0.003635,0.062613
40.883840,0.423225,0.003740,0.063102
41.343163,0.421150,0.003658,0.062430
41.807849,0.421050,0.003592,0.063453
42.277778,0.420775,0.003749,0.063010
42.752659,0.419425,0.003698,0.063602
43.233310,0.418120,0.003847,0.062276
43.719176,0.418650,0.003868,0.061658
44.210128,0.417115,0.003729,0.060950
44.707118,0.416455,0.003692,0.061333
45.209530,0.414770,0.003660,0.060625
45.717872,0.411795,0.003485,0.058611
46.231320,0.408960,0.003663,0.057436
46.750848,0.409200,0.003649,0.060519
47.276428,0.407205,0.004018,0.061026
47.807338,0.406705,0.003726,0.063543
48.344714,0.405510,0.003826,0.063660
48.888274,0.404280,0.004063,0.063606
49.437988,0.404010,0.004025,0.065348
49.993054,0.402630,0.003927,0.067661
50.554833,0.401085,0.003964,0.065863
51.122811,0.400650,0.003687,0.064341
51.697784,0.398510,0.003870,0.065778
52.278631,0.395890,0.003958,0.064292
52.866130,0.395220,0.003947,0.064558
53.460486,0.393995,0.004154,0.065075
54.061412,0.392410,0.003974,0.066239
54.668541,0.392130,0.004118,0.066054
55.282816,0.391440,0.004049,0.067052
55.904118,0.389465,0.003936,0.067397
56.532555,0.388950,0.004327,0.067782
57.167775,0.388125,0.004127,0.066693
57.810571,0.387710,0.004316,0.067497
58.459654,0.386585,0.003910,0.067375
59.117083,0.385730,0.004255,0.067611
59.781129,0.384410,0.003981,0.067406
60.453352,0.381445,0.004402,0.070210
61.132792,0.379545,0.004127,0.071533
61.819559,0.379050,0.004133,0.069584
62.514785,0.376160,0.004081,0.069240
63.217077,0.376935,0.004361,0.070507
63.927632,0.373265,0.004462,0.069796
64.645721,0.373555,0.004253,0.069136
65.372231,0.372605,0.004228,0.069748
66.106752,0.371470,0.004525,0.071167
66.849697,0.370480,0.004297,0.070165
67.601152,0.368830,0.004497,0.070383
68.360993,0.366975,0.004513,0.071875
69.129283,0.366645,0.004202,0.071297
69.906187,0.364450,0.004161,0.072628
70.691700,0.364190,0.004383,0.072744
71.486555,0.363745,0.004614,0.072530
72.289658,0.361870,0.004518,0.073537
73.102098,0.361745,0.004553,0.074131
73.923896,0.360260,0.004526,0.072705
74.754086,0.361535,0.004993,0.072600
75.594552,0.358450,0.004313,0.071979
76.444144,0.359115,0.004964,0.075696
77.303272,0.359485,0.004931,0.076290
78.171975,0.358340,0.004739,0.076904
79.050435,0.356600,0.004715,0.077094
79.938523,0.355635,0.005060,0.076864
80.837068,0.354050,0.005192,0.075718
81.745869,0.353875,0.004994,0.078128
82.664792,0.353320,0.004953,0.078888
83.593755,0.353150,0.004751,0.078083
84.532912,0.352355,0.005155,0.079717
85.482922,0.349705,0.004991,0.079538
86.443675,0.350270,0.005221,0.083149
87.414810,0.349465,0.004931,0.080546
88.397602,0.347425,0.005053,0.080931
89.391047,0.345790,0.004954,0.080932
90.395381,0.347140,0.005209,0.081082
91.411711,0.346525,0.005054,0.082195
92.438917,0.345720,0.004661,0.079108
93.477904,0.342510,0.005127,0.078177
94.528553,0.341490,0.005163,0.078520
95.590371,0.341325,0.005261,0.077670
96.664861,0.342070,0.005175,0.078240
97.751342,0.339945,0.005074,0.076591
98.849685,0.340140,0.005374,0.076584
99.960883,0.338615,0.005405,0.076631
101.084377,0.335130,0.005322,0.079245
102.220971,0.330765,0.005518,0.080255
103.369402,0.329035,0.005664,0.077902
104.530786,0.328235,0.005353,0.078328
105.705667,0.329275,0.005359,0.078263
106.893323,0.328420,0.005453,0.080002
108.094495,0.327445,0.005635,0.079516
109.309693,0.327020,0.005349,0.079291
110.537974,0.326220,0.005964,0.081743
111.780411,0.325800,0.005734,0.083514
113.036900,0.323010,0.006293,0.082092
114.307189,0.319625,0.006056,0.081636
115.591697,0.318885,0.005647,0.081419
116.891395,0.317785,0.006239,0.081931
118.204754,0.318240,0.006010,0.082524
119.533325,0.315975,0.005916,0.080154
120.876518,0.313290,0.006495,0.079546
122.235356,0.309300,0.006539,0.079570
123.609060,0.306895,0.006168,0.078534
124.998227,0.307385,0.006106,0.078789
126.403153,0.306030,0.006293,0.079816
127.824032,0.305420,0.007624,0.080650
129.259853,0.302890,0.005586,0.079545
130.712682,0.302330,0.006303,0.078447
132.181698,0.302990,0.006789,0.078381
133.666830,0.301355,0.005885,0.078238
135.169194,0.301290,0.006872,0.078696
136.688380,0.299155,0.006460,0.080011
138.224903,0.298025,0.006237,0.079567
139.778319,0.298080,0.006607,0.080872
141.349419,0.298495,0.007299,0.082515
142.937532,0.298170,0.007780,0.082933
144.544106,0.299965,0.007272,0.082118
146.168954,0.295070,0.008403,0.081496
147.812851,0.294705,0.009436,0.081693
149.472761,0.296170,0.008752,0.081060
151.151939,0.293410,0.006087,0.078816
152.851750,0.293455,0.008872,0.080972
154.569174,0.292340,0.006854,0.080572
156.307237,0.290145,0.010778,0.080370
158.063368,0.288550,0.009286,0.081123
159.840185,0.287410,0.012157,0.081927
161.637147,0.284640,0.012066,0.082366
163.452749,0.283505,0.008009,0.084385
165.290185,0.283215,0.012599,0.085180
167.148600,0.283255,0.013467,0.084156
169.025491,0.280055,0.008157,0.084849
170.926060,0.278350,0.007850,0.087511
172.847248,0.278170,0.020891,0.085194
174.786975,0.276570,0.032999,0.084842
176.752693,0.275537,0.007123,0.084409
178.739247,0.275953,0.007770,0.083003
180.749278,0.274629,0.007690,0.081428
182.780583,0.270396,0.008538,0.084345
184.833779,0.269468,0.007267,0.080884
186.911498,0.268084,0.009479,0.079728
189.012479,0.266545,0.009960,0.082361
191.137279,0.265557,0.009575,0.081363
193.284911,0.262733,0.008256,0.083433
195.458150,0.258972,0.010547,0.083884
197.654895,0.259273,0.015172,0.083408
199.875650,0.257046,0.008664,0.082451
202.121478,0.256550,0.009371,0.083046
204.393134,0.252904,0.008897,0.080888
206.690629,0.252773,0.009741,0.080419
209.013336,0.253816,0.010351,0.081013
211.362778,0.252006,0.009903,0.081610
213.737808,0.251705,0.010079,0.082686
216.140239,0.249990,0.008537,0.082170
218.569264,0.249007,0.008201,0.084104
221.025886,0.248099,0.010428,0.083006
223.509847,0.245476,0.008661,0.081263
226.022113,0.245848,0.017224,0.080269
228.562390,0.244970,0.013577,0.081348
231.130480,0.243681,0.028228,0.083214
233.728025,0.243514,0.010376,0.080812
236.355421,0.243745,0.011736,0.082515
239.012083,0.242063,0.010058,0.082840
241.698808,0.241069,0.016408,0.082287
244.414893,0.240899,0.013719,0.082841
247.161509,0.237550,0.011266,0.083557
249.939077,0.235693,0.010757,0.081909
252.747871,0.236476,0.009461,0.083989
255.587892,0.235567,0.009314,0.083790
258.462154,0.234503,0.013639,0.084817
261.367122,0.233720,0.017363,0.086297
264.304346,0.231376,0.011875,0.086277
267.274127,0.231847,0.011928,0.085189
270.278071,0.229859,0.013049,0.083874
273.315497,0.230045,0.010731,0.081916
276.388007,0.227826,0.015305,0.085027
279.492834,0.226320,0.010067,0.083397
282.635416,0.227334,0.014074,0.086401
285.811042,0.228569,0.014898,0.087770
289.025416,0.223454,0.029680,0.086608
292.273251,0.225151,0.018595,0.087192
295.557406,0.224152,0.013551,0.086123
298.879439,0.219895,0.013642,0.086510
302.237983,0.218896,0.015087,0.084679
305.635182,0.217520,0.024177,0.084989
309.070765,0.216707,0.020137,0.082464
312.543756,0.214086,0.014697,0.084473
316.056385,0.213203,0.014502,0.086513
319.608164,0.214975,0.017782,0.087160
323.201763,0.213097,0.019013,0.087156
326.833556,0.211461,0.020264,0.087949
330.505162,0.209458,0.013565,0.084929
334.221351,0.207018,0.018166,0.083760
337.977982,0.206381,0.017203,0.082164
341.776713,0.204488,0.022397,0.083770
345.618749,0.205040,0.022489,0.086441
349.500978,0.205617,0.016349,0.088344
353.429067,0.205176,0.016022,0.086392
357.402871,0.203906,0.020999,0.086957
361.417561,0.201541,0.019361,0.085517
365.482857,0.202129,0.026328,0.086957
369.576517,0.199895,0.210638,0.086759
373.740990,0.200322,0.035560,0.086773
377.942086,0.206148,0.027202,0.088479
382.185718,0.202998,0.076715,0.085385
386.486019,0.200796,0.021018,0.087438
390.825677,0.199873,0.079599,0.087858
395.220497,0.199374,0.026441,0.084928
399.662440,0.199511,0.021407,0.085488
404.155563,0.199837,0.020509,0.087210
408.697601,0.197240,0.021977,0.085011
413.274404,0.193238,0.218141,0.083288
417.934723,0.192531,0.022291,0.082774
422.631116,0.191685,0.027610,0.081745
427.382242,0.191051,0.017748,0.081846
432.184928,0.190144,0.016113,0.081589
437.042598,0.190979,0.022745,0.082154
441.955990,0.188221,0.043909,0.084022
446.919319,0.187415,0.116794,0.084535
451.941333,0.188208,0.054795,0.083906
457.023511,0.185548,0.017894,0.082604
462.161507,0.186153,0.022924,0.087551
467.353722,0.185724,0.020375,0.087089
472.608629,0.182808,0.031152,0.088742
477.920585,0.181179,0.035694,0.085836
483.292811,0.180414,0.040234,0.086878
488.713936,0.182932,0.159798,0.087276
494.214259,0.180907,0.021031,0.087711
499.768032,0.180611,0.017768,0.085916
505.388247,0.176668,0.030737,0.083067
511.067076,0.175203,0.023307,0.083371
516.811930,0.176518,0.024746,0.090432
522.623032,0.172942,0.035422,0.088034
528.495579,0.174569,0.033193,0.088718
534.434434,0.174948,0.099877,0.091960
540.425145,0.171644,0.304847,0.090046
546.512104,0.170783,0.026857,0.085943
552.656424,0.170866,0.039135,0.087510
558.867101,0.170652,0.027756,0.088414
565.147583,0.168627,0.054971,0.089897
571.486997,0.169414,0.308255,0.090561
577.900927,0.168419,0.307723,0.088479
584.410681,0.168914,0.290030,0.091142
590.990444,0.170724,0.059147,0.090672
597.630532,0.168679,0.035376,0.090918
604.346593,0.167812,0.052147,0.090263
611.132180,0.168201,0.160450,0.089577
618.008953,0.165207,0.054427,0.086911
624.937550,0.161041,0.251431,0.087434
631.969677,0.157860,0.190887,0.084233
639.054487,0.156656,0.321132,0.083377
646.261260,0.159870,0.032317,0.081653
653.529909,0.159853,0.073787,0.082698
660.829203,0.159995,0.508684,0.085537
668.261972,0.159809,0.436805,0.084430
675.797975,0.157957,0.184921,0.085807
683.380439,0.152953,0.267968,0.085245
691.078924,0.157300,0.151818,0.087806
698.849648,0.157684,0.030668,0.086261
706.690180,0.153925,0.280490,0.084139
714.644240,0.155145,0.053727,0.082645
722.676444,0.151379,0.060962,0.082503
730.786018,0.151834,0.270787,0.084138
739.002660,0.152562,0.195430,0.086609
747.299497,0.153045,0.350508,0.084599
755.701753,0.150825,0.305713,0.083164
764.190857,0.151250,0.268470,0.082243
772.793377,0.151864,0.212247,0.081536
781.485943,0.150442,0.031469,0.084052
790.247552,0.145785,0.357708,0.080947
799.153295,0.144848,0.036122,0.081959
808.116115,0.142717,0.340517,0.080702
817.146613,0.141804,0.727235,0.082920
826.365667,0.143480,0.454221,0.084174
835.666879,0.142842,0.400906,0.082400
845.072450,0.142108,0.131330,0.081322
854.540283,0.139352,0.564025,0.082089
864.144398,0.139349,0.482461,0.083648
873.901968,0.139583,0.053682,0.081407
883.662412,0.138627,0.503471,0.084270
893.600340,0.139557,0.529293,0.081426
903.681398,0.135334,0.346127,0.076820
913.771558,0.134141,0.849334,0.078486
924.061993,0.132621,0.657210,0.077011
934.454192,0.133418,0.462706,0.077332
944.966564,0.132685,0.613669,0.078413
955.589914,0.137487,0.610741,0.077266
966.355463,0.136247,0.346964,0.073401
977.144840,0.131752,0.922928,0.077904
988.163133,0.131415,0.710942,0.077245
999.280740,0.134691,0.527484,0.079564
1010.502129,0.135552,0.701032,0.079312
1021.869681,0.134111,0.431395,0.079007
1033.381279,0.135963,0.340388,0.075292
1045.011558,0.134986,0.048557,0.076513
1056.739476,0.130698,0.302991,0.074513
1068.614739,0.131048,0.255631,0.077252
1080.476516,0.131671,1.265602,0.079077
1092.750038,0.128571,0.445875,0.076095
1105.030908,0.130323,0.579652,0.077635
1117.397589,0.133724,0.862435,0.078842
1130.039687,0.132019,0.179034,0.078893
1142.637964,0.131175,1.077518,0.078660
1155.448977,0.130802,1.155405,0.080468
1168.500463,0.131185,0.789052,0.080772
1181.675971,0.134961,0.572668,0.079318
1194.853036,0.135721,1.242304,0.077620
-nan,-nan,-nan,-nan
1221.972374,0.127496,0.579815,0.073435
1235.676593,0.127976,0.615681,0.076387
1249.630202,0.130478,0.050648,0.076780
1263.672064,0.130502,0.030854,0.076015
-nan,-nan,-nan,-nan
1292.233360,0.125782,0.127612,0.077456
1306.563576,0.123756,1.567449,0.074830
1321.429752,0.122845,0.384201,0.072879
1336.267821,0.122575,0.484773,0.075032
1351.184512,0.124226,1.233089,0.073822
1366.359297,0.121533,1.142451,0.074378
1381.827320,0.119852,0.352578,0.070759
1397.309320,0.120185,0.862702,0.073661
1413.051824,0.119929,0.512811,0.073380
1428.897870,0.117919,0.852734,0.067453
1444.896889,0.119627,1.160854,0.072101
1461.050954,0.119257,1.685295,0.071755
1477.693743,0.121044,0.235176,0.069160
1494.074128,0.118426,1.353360,0.072998
1511.059839,0.115751,0.523971,0.072652
1528.048428,0.115773,0.663766,0.072669
1545.270794,0.116947,0.063366,0.071082
1562.454596,0.121235,1.530353,0.072087
1580.107644,0.118111,0.959502,0.068062
1597.838587,0.110937,1.299006,0.067645
1615.796732,0.109713,1.362221,0.067375
1633.959884,0.108683,0.907905,0.072603
1652.395585,0.111266,0.618627,0.074967
1670.895587,0.109868,0.935660,0.071735
1689.648609,0.111054,1.060863,0.072383
1708.428199,0.113848,2.342660,0.072764
1727.988822,0.113381,0.090926,0.073573
1747.233704,0.112654,1.485748,0.073784
1766.778047,0.112959,1.988238,0.076212
1786.709563,0.116860,1.469323,0.074995
1806.867133,0.117601,0.956950,0.072219
1827.185809,0.116859,1.196310,0.077951
1847.633043,0.113769,1.567458,0.075178
1868.511495,0.111636,1.461205,0.072874
1889.161731,0.112051,2.854537,0.078623
1910.542006,0.110512,2.097604,0.073095
1932.093308,0.118541,1.633477,0.075833
1954.030063,0.112754,0.139214,0.072794
1975.509546,0.111672,2.452094,0.073699
1997.880080,0.115337,2.059267,0.074625
2020.497288,0.117785,1.778985,0.074605
2043.174509,0.114537,1.764562,0.079335
2066.232061,0.116699,1.150419,0.082158
2089.216289,0.112888,2.568280,0.074748
2112.678707,0.117239,2.418091,0.072722
2136.572288,0.118651,1.932567,0.064275
2160.613212,0.117684,1.434295,0.071900
2184.913774,0.118382,1.481483,0.062448
2209.358177,0.117164,2.391826,0.068648
2234.028065,0.112330,2.647110,0.065607
2259.393446,0.113725,1.753568,0.061027
2284.957302,0.111443,0.407030,0.057716
2310.647590,0.112582,0.585663,0.059096
2336.211316,0.107058,2.863678,0.058963
2362.911608,0.115865,0.072349,0.058550
2389.430725,0.116139,0.345207,0.063701
2416.322712,0.121395,0.032984,0.066725
2443.315750,0.110730,1.692080,0.057106
2470.725595,0.113333,1.243397,0.064722
2498.135878,0.114330,3.529896,0.068340
2526.585336,0.113670,1.617016,0.063501
2554.496462,0.114533,3.204939,0.075498
2583.828674,0.116527,1.221085,0.081473
2612.466028,0.106287,2.734878,0.071027
2642.208187,0.110410,0.971120,0.074149
2671.931361,0.114297,1.111684,0.075749
2701.642188,0.115368,2.677691,0.079269
2732.039906,0.115054,2.913192,0.067001
2762.889986,0.111538,1.767602,0.077848
2793.762017,0.111514,3.210779,0.068405
2824.972652,0.107907,3.447525,0.061917
2856.655018,0.111898,4.129670,0.073956
2888.605479,0.113491,4.692153,0.076466
2921.652603,0.107890,1.482238,0.070790
2954.578933,0.111088,2.291355,0.065112
2987.697349,0.110171,1.749262,0.069120
3020.902297,0.108777,3.112556,0.069621
3055.520047,0.117538,0.098213,0.059825
3089.076969,0.112424,4.648805,0.061226
3124.342252,0.116602,1.976958,0.073530
3158.926828,0.104286,4.218140,0.057851
3194.475843,0.108093,3.545617,0.059557
3229.572202,0.111150,5.960793,0.070879
3267.419917,0.111524,0.116775,0.059230
3304.168395,0.105392,0.040987,0.049555
3341.299705,0.105931,0.042281,0.055637
3377.483244,0.115245,6.774797,0.068012
3416.550437,0.128469,1.906368,0.063384
3455.224318,0.114063,0.026084,0.055898
3493.663237,0.120781,3.782506,0.051601
3533.213471,0.114947,0.929555,0.067049
3572.279412,0.111075,5.161647,0.056210
3612.777254,0.126044,3.993746,0.068197
3653.628465,0.128778,1.140024,0.068217
3694.438701,0.121648,1.811965,0.070557
3736.106569,0.122410,1.926447,0.071103
3778.401684,0.118765,0.038629,0.075402
3820.672416,0.112037,0.987259,0.079976
3863.804421,0.120962,0.039442,0.072355
3906.593898,0.122372,2.719834,0.072579
3951.143789,0.114122,0.026414,0.063242
3994.503876,0.093986,3.925910,0.066910
4037.457814,0.109420,9.852760,0.080787
4085.699316,0.116048,1.329519,0.079312
4130.317907,0.103770,5.632655,0.067251
4178.243762,0.104561,0.060014,0.073838
4225.174376,0.118860,0.021786,0.074445
4270.995122,0.093772,7.133944,0.063896
4319.432761,0.095093,6.080198,0.064359
4366.470366,0.095800,11.030257,0.062876
4415.999816,0.095426,9.010950,0.066203
4466.035934,0.104884,7.228956,0.060937
4517.310786,0.127250,5.715185,0.057662
4569.012082,0.089615,0.032454,0.053089
4620.376100,0.093077,0.045090,0.062209
4672.329442,0.090897,0.112150,0.061954
4722.969518,0.106447,7.771970,0.059504
4777.910576,0.083194,0.038302,0.045919
4826.605326,0.098611,11.714224,0.069528
4885.802114,0.104483,0.404282,0.068824
4933.860330,0.096667,16.752106,0.070159
4996.353998,0.113478,0.034415,0.064731
5052.520498,0.100870,0.027409,0.056888
5108.739184,0.096304,2.570788,0.046303
5162.226156,0.086364,9.505604,0.065751
5218.229897,0.072778,12.318086,0.057330
5283.506955,0.094286,0.031860,0.048027
5342.877940,0.107500,0.017816,0.053477
5402.965066,0.110714,0.077882,0.051577
5463.656519,0.097143,0.013438,0.060672
5519.498552,0.089643,15.521253,0.090878
5587.203124,0.096667,0.050971,0.077307
5649.970419,0.101250,0.047241,0.078955
5713.454708,0.123750,0.020972,0.066179
5774.177981,0.142500,11.560938,0.102276
5842.719955,0.079545,0.153520,0.056707
5908.287418,0.066818,0.026569,0.026222
5974.673946,0.110455,0.019448,0.025889
6041.817582,0.076364,0.015337,0.019080
6109.723416,0.064545,0.018866,0.021894
6161.773491,0.038182,27.169792,0.025697
6237.050482,0.007500,16.803273,0.007500
6250.892854,0.000000,0.000000,0.000000
