0.000000,0.995000,0.000000,0.000000
1.002992,0.849625,0.001709,0.027840
1.016205,0.848606,0.001697,0.027833
1.029560,0.847522,0.001735,0.027637
1.043082,0.846369,0.001691,0.028022
1.056899,0.845038,0.001699,0.027893
1.070785,0.844075,0.001725,0.028214
1.084902,0.842791,0.001693,0.028137
1.099178,0.841084,0.001767,0.028046
1.113578,0.839609,0.001687,0.028628
1.128307,0.838019,0.001766,0.028693
1.143214,0.836850,0.001698,0.028840
1.158321,0.835466,0.001765,0.029273
1.173494,0.833975,0.001726,0.029511
1.189040,0.832878,0.001729,0.029261
1.204684,0.831319,0.001770,0.029007
1.220537,0.829781,0.001739,0.029100
1.236707,0.828425,0.001757,0.029392
1.252957,0.826941,0.001759,0.029714
1.269435,0.825491,0.001731,0.029848
1.286332,0.824084,0.001787,0.030135
1.303085,0.822113,0.001760,0.030254
1.320300,0.821228,0.001735,0.030103
1.337709,0.820016,0.001801,0.030275
1.355323,0.818197,0.001813,0.030476
1.373241,0.816828,0.001815,0.030454
1.391397,0.815347,0.001783,0.030264
1.409745,0.813750,0.001763,0.030647
1.428256,0.812350,0.001778,0.030806
1.446963,0.811047,0.001800,0.031146
1.466192,0.809947,0.001873,0.030901
1.485564,0.808794,0.001826,0.030739
1.505256,0.807900,0.001776,0.030575
1.524973,0.806378,0.001756,0.030566
1.544835,0.804850,0.001846,0.030942
1.565603,0.803687,0.001827,0.030929
1.586015,0.802184,0.001742,0.031123
1.606912,0.800797,0.001846,0.031794
1.628222,0.799066,0.001830,0.031933
1.649799,0.797756,0.001800,0.032162
1.671323,0.796216,0.001853,0.032754
1.693408,0.795022,0.001793,0.032859
1.715819,0.793769,0.001872,0.032816
1.738363,0.792669,0.001837,0.032432
1.761399,0.791391,0.001795,0.032494
1.784493,0.789594,0.001882,0.032566
1.807985,0.788550,0.001803,0.032686
1.831954,0.787128,0.001836,0.032302
1.856075,0.785694,0.001834,0.032216
1.880667,0.784678,0.001888,0.032408
1.905402,0.783262,0.001878,0.032618
1.930535,0.781791,0.001862,0.032445
1.955866,0.780506,0.001924,0.032757
1.981788,0.779206,0.001909,0.033031
2.007958,0.778306,0.001863,0.032929
2.034478,0.776569,0.001845,0.033164
2.061092,0.774700,0.001800,0.033158
2.088432,0.773019,0.001869,0.033200
2.115832,0.771631,0.001838,0.033115
2.143786,0.770537,0.001897,0.033378
2.172275,0.769175,0.001879,0.033278
2.200684,0.767878,0.001936,0.033490
2.229874,0.766056,0.001861,0.033512
2.259239,0.764537,0.001903,0.033816
2.288992,0.763356,0.001892,0.034338
2.319198,0.761359,0.001946,0.034272
2.349857,0.759900,0.001880,0.034164
2.380906,0.758037,0.001936,0.033896
2.412260,0.757119,0.001927,0.034277
2.444006,0.755369,0.001881,0.034364
2.476352,0.754206,0.001852,0.033957
2.508990,0.752916,0.001931,0.033750
2.542139,0.751575,0.001981,0.034156
2.575755,0.750566,0.001894,0.034199
2.609669,0.749000,0.001947,0.033704
2.644134,0.748084,0.001955,0.033894
2.678942,0.747184,0.001956,0.033917
2.714291,0.745888,0.001987,0.034146
2.750060,0.744800,0.001919,0.034744
2.786508,0.743213,0.001964,0.035153
2.823111,0.742569,0.001975,0.035222
2.860467,0.741422,0.002009,0.035074
2.898090,0.739825,0.001857,0.035398
2.936405,0.738769,0.001955,0.035524
2.975192,0.736850,0.002067,0.035686
3.014231,0.735606,0.001908,0.035592
3.054229,0.734278,0.001935,0.035294
3.094479,0.732900,0.002031,0.034640
3.135251,0.731766,0.001969,0.035088
3.176686,0.730188,0.001961,0.035222
3.218682,0.729494,0.001968,0.035320
3.261139,0.728231,0.001924,0.035738
3.304030,0.726341,0.002033,0.035705
3.347804,0.724988,0.001975,0.035655
3.391833,0.722978,0.002060,0.036025
3.436777,0.721222,0.001985,0.035843
3.481968,0.719694,0.002045,0.036134
3.528125,0.718438,0.002006,0.036117
3.574677,0.716744,0.002035,0.036427
3.621751,0.715256,0.002044,0.036333
3.669522,0.714481,0.002008,0.036500
3.717950,0.713322,0.002067,0.037323
3.767115,0.711684,0.002062,0.037309
3.816690,0.710141,0.001998,0.037052
3.867214,0.709103,0.002007,0.036573
3.918205,0.708000,0.002109,0.037370
3.969892,0.706684,0.002038,0.037588
4.022209,0.705453,0.002089,0.037200
4.075496,0.704728,0.002033,0.037233
4.129193,0.703478,0.002065,0.036876
4.183638,0.702294,0.002004,0.036376
4.238932,0.700672,0.002166,0.036561
4.294583,0.699138,0.002015,0.036914
4.351606,0.698291,0.002000,0.037214
4.409049,0.696284,0.002098,0.037375
4.467194,0.694953,0.002100,0.038151
4.526096,0.693731,0.002126,0.038113
4.585900,0.692091,0.002136,0.038789
4.646281,0.690706,0.002087,0.038202
4.707895,0.688881,0.002132,0.038379
4.769968,0.687388,0.002164,0.037960
4.832997,0.686231,0.002129,0.038285
4.896704,0.684772,0.002150,0.038559
4.961213,0.682962,0.002065,0.039465
5.026879,0.681050,0.002184,0.040223
5.093069,0.679912,0.002177,0.040217
5.160255,0.678897,0.002155,0.040621
5.228602,0.677706,0.002152,0.040487
5.297431,0.676828,0.002142,0.040102
5.367436,0.674706,0.002200,0.040076
5.438108,0.673628,0.002132,0.040520
5.510027,0.672703,0.002175,0.040263
5.582910,0.671509,0.002246,0.040493
5.656316,0.669994,0.002125,0.039892
5.731250,0.668531,0.002182,0.040526
5.806844,0.666953,0.002217,0.040082
5.883466,0.665556,0.002217,0.040655
5.961180,0.663909,0.002177,0.040600
6.039894,0.662972,0.002175,0.041057
6.119696,0.661331,0.002149,0.040861
6.200435,0.661434,0.002189,0.041068
6.282471,0.660056,0.002181,0.041174
6.365355,0.658184,0.002189,0.041426
6.449408,0.657387,0.002288,0.041508
6.534424,0.655616,0.002141,0.041661
6.620546,0.653731,0.002228,0.042358
6.708160,0.652769,0.002252,0.042076
6.796629,0.651244,0.002221,0.042116
6.886389,0.649816,0.002297,0.042164
6.977256,0.648762,0.002260,0.042850
7.069510,0.648009,0.002252,0.043968
7.162885,0.646428,0.002251,0.044442
7.257227,0.645275,0.002272,0.044852
7.353268,0.643663,0.002191,0.045233
7.450139,0.642456,0.002288,0.045042
7.548504,0.640400,0.002250,0.044697
7.648292,0.639369,0.002321,0.044983
7.749066,0.637741,0.002339,0.045829
7.851568,0.636263,0.002355,0.046049
7.955228,0.634544,0.002317,0.046136
8.060316,0.633650,0.002334,0.046203
8.166658,0.633016,0.002235,0.045262
8.274449,0.633156,0.002358,0.045331
8.383709,0.631266,0.002318,0.045080
8.494400,0.630944,0.002361,0.045396
8.606592,0.629100,0.002317,0.045579
8.720214,0.628156,0.002297,0.045814
8.835398,0.627603,0.002496,0.045684
8.952084,0.624906,0.002300,0.046128
9.070077,0.623712,0.002341,0.046191
9.190110,0.622187,0.002341,0.045901
9.311359,0.621297,0.002366,0.045621
9.434180,0.619656,0.002325,0.045517
9.558926,0.618691,0.002322,0.045684
9.684912,0.618119,0.002383,0.046033
9.812942,0.616747,0.002432,0.046254
9.942429,0.613991,0.002421,0.046295
10.073915,0.612484,0.002461,0.046914
10.206889,0.611159,0.002372,0.046972
10.341650,0.610694,0.002310,0.046794
10.478133,0.610547,0.002449,0.047029
10.616488,0.609409,0.002459,0.046518
10.756618,0.609016,0.002388,0.047369
10.898658,0.607372,0.002507,0.048307
11.042734,0.606888,0.002351,0.048599
11.188576,0.605203,0.002416,0.049379
11.336288,0.603916,0.002446,0.049480
11.486029,0.602047,0.002489,0.048717
11.637695,0.601000,0.002446,0.048774
11.791451,0.600181,0.002450,0.048226
11.947042,0.599678,0.002375,0.049554
12.104746,0.598375,0.002448,0.049461
12.264462,0.596600,0.002436,0.049334
12.426437,0.595194,0.002560,0.048317
12.590616,0.595178,0.002488,0.048342
12.756863,0.594344,0.002439,0.048051
12.925331,0.593388,0.002400,0.047738
13.096053,0.591416,0.002637,0.048047
13.269006,0.590197,0.002542,0.047678
13.444186,0.590509,0.002480,0.046898
13.621790,0.588791,0.002440,0.047318
13.801678,0.588256,0.002491,0.048084
13.983721,0.587288,0.002496,0.048178
14.168504,0.586497,0.002534,0.048928
14.355560,0.585488,0.002528,0.048814
14.544971,0.584434,0.002481,0.048598
14.737195,0.583134,0.002446,0.049317
14.931651,0.581716,0.002527,0.048473
15.128998,0.581266,0.002512,0.049253
15.328791,0.578997,0.002562,0.049087
15.531275,0.577194,0.002559,0.049685
15.736279,0.577041,0.002675,0.050422
15.944043,0.576944,0.002538,0.050968
16.154679,0.577547,0.002522,0.050896
16.367982,0.577016,0.002522,0.051005
16.584261,0.576387,0.002542,0.051040
16.803160,0.574625,0.002598,0.051766
17.025231,0.573603,0.002501,0.051468
17.249744,0.572541,0.002586,0.051648
17.477844,0.572084,0.002685,0.053366
17.708456,0.572641,0.002556,0.054752
17.942183,0.571456,0.002566,0.055834
18.179377,0.570569,0.002673,0.055418
18.419273,0.569491,0.002623,0.056711
18.662735,0.567444,0.002529,0.055774
18.909003,0.565541,0.002609,0.056100
19.158905,0.564228,0.002608,0.055673
19.412047,0.562978,0.002570,0.055546
19.668181,0.561287,0.002730,0.054165
19.928114,0.561353,0.002642,0.053493
20.191002,0.559775,0.002649,0.052796
20.457922,0.558541,0.002712,0.052909
20.728024,0.556928,0.002624,0.053464
21.001616,0.556425,0.002642,0.054625
21.279056,0.555813,0.002633,0.055252
21.560067,0.555803,0.002632,0.054462
21.844915,0.556497,0.002592,0.053858
22.133071,0.554522,0.002684,0.054566
22.425624,0.553381,0.002798,0.054288
22.721807,0.552713,0.002692,0.054453
23.021942,0.551438,0.002701,0.053850
23.325904,0.550219,0.002752,0.053511
23.633807,0.551137,0.002667,0.054176
23.946117,0.550747,0.002686,0.055187
24.262258,0.549806,0.002753,0.054351
24.582738,0.548528,0.002692,0.054452
24.907348,0.548716,0.002673,0.055317
25.236290,0.548116,0.002686,0.055356
25.569639,0.546019,0.002694,0.056214
25.907226,0.543378,0.002677,0.056213
26.249532,0.543197,0.002595,0.056389
26.596009,0.541513,0.002708,0.056714
26.947600,0.540509,0.002773,0.057835
27.303397,0.540212,0.002880,0.056413
27.663681,0.539781,0.002724,0.055551
28.029066,0.538297,0.002806,0.054338
28.399344,0.539025,0.002853,0.054275
28.774161,0.537100,0.002664,0.055725
29.154422,0.536622,0.002804,0.055223
29.539325,0.533969,0.002723,0.056449
29.929557,0.534025,0.002799,0.055921
30.324849,0.531775,0.002857,0.056382
30.725451,0.532569,0.002767,0.056915
31.131106,0.531466,0.002731,0.057211
31.542213,0.531922,0.002802,0.057858
31.958873,0.531200,0.002794,0.058009
32.381156,0.532369,0.002817,0.058339
32.808717,0.531184,0.002832,0.060804
33.242019,0.529147,0.002860,0.059683
33.681220,0.530166,0.002900,0.059055
34.125986,0.528719,0.002875,0.059569
34.576350,0.527609,0.002761,0.060198
35.033270,0.527384,0.002756,0.060603
35.495845,0.525847,0.002683,0.057930
35.964726,0.524806,0.002859,0.058364
36.439792,0.523491,0.002856,0.057861
36.920976,0.523834,0.002883,0.057236
37.408518,0.521388,0.002776,0.057572
37.902693,0.521575,0.002867,0.056501
38.403236,0.521494,0.002941,0.057545
38.910445,0.519103,0.002834,0.057073
39.424414,0.517959,0.002988,0.058040
39.945216,0.518641,0.002846,0.059817
40.472828,0.519038,0.002792,0.059825
41.007264,0.518066,0.002923,0.058808
41.548895,0.516459,0.003021,0.062595
42.097721,0.514206,0.002946,0.063131
42.653637,0.514697,0.002894,0.063150
43.216722,0.512081,0.002830,0.061848
43.787955,0.511244,0.003030,0.062133
44.366305,0.510922,0.002976,0.062424
44.951939,0.509444,0.003075,0.063346
45.545679,0.508759,0.003046,0.063110
46.147183,0.509609,0.002942,0.063856
46.756696,0.507756,0.002923,0.064283
47.374217,0.507603,0.003113,0.063713
47.999988,0.508125,0.003023,0.064786
48.634188,0.507478,0.002952,0.063186
49.276012,0.505947,0.002970,0.066412
49.927335,0.505275,0.002999,0.066024
50.586525,0.505016,0.003079,0.065448
51.254577,0.504784,0.003107,0.065843
51.931692,0.503187,0.003007,0.063865
52.617636,0.503569,0.003049,0.065681
53.312587,0.502106,0.003084,0.064143
54.016746,0.503831,0.003012,0.063946
54.730088,0.503119,0.002981,0.062884
55.452907,0.500922,0.003149,0.063295
56.185090,0.498378,0.003034,0.064463
56.927250,0.497294,0.003007,0.064142
57.679077,0.498394,0.003160,0.062864
58.441086,0.498784,0.003038,0.063919
59.212929,0.498338,0.002970,0.063596
59.995012,0.497356,0.003121,0.065206
60.787544,0.496997,0.003193,0.064598
61.590348,0.496969,0.003087,0.064806
62.403873,0.496694,0.003005,0.066317
63.228183,0.494322,0.003140,0.066310
64.063069,0.494141,0.003077,0.064544
64.909145,0.495100,0.003115,0.064209
65.766644,0.494047,0.003148,0.063137
66.635238,0.493994,0.003002,0.062448
67.515308,0.493222,0.003092,0.062440
68.407104,0.494109,0.003192,0.062766
69.310802,0.493116,0.003124,0.064030
70.226192,0.490909,0.003068,0.063598
71.153822,0.490294,0.003184,0.063237
72.093275,0.490128,0.003067,0.065652
73.045700,0.488463,0.003051,0.065583
74.010094,0.488412,0.003152,0.065039
74.988100,0.488481,0.003259,0.063320
75.978213,0.488956,0.003110,0.064180
76.981581,0.490659,0.003145,0.063684
77.998743,0.488338,0.003090,0.065861
79.028702,0.488759,0.003083,0.066443
80.072557,0.488284,0.003133,0.067029
81.130222,0.487613,0.003074,0.068441
82.201722,0.486091,0.003069,0.066401
83.287419,0.485644,0.003087,0.067221
84.387750,0.484034,0.003156,0.068468
85.502469,0.484616,0.003237,0.068736
86.631408,0.484263,0.003108,0.068641
87.775875,0.483734,0.003230,0.068514
88.935012,0.483159,0.003192,0.067728
90.109646,0.483366,0.003176,0.067481
91.300037,0.481153,0.003075,0.066626
92.505769,0.480931,0.003162,0.067409
93.727484,0.480428,0.003338,0.068958
94.966108,0.479203,0.003295,0.069520
96.219918,0.479600,0.003240,0.070349
97.490785,0.475047,0.003229,0.071004
98.778608,0.472653,0.003237,0.068926
100.083688,0.474403,0.003319,0.070312
101.405267,0.475003,0.003412,0.073297
102.744604,0.472472,0.003272,0.074202
104.101639,0.472597,0.003335,0.074555
105.476656,0.472741,0.003335,0.075513
106.869778,0.470281,0.003411,0.073438
108.281588,0.468119,0.003309,0.070837
109.711897,0.469178,0.003333,0.071169
111.161001,0.467225,0.003612,0.070113
112.628777,0.466766,0.003189,0.068968
114.116822,0.465491,0.003524,0.069561
115.623951,0.467850,0.003385,0.071232
117.151258,0.464031,0.003356,0.071938
118.698435,0.461028,0.003376,0.072353
120.266473,0.463947,0.003499,0.075104
121.854698,0.463575,0.003194,0.073903
123.464363,0.464409,0.003415,0.073019
125.095041,0.462397,0.003404,0.073069
126.747568,0.462134,0.003413,0.072396
128.421348,0.461594,0.003370,0.074324
130.117590,0.463522,0.003435,0.072362
131.836160,0.463428,0.003258,0.072517
133.577697,0.464150,0.003378,0.072944
135.342087,0.464194,0.003346,0.075364
137.129545,0.463219,0.003476,0.075148
138.940964,0.464969,0.003339,0.078023
140.776085,0.463413,0.003367,0.077403
142.635781,0.463281,0.003538,0.076691
144.519578,0.462578,0.003445,0.075022
146.428216,0.461809,0.003453,0.076682
148.362334,0.461213,0.003420,0.076269
150.321962,0.463387,0.003411,0.076760
152.307395,0.463453,0.003358,0.074267
154.319348,0.459841,0.003364,0.075305
156.357404,0.460422,0.003328,0.075220
158.423027,0.461094,0.003699,0.077566
160.515429,0.457228,0.003575,0.076703
162.635550,0.459534,0.003494,0.076409
164.783758,0.457350,0.003550,0.075702
166.960332,0.457191,0.003394,0.074793
169.165555,0.457622,0.003367,0.075278
171.399669,0.455966,0.003321,0.075752
173.663782,0.454200,0.003625,0.077004
175.957583,0.453709,0.003549,0.077878
178.281895,0.451037,0.003533,0.076869
180.636849,0.450925,0.003677,0.077194
183.022506,0.450272,0.003565,0.078120
185.440233,0.451634,0.003577,0.080800
187.889589,0.449994,0.003468,0.081042
190.371032,0.447972,0.003733,0.079467
192.885766,0.447681,0.003591,0.083352
195.433525,0.449722,0.003848,0.082842
198.014683,0.448256,0.003769,0.078517
200.630362,0.450194,0.003710,0.077871
203.280268,0.448366,0.003626,0.079077
205.965401,0.446084,0.003732,0.080531
208.685777,0.444253,0.003681,0.075953
211.442219,0.445172,0.003558,0.076254
214.235152,0.442437,0.003618,0.076488
217.065055,0.442216,0.003685,0.075927
219.931978,0.444056,0.003717,0.077518
222.836693,0.443956,0.003615,0.076917
225.780052,0.444422,0.003570,0.078761
228.762490,0.442925,0.003674,0.080161
231.783834,0.442534,0.003688,0.079192
234.845299,0.439447,0.003744,0.080560
237.947244,0.441447,0.003600,0.080025
241.090746,0.439806,0.003594,0.077779
244.275176,0.438147,0.003793,0.074195
247.501343,0.439306,0.003685,0.075572
250.770374,0.440559,0.003581,0.076850
254.082918,0.439944,0.003850,0.078509
257.438729,0.438194,0.003607,0.079517
260.839430,0.439406,0.003554,0.078992
264.284687,0.436003,0.003663,0.077076
267.775853,0.436231,0.003648,0.079052
271.312244,0.436028,0.003809,0.080658
274.896037,0.435388,0.003665,0.081312
278.527341,0.436012,0.003966,0.082225
282.206238,0.432559,0.003859,0.082896
285.933768,0.433306,0.003911,0.081322
289.710470,0.431984,0.003909,0.081604
293.537253,0.431472,0.003981,0.081656
297.414524,0.432219,0.003886,0.081001
301.342347,0.430103,0.003616,0.080525
305.323051,0.434153,0.004022,0.080656
309.355826,0.430863,0.003986,0.079955
313.441927,0.430528,0.003831,0.081783
317.582317,0.431584,0.003846,0.080805
321.776934,0.432381,0.003843,0.080213
326.027148,0.431294,0.003769,0.081247
330.333284,0.431478,0.003727,0.081285
334.696712,0.433906,0.003625,0.082447
339.117593,0.437241,0.003532,0.083138
343.597158,0.433856,0.003826,0.082833
348.135212,0.435122,0.003885,0.084565
352.733907,0.435475,0.003942,0.084089
357.392883,0.434278,0.003792,0.083702
362.113451,0.435231,0.003840,0.084708
366.896121,0.433178,0.003637,0.080914
371.742760,0.435781,0.003588,0.081025
376.652834,0.433944,0.003585,0.079020
381.628008,0.432356,0.003807,0.075747
386.668676,0.432147,0.003646,0.077572
391.776400,0.434225,0.003735,0.080668
396.951163,0.434337,0.003665,0.082050
402.194173,0.434212,0.003658,0.084353
407.506457,0.432053,0.003676,0.082071
412.889267,0.429203,0.003795,0.081332
418.342784,0.431469,0.003978,0.081595
423.868599,0.431231,0.003849,0.081499
429.467360,0.433494,0.003855,0.084092
435.140411,0.433194,0.003709,0.081969
440.887494,0.432166,0.003505,0.080858
446.711430,0.430322,0.003892,0.082390
452.611498,0.428956,0.003705,0.083009
458.590120,0.426056,0.003888,0.083924
464.647371,0.426728,0.004064,0.079751
470.784839,0.425941,0.003807,0.080081
477.003476,0.426441,0.003959,0.082721
483.303920,0.427091,0.003974,0.082936
489.687895,0.424878,0.004020,0.081004
496.155795,0.428912,0.003841,0.084319
502.709334,0.433809,0.003724,0.086113
509.349513,0.433009,0.003710,0.083184
516.077309,0.431106,0.003897,0.083756
522.894152,0.430453,0.003896,0.082663
529.800738,0.428700,0.003870,0.082498
536.799210,0.429738,0.003866,0.080468
543.889361,0.428994,0.004003,0.079879
551.072969,0.429091,0.003770,0.078216
558.352351,0.426759,0.003834,0.081049
565.727206,0.425475,0.003702,0.078722
573.199763,0.426463,0.003773,0.081298
580.771273,0.428228,0.003708,0.078295
588.442350,0.425334,0.003630,0.081073
596.215111,0.428397,0.003821,0.082075
604.090219,0.429025,0.003904,0.078105
612.069394,0.431966,0.003742,0.078260
620.154290,0.427422,0.003822,0.081997
628.345789,0.429931,0.003896,0.083419
636.645045,0.430997,0.003776,0.085796
645.054151,0.430734,0.003701,0.083089
653.574578,0.432116,0.003914,0.086173
662.207721,0.429628,0.003984,0.089696
670.954367,0.430487,0.003856,0.087020
679.816915,0.426066,0.003859,0.083493
688.796253,0.426831,0.003919,0.086363
697.894690,0.428128,0.003824,0.086592
707.112911,0.426613,0.003725,0.085893
716.453054,0.426159,0.003882,0.081297
725.916480,0.426541,0.003778,0.087063
735.504802,0.425297,0.003897,0.088937
745.220021,0.422972,0.003845,0.087101
755.063598,0.422316,0.003957,0.086113
765.036721,0.416991,0.004004,0.084722
775.141950,0.423106,0.004074,0.086767
785.380724,0.421363,0.004008,0.087681
795.754276,0.425762,0.003946,0.088405
806.265502,0.423538,0.004030,0.088644
816.915080,0.424200,0.003989,0.088251
827.706124,0.423706,0.004388,0.087266
838.638620,0.425550,0.004147,0.084296
849.715673,0.422878,0.003914,0.086466
860.939735,0.427228,0.004181,0.083552
872.311498,0.427513,0.004251,0.088911
883.833642,0.428275,0.004082,0.089043
895.507833,0.428791,0.003824,0.086810
907.336455,0.426672,0.004119,0.090377
919.321416,0.429931,0.003979,0.092840
931.464339,0.424466,0.004040,0.089596
943.767772,0.424719,0.003960,0.090569
956.233737,0.420825,0.004235,0.090013
968.864778,0.420716,0.004163,0.090207
981.662302,0.420316,0.004102,0.088445
994.628571,0.421147,0.003951,0.089050
1007.766528,0.420788,0.004191,0.089509
1021.077766,0.421019,0.004011,0.087344
1034.564730,0.423037,0.004079,0.088239
1048.230662,0.422772,0.004087,0.086165
1062.076176,0.414566,0.004006,0.087499
1076.104761,0.419175,0.004140,0.087475
1090.318785,0.416806,0.003880,0.084005
1104.720857,0.414812,0.004045,0.083769
1119.312522,0.412531,0.003887,0.088617
1134.096916,0.415137,0.003888,0.088404
1149.077700,0.414372,0.004241,0.088236
1164.255145,0.413334,0.004150,0.090451
1179.633584,0.409181,0.004131,0.086792
1195.215132,0.415203,0.004351,0.092272
1211.002654,0.415397,0.004103,0.088535
1226.998439,0.415003,0.004144,0.091505
1243.205821,0.413738,0.004194,0.089301
1259.626477,0.417659,0.004198,0.091284
1276.264793,0.411397,0.004130,0.089077
1293.122866,0.413069,0.004254,0.088126
1310.203535,0.414441,0.004034,0.087158
1327.509523,0.411919,0.003980,0.088160
1345.044383,0.412425,0.004779,0.092628
1362.810574,0.414262,0.003916,0.088611
1380.812164,0.408922,0.004556,0.084367
1399.050648,0.413291,0.004320,0.086478
1417.530283,0.415403,0.004371,0.090622
1436.254459,0.417797,0.004402,0.091002
1455.225558,0.417078,0.004203,0.092501
1474.447610,0.417975,0.005250,0.091742
1493.922847,0.417362,0.004582,0.091416
1513.656011,0.416653,0.004404,0.092429
1533.649181,0.416534,0.004038,0.093547
1553.907127,0.414253,0.004702,0.097555
1574.432307,0.411762,0.004512,0.092289
1595.228833,0.416297,0.004643,0.092098
1616.299799,0.415603,0.005362,0.093064
1637.648851,0.415184,0.004775,0.093130
1659.280132,0.414028,0.005036,0.093449
1681.197024,0.418237,0.004483,0.095471
1703.403687,0.418244,0.004158,0.091836
1725.903523,0.418766,0.004227,0.085647
1748.700767,0.416550,0.004315,0.093860
1771.799279,0.417275,0.005950,0.093649
1795.202531,0.421416,0.006424,0.089185
1818.914760,0.420822,0.004288,0.090612
1842.940178,0.416328,0.004236,0.093161
1867.283524,0.421534,0.004176,0.094780
1891.948124,0.416981,0.004055,0.091999
1916.938658,0.417666,0.004804,0.093158
1942.258918,0.416681,0.004565,0.091894
1967.913797,0.414847,0.004082,0.088496
1993.907500,0.413047,0.004040,0.090266
2020.244680,0.419263,0.004092,0.091584
2046.929704,0.413762,0.004712,0.089219
2073.967446,0.414619,0.004172,0.089925
2101.361564,0.416400,0.004490,0.090540
2129.118338,0.417769,0.004163,0.091320
2157.241104,0.419331,0.004124,0.086859
2185.735659,0.421788,0.004079,0.089944
2214.606743,0.423884,0.004583,0.089704
2243.858904,0.421831,0.004146,0.089843
2273.497900,0.421909,0.004299,0.090028
2303.528220,0.417781,0.004601,0.091277
2333.955107,0.416016,0.004181,0.090179
2364.783429,0.418325,0.004171,0.090119
2396.019561,0.411863,0.004248,0.090090
2427.667760,0.419434,0.004052,0.086756
2459.734526,0.416172,0.004145,0.090523
2492.224671,0.414966,0.004193,0.090998
2525.144207,0.418209,0.004092,0.087194
2558.498205,0.425216,0.003804,0.086373
2592.293035,0.423331,0.004032,0.086147
2626.533997,0.420653,0.004036,0.084302
2661.227238,0.425069,0.003943,0.086461
2696.378992,0.421278,0.003870,0.091900
2731.995237,0.421150,0.004068,0.086341
2768.081637,0.421906,0.004229,0.089355
2804.644801,0.420716,0.004047,0.086044
2841.690344,0.414959,0.003965,0.085936
2879.225917,0.423300,0.003920,0.080333
2917.256723,0.423050,0.003840,0.083208
2955.790353,0.423519,0.003860,0.087299
2994.833165,0.428812,0.004009,0.085679
3034.391375,0.430919,0.003937,0.084954
3074.471727,0.426247,0.003766,0.084480
3115.082174,0.420303,0.004030,0.081788
3156.228432,0.424409,0.003883,0.082862
3197.918440,0.428512,0.003729,0.086304
3240.159055,0.426956,0.003763,0.082049
3282.957757,0.426094,0.003967,0.090460
3326.321807,0.426147,0.004118,0.085232
3370.258652,0.425666,0.003919,0.085947
3414.775822,0.424278,0.003886,0.087291
3459.881006,0.423709,0.004097,0.087023
3505.581829,0.423831,0.004158,0.088144
3551.886387,0.423472,0.004013,0.088437
3598.802499,0.421319,0.004200,0.086962
3646.338577,0.421025,0.003934,0.087698
3694.502412,0.419547,0.003975,0.086390
3743.302501,0.423022,0.004331,0.091677
3792.747234,0.409875,0.004333,0.088380
3842.844735,0.413472,0.004103,0.088932
3893.604418,0.413109,0.004305,0.090782
3945.034446,0.412831,0.004314,0.091157
3997.143602,0.418188,0.004144,0.089590
4049.940975,0.413997,0.004012,0.087774
4103.435841,0.418606,0.004293,0.089567
-nan,0.416372,-nan,0.086274
4212.555053,0.417950,0.004290,0.087228
4268.198105,0.418959,0.004283,0.091833
4324.575687,0.419175,0.004061,0.085819
4381.698025,0.420800,0.004380,0.086953
-nan,0.417662,-nan,0.087347
4498.216629,0.420438,0.003982,0.084504
4557.633328,0.413909,0.004434,0.090277
4617.834099,0.417163,0.003920,0.084977
4678.830068,0.416375,0.003759,0.087110
4740.632101,0.416228,0.004417,0.090535
4803.250015,0.418300,0.003895,0.092097
4866.695289,0.422291,0.003911,0.087963
4930.978628,0.420650,0.004170,0.088851
4996.110984,0.424684,0.004025,0.087031
5062.103540,0.422072,0.003995,0.086596
5128.968250,0.422431,0.004215,0.082440
5196.715629,0.427319,0.004596,0.086672
5265.358240,0.423109,0.004011,0.086806
5334.907735,0.421747,0.004072,0.086454
5405.375075,0.423119,0.004062,0.086031
5476.773800,0.419666,0.004131,0.081748
5549.115489,0.422231,0.004233,0.087164
5622.412933,0.421828,0.004052,0.084756
5696.678460,0.422969,0.003984,0.087526
5771.924563,0.430116,0.003948,0.085686
5848.165166,0.427903,0.004424,0.089985
5925.412648,0.425053,0.004037,0.088399
6003.680603,0.416722,0.004584,0.092718
6082.981923,0.413966,0.003948,0.089669
6163.331472,0.411756,0.004861,0.093888
6244.741410,0.413997,0.004337,0.088742
6327.227445,0.417738,0.004671,0.093573
6410.802802,0.424244,0.004316,0.090827
6495.481514,0.424341,0.004323,0.093502
6581.279281,0.412609,0.004427,0.091796
6668.210161,0.415066,0.004152,0.087677
6756.289554,0.419356,0.004173,0.086445
6845.531989,0.423753,0.004146,0.085450
6935.953591,0.425066,0.004103,0.092313
7027.569528,0.420172,0.004369,0.089159
7120.395524,0.417778,0.004498,0.088456
7214.447237,0.418309,0.004265,0.090333
7309.741989,0.414072,0.004627,0.091531
7406.294731,0.421522,0.004186,0.091551
7504.123232,0.423481,0.004366,0.091636
7603.244002,0.416084,0.003963,0.088118
7703.674015,0.420481,0.004069,0.085376
7805.430555,0.421531,0.003975,0.088228
7908.531214,0.417216,0.004334,0.088331
8012.993381,0.420597,0.004197,0.087804
8118.835894,0.420612,0.004246,0.093262
8226.076051,0.424544,0.004120,0.093149
8334.732861,0.419809,0.004056,0.089020
8444.825210,0.418303,0.004411,0.091225
8556.371569,0.415919,0.004328,0.091141
8669.391207,0.415444,0.004786,0.092516
8783.903397,0.411913,0.004288,0.096993
8899.928662,0.410397,0.004206,0.089465
9017.486297,0.407581,0.004069,0.087009
9136.596800,0.415303,0.004067,0.091597
9257.280413,0.417100,0.004184,0.085909
9379.558184,0.425022,0.004000,0.092849
9503.222463,0.420772,4.570224,0.090455
9628.980382,0.424463,-nan,0.089135
9756.168487,0.420481,-nan,0.091301
9885.035870,0.426141,-nan,0.092395
10015.605512,0.420575,-nan,0.087708
10147.900172,0.413228,-nan,0.091984
10281.942426,0.412328,-nan,0.097187
10417.510467,0.413531,-nan,0.094942
10555.361021,0.415666,-nan,0.091722
10694.784764,0.414537,-nan,0.093514
10836.050330,0.412691,-nan,0.095657
10979.181962,0.411947,-nan,0.093873
11124.204227,0.410941,-nan,0.092341
11271.142291,0.416122,-nan,0.094483
11420.020453,0.414100,-nan,0.095085
11570.865900,0.413303,-nan,0.098713
11723.703326,0.417266,-nan,0.099190
11878.559397,0.409897,-nan,0.091934
12035.461632,0.416594,-nan,0.095307
12194.436025,0.417131,-nan,0.093112
12355.510255,0.417172,-nan,0.096566
12518.712033,0.418494,-nan,0.095155
12684.035979,0.415788,-nan,0.097282
12851.611359,0.410906,-nan,0.095388
13021.366578,0.414203,-nan,0.090993
13193.363418,0.417291,-nan,0.090669
13367.631961,0.424228,-nan,0.089471
13544.202910,0.416481,-nan,0.093494
13723.106308,0.418003,-nan,0.096641
13904.372150,0.417534,-nan,0.095343
14088.033020,0.412175,-nan,0.095806
14274.119309,0.406413,-nan,0.099519
14462.664042,0.410138,-nan,0.099222
14653.699087,0.411431,-nan,0.095233
14847.257318,0.407747,-nan,0.100250
15043.371976,0.414516,-nan,0.096447
15242.077610,0.416575,-nan,0.096398
15443.407924,0.416566,-nan,0.099181
15647.379510,0.417712,-nan,0.104254
15854.080696,0.413966,-nan,0.098615
16063.494709,0.411806,-nan,0.097870
16275.674946,0.410756,-nan,0.099368
16490.657721,0.412616,-nan,0.101692
16708.480075,0.413162,-nan,0.097158
16929.179399,0.415050,-nan,0.100023
17152.793518,0.417047,-nan,0.099543
17379.362476,0.414534,-nan,0.099419
17608.923554,0.410959,-nan,0.098503
17841.516796,0.415206,-nan,0.098808
18077.182680,0.415000,-nan,0.101586
18315.961362,0.416944,-nan,0.104018
18557.893950,0.419603,-nan,0.098334
18803.021738,0.419666,-nan,0.099280
19051.387949,0.414828,-nan,0.102922
19303.034531,0.410647,-nan,0.098544
19558.005025,0.413066,-nan,0.092938
19816.343452,0.406222,-nan,0.103273
20078.094415,0.412609,-nan,0.100405
20343.302831,0.417584,-nan,0.095520
20612.014087,0.415269,-nan,0.100484
20884.274619,0.417969,-nan,0.098828
21160.131415,0.419406,-nan,0.099880
21439.632353,0.414709,-nan,0.099766
21722.824945,0.410528,-nan,0.104065
22009.758043,0.419088,-nan,0.098242
22300.481017,0.421416,-nan,0.100043
22595.044768,0.413803,-nan,0.103600
22893.499012,0.411119,-nan,0.103078
23195.895685,0.406572,-nan,0.100294
23502.286334,0.403834,-nan,0.103292
23812.723864,0.419831,-nan,0.098781
24127.262666,0.412856,-nan,0.099572
24445.955195,0.419625,-nan,0.101219
24768.857993,0.413512,-nan,0.096247
25096.025650,0.411259,-nan,0.096815
25427.515436,0.412869,-nan,0.097154
25763.382826,0.414969,-nan,0.098663
26103.687324,0.412834,-nan,0.097857
26448.486602,0.413472,-nan,0.098771
26797.840563,0.411825,-nan,0.101417
27151.808435,0.417816,-nan,0.098189
27510.452372,0.415003,-nan,0.091819
27873.833723,0.414484,-nan,0.097909
28242.014459,0.415053,-nan,0.097471
28615.058897,0.415831,-nan,0.099910
28993.030285,0.420050,-nan,0.101087
29375.994346,0.419159,-nan,0.101353
29764.016709,0.419503,-nan,0.098775
30157.165133,0.416200,-nan,0.095944
30555.506041,0.420284,-nan,0.099425
30959.109069,0.419466,-nan,0.098413
31368.042574,0.415956,-nan,0.096549
31782.378396,0.406387,-nan,0.094575
32202.186465,0.414594,-nan,0.093896
32627.539810,0.421231,-nan,0.099286
33058.511494,0.421216,-nan,0.093257
33495.176311,0.417503,-nan,0.099205
33937.608863,0.409225,-nan,0.098774
34385.346077,0.409494,-nan,0.103768
34840.082532,0.412031,-nan,0.100273
35300.279063,0.420672,-nan,0.102062
35766.555030,0.413025,-nan,0.096483
36238.989561,0.413891,-nan,0.103062
36717.373141,0.404963,-nan,0.102545
37202.661970,0.413766,-nan,0.101314
37693.662343,0.420928,-nan,0.098895
38191.960631,0.410931,-nan,0.099769
38696.431958,0.418572,-nan,0.099853
39207.567005,0.416772,-nan,0.103294
39725.453337,0.409572,-nan,0.102025
40250.180404,0.416222,-nan,0.100521
40781.838817,0.413600,-nan,0.106720
41320.519203,0.414728,-nan,0.100932
41866.315586,0.413237,-nan,0.102649
42419.320524,0.417838,-nan,0.101541
42979.184086,0.411475,-nan,0.104474
43547.341806,0.418059,-nan,0.105526
44122.550641,0.413600,-nan,0.099394
44705.358826,0.414597,-nan,0.102347
45295.864462,0.417456,-nan,0.103056
45894.170741,0.407897,-nan,0.105679
46498.865386,0.408422,-nan,0.105466
47114.594938,0.416428,-nan,0.102765
47736.923970,0.413291,-nan,0.103540
48367.473253,0.420459,-nan,0.105688
49006.351403,0.410063,-nan,0.105970
49653.668263,0.406013,-nan,0.104999
50309.535734,0.407537,-nan,0.110531
50974.066070,0.407519,-nan,0.107277
51647.374369,0.409075,-nan,0.106472
52329.575984,0.405975,-nan,0.104608
53020.788987,0.413112,-nan,0.108315
53721.131865,0.422678,-nan,0.106250
54430.043679,0.405519,-nan,0.107134
55149.692429,0.412203,-nan,0.107801
55878.155422,0.413384,-nan,0.107385
56615.419672,0.412544,-nan,0.106982
57364.076111,0.405256,-nan,0.106465
58121.429320,0.414269,-nan,0.112901
58889.509795,0.410941,-nan,0.106775
59667.372070,0.408416,-nan,0.103007
60455.508706,0.409412,-nan,0.106234
61254.055550,0.416203,-nan,0.107475
62063.150825,0.411478,-nan,0.108157
62882.932893,0.408163,-nan,0.106401
63713.154832,0.410897,-nan,0.109871
64555.124757,0.408850,-nan,0.107845
65407.823225,0.404094,-nan,0.110606
66271.466056,0.406019,-nan,0.113984
67147.157795,0.410359,-nan,0.112538
68034.093881,0.409903,-nan,0.109877
68932.745006,0.407559,-nan,0.110613
69843.266469,0.411428,-nan,0.110539
70765.814973,0.403700,-nan,0.116423
71700.549045,0.416578,-nan,0.109879
72647.630254,0.410919,-nan,0.109693
73607.221047,0.399206,-nan,0.110174
74579.487001,0.406666,-nan,0.112629
75564.595029,0.409106,-nan,0.114231
76562.715945,0.397741,-nan,0.112697
77574.020824,0.406316,-nan,0.116052
78595.615973,0.402131,-nan,0.112840
79636.880101,0.409975,-nan,0.111758
80688.790882,0.403938,-nan,0.115634
81754.596000,0.405597,-nan,0.115707
82834.479434,0.399353,-nan,0.116154
83928.626546,0.398400,-nan,0.113911
85037.226260,0.411072,-nan,0.112886
86159.768467,0.402778,-nan,0.113486
87298.549419,0.403569,-nan,0.117080
88451.661430,0.399659,-nan,0.119561
89620.004985,0.415484,-nan,0.116333
90802.038748,0.402969,-nan,0.121794
92003.193712,0.407231,-nan,0.121502
93218.448966,0.410187,-nan,0.117519
94449.756270,0.411113,-nan,0.117446
95697.328126,0.399056,-nan,0.121645
96961.378774,0.398444,-nan,0.118775
98241.749347,0.402488,-nan,0.124301
99539.790333,0.402250,-nan,0.123056
100852.656029,0.396944,-nan,0.122749
102181.949094,0.401984,-nan,0.129153
103536.536049,0.394291,-nan,0.129481
104903.722248,0.400397,-nan,0.125322
106289.795172,0.401237,-nan,0.125533
107693.759725,0.399103,-nan,0.125313
109114.503079,0.399703,-nan,0.125908
110557.568600,0.394941,-nan,0.127049
112017.191693,0.400959,-nan,0.127425
113497.532192,0.399328,-nan,0.125580
114996.702520,0.401166,-nan,0.128244
116515.675836,0.401106,-nan,0.127589
118054.712165,0.398822,-nan,0.126232
119614.077987,0.402666,-nan,0.129896
121194.040948,0.397359,-nan,0.128604
122794.873368,0.396037,-nan,0.126372
124416.851467,0.393653,-nan,0.127827
126059.352337,0.390366,-nan,0.127058
127725.362710,0.395534,-nan,0.127983
129412.466743,0.401222,-nan,0.128277
131121.243358,0.396150,-nan,0.126868
132853.822318,0.396588,-nan,0.127184
134608.667433,0.395781,-nan,0.131319
136386.691196,0.398850,-nan,0.128777
138188.201180,0.400397,-nan,0.129809
140012.505737,0.398547,-nan,0.130240
141859.601568,0.395469,-nan,0.130216
143736.767383,0.392859,-nan,0.130347
145635.363327,0.392400,-nan,0.132816
147559.037474,0.395388,-nan,0.129641
149508.120801,0.389900,-nan,0.130790
151482.719313,0.393622,-nan,0.133077
153483.863047,0.390672,-nan,0.132775
155511.207155,0.390613,-nan,0.132197
157565.329237,0.395150,-nan,0.130569
159646.584430,0.389409,-nan,0.133896
161755.330392,0.393441,-nan,0.131401
163889.325316,0.393800,-nan,0.132946
166056.752507,0.390278,-nan,0.133185
168250.169753,0.392128,-nan,0.134621
170471.505983,0.398688,-nan,0.134022
172724.303319,0.400084,-nan,0.131306
175005.791048,0.395887,-nan,0.133992
177317.414214,0.393263,-nan,0.131799
179658.802402,0.393472,-nan,0.136701
182032.665743,0.389522,-nan,0.131714
184437.105972,0.393722,-nan,0.132962
186873.305719,0.389109,-nan,0.130702
189340.914162,0.393331,-nan,0.136285
191836.164486,0.390712,-nan,0.139026
194376.688264,0.395191,-nan,0.137659
196944.178673,0.388922,-nan,0.136375
199542.538237,0.387184,-nan,0.136744
202181.347468,0.385250,-nan,0.138532
204851.928992,0.379803,-nan,0.138647
207553.295194,0.387022,-nan,0.143024
210299.382356,0.381734,-nan,0.142825
213075.489069,0.386581,-nan,0.143015
215891.695577,0.384847,-nan,0.142271
218740.553627,0.390034,-nan,0.142896
221631.676103,0.387737,-nan,0.143730
224560.230960,0.382403,-nan,0.141313
227526.410811,0.390819,-nan,0.144173
230531.770484,0.383809,-nan,0.147120
233573.142068,0.388609,-nan,0.145741
236656.146476,0.383019,-nan,0.144388
239788.138093,0.379741,-nan,0.144953
242949.133849,0.385434,-nan,0.146092
246160.954707,0.381512,-nan,0.146108
249412.926907,0.378825,-nan,0.144625
252710.667516,0.382212,-nan,0.148882
256048.681787,0.383128,-nan,0.146374
259425.038461,0.379203,-nan,0.150893
262857.567596,0.374181,-nan,0.150223
266319.438814,0.374675,-nan,0.154915
269837.316306,0.376356,-nan,0.152502
273402.070068,0.373738,-nan,0.157012
277023.341938,0.377244,-nan,0.157496
280682.115154,0.374459,-nan,0.154426
284388.640378,0.380506,-nan,0.155575
288136.900211,0.374731,-nan,0.158714
291952.530289,0.367119,-nan,0.158357
295808.884348,0.373606,-nan,0.159019
299716.176002,0.377422,-nan,0.160103
303671.088819,0.371422,-nan,0.159218
307676.983934,0.372341,-nan,0.163320
311746.629007,0.372881,-nan,0.165512
315865.844551,0.369509,-nan,0.161606
320034.204951,0.370119,-nan,0.166086
324267.932521,0.365875,-nan,0.167779
328543.547194,0.365037,-nan,0.166451
332890.137919,0.361188,-nan,0.166130
337284.621881,0.358659,-nan,0.167738
341743.200690,0.358509,-nan,0.166415
346254.841863,0.356334,-nan,0.167038
350830.887725,0.359359,-nan,0.168936
355461.559149,0.359313,-nan,0.169967
360150.057839,0.349750,-nan,0.167757
364905.067720,0.359722,-nan,0.172617
369734.945563,0.355975,-nan,0.172541
374621.476844,0.362291,-nan,0.172667
379569.791690,0.359097,-nan,0.174717
384574.716191,0.351344,-nan,0.173232
389656.383053,0.355800,-nan,0.172939
394807.689465,0.357597,-nan,0.173242
400025.356571,0.348244,-nan,0.172797
405309.227477,0.349453,-nan,0.169404
410653.283268,0.356656,-nan,0.176364
416073.006496,0.358859,-nan,0.180187
421571.013038,0.346334,-nan,0.176920
427151.927447,0.351131,-nan,0.180047
432794.109323,0.346906,-nan,0.179989
438508.904782,0.349431,-nan,0.178359
444291.213159,0.344641,-nan,0.181588
450171.763248,0.348691,-nan,0.180216
456113.810995,0.340437,-nan,0.178001
462130.871156,0.345391,-nan,0.178685
468238.120047,0.347291,-nan,0.182707
474423.673168,0.340428,-nan,0.182634
480686.940793,0.341031,-nan,0.182208
487026.328690,0.337175,-nan,0.180723
