0.000000,0.995000,0.000000,-nan
1.002984,0.840700,0.001756,0.025777
1.014194,0.839555,0.001763,0.026084
1.025475,0.838570,0.001749,0.025783
1.036933,0.837135,0.001711,0.025926
1.048755,0.835865,0.001689,0.026406
1.060497,0.834585,0.001664,0.026878
1.072344,0.833295,0.001645,0.026711
1.084482,0.832055,0.001653,0.026782
1.096624,0.830875,0.001681,0.026700
1.108840,0.829895,0.001712,0.026782
1.121313,0.828985,0.001733,0.026979
1.133818,0.827755,0.001733,0.027015
1.146477,0.826400,0.001748,0.027121
1.159329,0.824690,0.001799,0.027156
1.172404,0.823110,0.001813,0.027073
1.185631,0.822180,0.001783,0.027019
1.198903,0.820700,0.001745,0.027154
1.212293,0.819385,0.001708,0.027299
1.225807,0.818200,0.001735,0.027440
1.239603,0.817230,0.001794,0.027844
1.253516,0.815765,0.001788,0.027675
1.267840,0.814330,0.001800,0.028054
1.281842,0.812885,0.001806,0.028182
1.296227,0.811925,0.001680,0.028201
1.310546,0.810880,0.001831,0.028236
1.325635,0.809305,0.001813,0.028459
1.340191,0.808290,0.001734,0.028587
1.355193,0.806990,0.001808,0.028889
1.370597,0.806070,0.001817,0.029064
1.385782,0.804965,0.001765,0.029299
1.401406,0.803710,0.001818,0.029802
1.416946,0.802910,0.001789,0.029905
1.433229,0.801855,0.001833,0.029738
1.449018,0.800450,0.001799,0.030158
1.465654,0.798920,0.001745,0.030365
1.481960,0.797985,0.001847,0.030843
1.498489,0.796595,0.001813,0.031300
1.515317,0.795290,0.001803,0.031014
1.532351,0.793970,0.001865,0.031250
1.549315,0.792595,0.001830,0.031133
1.566870,0.791450,0.001762,0.030846
1.584549,0.790140,0.001813,0.030693
1.602179,0.789100,0.001867,0.031339
1.620245,0.788095,0.001813,0.031214
1.638411,0.786715,0.001798,0.031507
1.656734,0.785235,0.001813,0.031557
1.675358,0.783760,0.001856,0.032180
1.694020,0.782535,0.001864,0.032182
1.713057,0.781670,0.001883,0.032644
1.732237,0.780200,0.001862,0.033141
1.751726,0.778620,0.001853,0.033129
1.771524,0.777175,0.001877,0.033293
1.791418,0.775470,0.001915,0.033788
1.811534,0.774145,0.001925,0.033900
1.831968,0.773395,0.001871,0.034097
1.852431,0.772130,0.001813,0.033587
1.873071,0.770820,0.001826,0.033189
1.894112,0.769340,0.001919,0.033280
1.915426,0.767890,0.001922,0.033383
1.936979,0.766280,0.001824,0.033541
1.958375,0.764855,0.001809,0.033922
1.980485,0.763415,0.002003,0.033993
2.003051,0.761700,0.001891,0.034361
2.025232,0.760150,0.001870,0.034738
2.048186,0.759070,0.001979,0.035012
2.071053,0.757415,0.001866,0.034835
2.094266,0.756325,0.001960,0.035140
2.117866,0.754675,0.001808,0.034945
2.141403,0.753480,0.001974,0.034833
2.165763,0.752330,0.001855,0.035015
2.189905,0.751250,0.001983,0.035213
2.214521,0.749765,0.001922,0.035351
2.239442,0.748700,0.001942,0.035557
2.264510,0.747065,0.001933,0.035928
2.290031,0.745875,0.001929,0.035694
2.315654,0.744390,0.001946,0.035566
2.341851,0.743515,0.001872,0.035474
2.367952,0.742415,0.001914,0.036011
2.394366,0.740795,0.001954,0.036699
2.421407,0.739395,0.001951,0.036558
2.448577,0.738285,0.002018,0.036299
2.476158,0.737045,0.001916,0.036359
2.503836,0.735270,0.001852,0.036414
2.531874,0.733590,0.001952,0.036175
2.560504,0.732240,0.002019,0.035975
2.589311,0.731285,0.001987,0.035734
2.618128,0.730195,0.002002,0.035598
2.647292,0.728610,0.001974,0.036045
2.677292,0.727225,0.002039,0.036774
2.707301,0.725645,0.001957,0.036783
2.737709,0.724570,0.001951,0.037137
2.768435,0.723100,0.002144,0.036833
2.799448,0.722160,0.001962,0.036606
2.830945,0.720595,0.001949,0.036601
2.862662,0.719075,0.002034,0.036377
2.895060,0.717805,0.002021,0.035795
2.927385,0.716880,0.001993,0.035857
2.960409,0.716060,0.002060,0.035972
2.993651,0.714820,0.002038,0.036533
3.027112,0.713880,0.002102,0.036656
3.061179,0.712605,0.001943,0.036619
3.095506,0.711305,0.002028,0.037037
3.130316,0.710520,0.002141,0.036151
3.165423,0.709425,0.002041,0.036494
3.200840,0.707795,0.002105,0.037091
3.236910,0.706680,0.002021,0.037256
3.273325,0.705165,0.002074,0.037181
3.310032,0.704100,0.002151,0.036898
3.347299,0.702725,0.002154,0.036790
3.384835,0.701075,0.002023,0.036948
3.422725,0.700180,0.002052,0.037664
3.460996,0.698755,0.001990,0.037765
3.500088,0.697900,0.002168,0.037997
3.539533,0.695760,0.002025,0.038223
3.579002,0.694680,0.002092,0.037969
3.619209,0.692575,0.002092,0.037785
3.660128,0.691310,0.002107,0.037958
3.701125,0.689890,0.001958,0.038648
3.742791,0.689025,0.002089,0.038955
3.784842,0.687710,0.002161,0.038916
3.827165,0.686935,0.002139,0.038832
3.870412,0.685645,0.002098,0.038362
3.913589,0.684450,0.002072,0.038766
3.957493,0.683985,0.002109,0.038926
4.001857,0.683335,0.002158,0.039660
4.046818,0.681740,0.002141,0.039516
4.092299,0.679670,0.002119,0.039666
4.138523,0.677810,0.002165,0.039362
4.184760,0.676280,0.002053,0.039861
4.231891,0.674895,0.002113,0.039883
4.279463,0.673820,0.002122,0.040091
4.327525,0.672895,0.002184,0.040231
4.376145,0.671625,0.002196,0.040418
4.425129,0.670275,0.002239,0.040720
4.474907,0.669885,0.002158,0.041032
4.525087,0.668825,0.002220,0.041107
4.576120,0.668675,0.002182,0.040992
4.627313,0.667585,0.002309,0.041482
4.679262,0.665120,0.002315,0.041579
4.731756,0.664220,0.002227,0.041754
4.785098,0.662900,0.002315,0.042109
4.838829,0.662430,0.002191,0.041963
4.892937,0.660845,0.002228,0.042721
4.948110,0.659125,0.002209,0.042737
5.003847,0.657190,0.002239,0.042262
5.059793,0.655085,0.002162,0.041762
5.116800,0.654160,0.002254,0.042173
5.174167,0.652730,0.002229,0.042562
5.232277,0.651430,0.002288,0.042481
5.290908,0.649385,0.002229,0.042610
5.350616,0.648555,0.002237,0.042189
5.410591,0.646000,0.002242,0.042793
5.471537,0.644405,0.002241,0.043405
5.532928,0.643060,0.002279,0.042672
5.595025,0.642035,0.002353,0.043365
5.657781,0.640410,0.002240,0.043314
5.721139,0.638195,0.002303,0.043377
5.785982,0.636705,0.002282,0.044254
5.850900,0.635315,0.002257,0.044764
5.916216,0.633895,0.002381,0.043842
5.982799,0.632700,0.002275,0.043456
6.050122,0.630460,0.002354,0.043533
6.117922,0.628485,0.002320,0.043957
6.186770,0.626680,0.002366,0.044159
6.256412,0.626005,0.002368,0.044067
6.326444,0.623940,0.002315,0.043832
6.397704,0.622530,0.002324,0.045004
6.469573,0.620005,0.002431,0.045544
6.542381,0.619045,0.002370,0.044077
6.615427,0.618890,0.002368,0.044763
6.690063,0.618280,0.002506,0.044724
6.765267,0.617860,0.002385,0.045603
6.841117,0.617030,0.002327,0.045245
6.917795,0.616630,0.002477,0.045334
6.995594,0.615655,0.002398,0.045996
7.074195,0.614410,0.002421,0.046103
7.153714,0.613980,0.002353,0.045989
7.233948,0.612460,0.002428,0.045810
7.315369,0.610980,0.002424,0.045567
7.397424,0.609820,0.002418,0.045322
7.480527,0.608270,0.002351,0.044450
7.564735,0.608390,0.002483,0.044651
7.649672,0.607555,0.002404,0.045232
7.735588,0.607470,0.002493,0.045200
7.822502,0.606565,0.002421,0.044281
7.910281,0.604955,0.002524,0.045153
7.999366,0.603875,0.002343,0.045302
8.089198,0.602630,0.002466,0.046022
8.180132,0.600885,0.002414,0.045121
8.271832,0.600405,0.002445,0.045096
8.364987,0.598385,0.002554,0.045300
8.458411,0.598165,0.002408,0.044817
8.553827,0.597220,0.002501,0.044985
8.650171,0.594720,0.002540,0.045733
8.747094,0.593945,0.002471,0.046569
8.845216,0.592195,0.002471,0.046690
8.944828,0.590285,0.002520,0.046552
9.044978,0.589370,0.002499,0.046175
9.146831,0.588885,0.002571,0.046802
9.249554,0.587980,0.002455,0.046423
9.353479,0.586735,0.002470,0.046988
9.458361,0.585470,0.002494,0.047156
9.564749,0.584410,0.002703,0.047000
9.672377,0.583395,0.002446,0.047308
9.780803,0.582450,0.002558,0.048877
9.890693,0.581075,0.002510,0.049763
10.001856,0.579665,0.002525,0.050258
10.114414,0.578245,0.002652,0.050097
10.228109,0.576045,0.002536,0.049931
10.343086,0.574400,0.002556,0.049417
10.459082,0.573950,0.002721,0.049510
10.576654,0.572355,0.002635,0.049891
10.695387,0.570405,0.002608,0.050080
10.815740,0.569650,0.002474,0.049980
10.937243,0.568650,0.002608,0.050407
11.059928,0.568385,0.002620,0.051554
11.184365,0.566135,0.002562,0.051413
11.310050,0.565200,0.002637,0.051752
11.437093,0.562270,0.002631,0.052124
11.565664,0.561030,0.002679,0.051744
11.695613,0.559940,0.002673,0.051272
11.826754,0.558480,0.002617,0.050459
11.959704,0.557635,0.002694,0.051256
12.093998,0.555290,0.002636,0.051354
12.229793,0.554825,0.002709,0.052143
12.367472,0.553255,0.002791,0.052642
12.506668,0.551800,0.002767,0.051492
12.646735,0.551020,0.002697,0.051549
12.789275,0.550005,0.002549,0.052360
12.932828,0.549440,0.002730,0.052833
13.078135,0.548690,0.002706,0.052158
13.225147,0.547900,0.002615,0.052002
13.373593,0.547985,0.002663,0.052184
13.523940,0.547050,0.002842,0.050795
13.675965,0.547330,0.002598,0.052149
13.829539,0.544630,0.002703,0.053164
13.984939,0.544285,0.002719,0.052356
14.141847,0.543740,0.002695,0.052664
14.300527,0.543350,0.002600,0.053617
14.461633,0.542740,0.002712,0.053697
14.624041,0.541820,0.002752,0.053965
14.788577,0.540815,0.002668,0.053646
14.954454,0.540795,0.002741,0.053483
15.122540,0.539445,0.002857,0.054230
15.292259,0.538280,0.002700,0.053257
15.464288,0.535785,0.002633,0.054351
15.638257,0.536135,0.002842,0.055060
15.813835,0.534840,0.002836,0.054633
15.991612,0.532800,0.002834,0.054574
16.171149,0.530890,0.002730,0.055464
16.353419,0.529350,0.002860,0.055339
16.536522,0.528395,0.002750,0.055488
16.722617,0.527955,0.002946,0.054877
16.910462,0.526865,0.002849,0.054325
17.100263,0.525025,0.002818,0.055463
17.292501,0.524105,0.002834,0.055232
17.486723,0.523440,0.002774,0.055828
17.683286,0.522595,0.002838,0.056147
17.882106,0.521570,0.002883,0.055425
18.082905,0.520035,0.002783,0.055941
18.285806,0.519145,0.002913,0.056833
18.491442,0.518545,0.002876,0.057808
18.699296,0.517175,0.002876,0.057827
18.909652,0.515055,0.002970,0.056239
19.122205,0.514560,0.003000,0.056032
19.336952,0.513165,0.003070,0.056504
19.553990,0.512205,0.003072,0.056555
19.774038,0.509570,0.002894,0.059004
19.996154,0.508915,0.002882,0.058903
20.221109,0.508520,0.002937,0.059235
20.448132,0.507300,0.002971,0.057476
20.678070,0.507040,0.003075,0.057134
20.910291,0.506160,0.002928,0.056255
21.145439,0.504300,0.002910,0.055520
21.382813,0.503615,0.003055,0.056942
21.623346,0.501185,0.002952,0.058076
21.866281,0.500705,0.003055,0.056772
22.111685,0.499710,0.002985,0.056795
22.360006,0.498465,0.002906,0.057365
22.611480,0.496860,0.003173,0.056599
22.865415,0.495320,0.002913,0.056678
23.122513,0.494555,0.003047,0.057147
23.382445,0.494300,0.003176,0.057284
23.645159,0.491220,0.003201,0.058286
23.910663,0.492025,0.003031,0.057676
24.179461,0.491460,0.003143,0.057215
24.451141,0.490815,0.003136,0.056692
24.725876,0.489885,0.002981,0.058050
25.003579,0.488550,0.003067,0.058153
25.284665,0.488765,0.003023,0.058363
25.569026,0.487380,0.003097,0.058332
25.856367,0.488240,0.003083,0.058740
26.146553,0.487960,0.002959,0.057954
26.440438,0.486715,0.003070,0.058440
26.737528,0.484925,0.003237,0.058433
27.038239,0.485130,0.003155,0.060180
27.341733,0.484305,0.003139,0.059759
27.649221,0.484010,0.003175,0.059637
27.959730,0.482435,0.003085,0.059816
28.274125,0.482475,0.003111,0.060185
28.591769,0.480925,0.003053,0.060334
28.913139,0.478355,0.003080,0.059875
29.237908,0.477645,0.003108,0.060845
29.566454,0.476615,0.003228,0.059987
29.898883,0.477845,0.003268,0.059953
30.234491,0.475840,0.003069,0.059551
30.574540,0.474005,0.003238,0.059469
30.918190,0.472955,0.003191,0.058967
31.265744,0.471385,0.003367,0.060169
31.616967,0.471880,0.003059,0.060954
31.972282,0.469625,0.003063,0.059645
32.331656,0.469250,0.003284,0.060356
32.694807,0.467955,0.003354,0.060478
33.062409,0.467620,0.003299,0.060413
33.433941,0.467725,0.003260,0.061168
33.810006,0.465145,0.003253,0.058880
34.189563,0.463960,0.003245,0.061838
34.574098,0.463000,0.003331,0.062390
34.962122,0.461350,0.003280,0.063311
35.355471,0.461655,0.003368,0.064259
35.752424,0.459320,0.003466,0.064013
36.154083,0.460865,0.003258,0.064044
36.560397,0.459990,0.003376,0.064681
36.971439,0.457545,0.003445,0.064615
37.387136,0.456465,0.003380,0.065668
37.806958,0.455800,0.003403,0.065367
38.232216,0.454975,0.003258,0.066196
38.661609,0.454020,0.003515,0.066996
39.095980,0.454510,0.003455,0.067408
39.535369,0.453140,0.003486,0.065788
39.979684,0.450125,0.003383,0.066287
40.428695,0.448140,0.003387,0.067368
40.883092,0.447750,0.003458,0.067042
41.342318,0.444600,0.003355,0.065941
41.807460,0.442635,0.003575,0.066062
42.277409,0.441645,0.003781,0.065166
42.752515,0.441145,0.003563,0.066888
43.233030,0.440775,0.003487,0.066770
43.718896,0.439875,0.003612,0.067225
44.210053,0.437730,0.003622,0.065771
44.707079,0.438430,0.003603,0.065228
45.209213,0.437770,0.003636,0.064510
45.717137,0.438415,0.003465,0.065849
46.230884,0.435320,0.003441,0.065667
46.750506,0.434670,0.003436,0.065559
47.276201,0.431240,0.003469,0.063000
47.807255,0.431270,0.003693,0.063500
48.344352,0.429565,0.003713,0.064791
48.887869,0.427640,0.003745,0.064159
49.437526,0.425420,0.003648,0.064621
49.992641,0.425775,0.003731,0.064631
50.554817,0.424630,0.003805,0.066587
51.122720,0.423480,0.003975,0.067071
51.697164,0.422415,0.003666,0.066824
52.278285,0.420795,0.003746,0.067384
52.865554,0.418915,0.003951,0.066840
53.460180,0.417720,0.003547,0.068988
54.060853,0.414715,0.003895,0.067581
54.668218,0.414600,0.003920,0.069130
55.282883,0.412825,0.003858,0.069820
55.903821,0.411915,0.003950,0.069866
56.532156,0.409210,0.003738,0.070648
57.167455,0.410160,0.003818,0.068317
57.809797,0.409420,0.003712,0.068314
58.459463,0.410245,0.003820,0.068798
59.116193,0.409295,0.003820,0.068744
59.780758,0.407560,0.003855,0.067743
60.452946,0.407790,0.003989,0.069256
61.132342,0.405995,0.003925,0.069366
61.818982,0.404775,0.003759,0.068865
62.514037,0.402655,0.003968,0.069067
63.216718,0.402855,0.004005,0.071599
63.926908,0.401640,0.004075,0.070197
64.645037,0.401365,0.003971,0.068089
65.371847,0.398485,0.004067,0.067055
66.106989,0.398045,0.004220,0.068839
66.849722,0.395560,0.004094,0.070989
67.600779,0.393435,0.004073,0.070269
68.360897,0.391350,0.004086,0.067958
69.128549,0.394035,0.004110,0.067853
69.905370,0.394490,0.003993,0.068672
70.691328,0.391900,0.003998,0.068069
71.485464,0.391780,0.004160,0.071370
72.288777,0.391545,0.004099,0.070167
73.101488,0.391270,0.004281,0.070399
73.923040,0.391575,0.004275,0.070700
74.753712,0.391140,0.004083,0.070861
75.593572,0.388820,0.004198,0.070883
76.443780,0.387650,0.004107,0.072371
77.302268,0.385740,0.004260,0.073482
78.171104,0.386505,0.003992,0.071916
79.049799,0.384355,0.004150,0.071907
79.938262,0.384240,0.004179,0.071784
80.836997,0.383875,0.004222,0.071434
81.744964,0.383660,0.004188,0.070908
82.664090,0.382235,0.004370,0.071045
83.592698,0.380940,0.004132,0.071919
84.532492,0.378435,0.004391,0.072876
85.482277,0.375495,0.003856,0.071911
86.442915,0.377075,0.004040,0.072313
87.415001,0.374045,0.004025,0.071635
88.397139,0.373245,0.004578,0.073118
89.390465,0.372585,0.004347,0.074448
90.395143,0.371730,0.004669,0.074521
91.410884,0.370295,0.004469,0.073920
92.438028,0.369000,0.004458,0.074448
93.476756,0.369255,0.004594,0.076493
94.527491,0.367430,0.004406,0.074759
95.589778,0.366140,0.004566,0.074649
96.664506,0.364350,0.004716,0.073652
97.750918,0.360235,0.004842,0.074552
98.849381,0.361045,0.004777,0.073597
99.960073,0.360975,0.004562,0.075165
101.083857,0.360750,0.004646,0.076730
102.220091,0.358610,0.004947,0.076557
103.368331,0.356265,0.004789,0.076209
104.530111,0.354725,0.005025,0.077038
105.705327,0.355000,0.004701,0.077305
106.893131,0.354925,0.004957,0.078004
108.094326,0.355040,0.004649,0.077240
109.308799,0.352815,0.004741,0.077641
110.537296,0.351520,0.004710,0.078269
111.779738,0.352835,0.004805,0.079688
113.036175,0.349300,0.005006,0.079323
114.306596,0.348700,0.004979,0.079174
115.591118,0.345560,0.005339,0.077783
116.890161,0.345315,0.005227,0.077685
118.203625,0.345960,0.005040,0.078576
119.531667,0.345120,0.004970,0.076971
120.875837,0.342480,0.005143,0.078017
122.234109,0.341700,0.005178,0.079689
123.608175,0.340335,0.005726,0.080567
124.997387,0.339760,0.005074,0.081210
126.401210,0.339295,0.005061,0.079423
127.822467,0.337355,0.004985,0.080855
129.259436,0.337390,0.005374,0.080769
130.711915,0.336200,0.005385,0.081039
132.181147,0.335845,0.005539,0.080444
133.666276,0.333655,0.005817,0.083608
135.168571,0.332050,0.005632,0.083712
136.687732,0.330230,0.005713,0.081469
138.224012,0.328025,0.005440,0.080810
139.777269,0.326855,0.005417,0.080295
141.348648,0.327580,0.006021,0.080795
142.936951,0.325955,0.005516,0.081454
144.543336,0.324660,0.005678,0.081662
146.168007,0.324660,0.005606,0.082089
147.810517,0.324035,0.005649,0.082769
149.471614,0.323805,0.006018,0.083236
151.151218,0.322635,0.005883,0.084572
152.850385,0.320165,0.005823,0.082241
154.568318,0.318955,0.006124,0.082882
156.304939,0.317865,0.005651,0.082830
158.062297,0.316715,0.006205,0.082591
159.838200,0.315880,0.006066,0.083510
161.635188,0.315655,0.005999,0.083054
163.451138,0.313355,0.006207,0.082172
165.288128,0.312340,0.006116,0.082582
167.146055,0.310560,0.005606,0.080650
169.024348,0.308395,0.005915,0.082052
170.924536,0.308825,0.006336,0.084289
172.844930,0.307440,0.006765,0.083572
174.787489,0.308350,0.005781,0.084542
176.752321,0.307680,0.007761,0.086550
178.739073,0.305020,0.011813,0.087519
180.747979,0.302890,0.008445,0.085626
182.779333,0.300720,0.009726,0.085750
184.833742,0.298815,0.009231,0.086444
186.910907,0.296405,0.006999,0.088277
189.011584,0.294805,0.007479,0.087989
191.135350,0.294195,0.006957,0.090882
193.283767,0.295845,0.006592,0.090330
195.456010,0.297380,0.007228,0.094096
197.651668,0.293530,0.006454,0.089650
199.873783,0.294030,0.007742,0.089670
202.119946,0.292210,0.007252,0.088555
204.392033,0.288435,0.007014,0.086698
206.689216,0.289330,0.008935,0.088725
209.011693,0.289245,0.007113,0.090294
211.360804,0.289015,0.007732,0.091890
213.736536,0.288790,0.008699,0.089352
216.138733,0.287750,0.008575,0.088582
218.567748,0.289300,0.008241,0.090678
221.024018,0.285615,0.008459,0.088307
223.508422,0.284740,0.008094,0.090002
226.019727,0.283735,0.008407,0.090230
228.561545,0.280220,0.008917,0.087755
231.128918,0.280750,0.009245,0.088369
233.726522,0.279330,0.008320,0.088217
236.354110,0.278120,0.008591,0.089527
239.010276,0.276185,0.009795,0.087003
241.695750,0.275015,0.007080,0.085138
244.413062,0.274645,0.007379,0.085152
247.159608,0.272200,0.008546,0.084089
249.937662,0.271420,0.009790,0.082998
252.746178,0.271335,0.007927,0.085608
255.587026,0.267990,0.010720,0.083219
258.459942,0.272425,0.011880,0.085420
261.364470,0.271795,0.011077,0.085874
264.302114,0.268065,0.018681,0.086968
267.272168,0.267110,0.009864,0.084678
270.276327,0.264300,0.010785,0.085692
273.315139,0.263750,0.043246,0.087722
276.386008,0.259950,0.013841,0.086510
279.492305,0.260265,0.018347,0.086069
282.632813,0.259900,0.010637,0.083878
285.809030,0.256860,0.010512,0.085535
289.021075,0.259305,0.008632,0.088277
292.269440,0.257980,0.011087,0.085423
295.554955,0.256590,0.014324,0.086489
298.876069,0.252335,0.013041,0.084733
302.235159,0.252345,0.011116,0.085032
305.632411,0.251615,0.010656,0.086507
309.067108,0.251275,0.010680,0.087885
312.540935,0.247185,0.009756,0.088448
316.052664,0.248995,0.011421,0.089503
319.605850,0.248705,0.011293,0.088947
323.197082,0.247050,0.011941,0.089446
326.830304,0.247700,0.012044,0.090030
330.503067,0.244760,0.014266,0.087418
334.218452,0.243665,0.014709,0.089153
337.974503,0.243315,0.014062,0.090372
341.772918,0.241190,0.011919,0.090612
345.614214,0.240080,0.014302,0.094668
349.498524,0.237360,0.012555,0.092321
353.426295,0.236585,0.013859,0.093699
357.398805,0.235795,0.028970,0.095834
361.415332,0.234715,0.012702,0.096939
365.478232,0.235425,0.018090,0.096947
369.586091,0.235380,0.021825,0.096160
373.739147,0.235995,0.017300,0.097224
377.939147,0.235005,0.013878,0.097828
382.186828,0.231730,0.014276,0.095501
386.484014,0.232255,0.032780,0.094991
390.826252,0.234725,0.020034,0.094151
395.218194,0.234410,0.016525,0.092242
399.659998,0.232060,0.012514,0.096118
404.150077,0.226195,0.029034,0.096002
408.693859,0.226100,-nan,0.096425
413.288023,0.223110,-nan,0.097454
417.933109,0.222520,-nan,0.095691
422.628830,0.220205,-nan,0.097976
427.380275,0.220035,-nan,0.096882
432.184320,0.219355,-nan,0.096275
437.039970,0.219635,-nan,0.096933
441.952662,0.218530,-nan,0.093261
446.919052,0.217640,-nan,0.092097
451.941566,0.218395,-nan,0.094445
457.021886,0.218275,-nan,0.094752
462.151736,0.217925,-nan,0.094822
467.341018,0.214835,-nan,0.094633
472.602798,0.215885,-nan,0.096204
477.916387,0.213270,-nan,0.097768
483.288100,0.208835,-nan,0.098621
488.722588,0.209040,-nan,0.100408
494.191530,0.207010,-nan,0.099627
499.755702,0.207075,-nan,0.100204
505.382577,0.205375,-nan,0.101757
511.064085,0.203775,-nan,0.100408
516.807880,0.203525,-nan,0.100247
522.615745,0.201110,-nan,0.099420
528.484848,0.198870,-nan,0.103591
534.429742,0.199260,-nan,0.104603
540.438746,0.197800,-nan,0.105000
546.512388,0.198470,-nan,0.104453
552.652548,0.197435,-nan,0.103073
558.856157,0.196685,-nan,0.101090
565.145459,0.196595,-nan,0.101756
571.491953,0.196600,-nan,0.102857
577.920884,0.195410,-nan,0.104572
584.415115,0.194365,-nan,0.105108
590.988951,0.194130,-nan,0.105498
597.623447,0.194170,-nan,0.104864
604.300119,0.189685,-nan,0.105351
611.125600,0.187095,-nan,0.105618
618.004520,0.190895,-nan,0.106078
624.941499,0.189500,-nan,0.106731
631.968535,0.187500,-nan,0.104599
639.070906,0.187760,-nan,0.107489
646.228854,0.184965,-nan,0.107506
653.522588,0.183665,-nan,0.108360
660.866257,0.181845,-nan,0.109609
668.297697,0.182325,-nan,0.109603
675.784122,0.182260,-nan,0.108245
683.374912,0.181295,-nan,0.108235
691.081566,0.179525,-nan,0.105026
698.833106,0.176935,-nan,0.104444
706.700960,0.176350,-nan,0.100950
714.645288,0.175900,-nan,0.102139
722.669864,0.171785,-nan,0.104665
730.794713,0.168965,-nan,0.104789
738.995674,0.169640,-nan,0.104101
747.317469,0.169980,-nan,0.102769
755.717987,0.168580,-nan,0.106216
764.160778,0.167315,-nan,0.105022
772.768756,0.165740,-nan,0.103253
781.483353,0.163135,-nan,0.101549
790.265911,0.161500,-nan,0.101866
799.148186,0.164870,-nan,0.105040
808.131550,0.162235,-nan,0.106377
817.207402,0.161365,-nan,0.105355
826.396907,0.160355,-nan,0.107670
835.688661,0.159015,-nan,0.107548
845.022815,0.157720,-nan,0.107775
854.574418,0.155675,-nan,0.105231
864.170195,0.154925,-nan,0.106399
873.893404,0.153005,-nan,0.103636
883.705618,0.154180,-nan,0.105584
893.647116,0.152495,-nan,0.102600
903.673605,0.149650,-nan,0.100847
913.847217,0.146065,-nan,0.099839
924.101148,0.144650,-nan,0.099499
934.461179,0.146080,-nan,0.100310
945.002096,0.145705,-nan,0.099234
955.609288,0.144600,-nan,0.098758
966.356814,0.145890,-nan,0.101729
977.226304,0.145420,-nan,0.101402
988.144776,0.146215,-nan,0.103339
999.316527,0.143980,-nan,0.102398
1010.493107,0.141020,-nan,0.102320
1021.910591,0.138480,-nan,0.100731
1033.382330,0.137170,-nan,0.102200
1045.007495,0.137920,-nan,0.103671
1056.701706,0.133360,-nan,0.100917
1068.618244,0.131625,-nan,0.099507
1080.635997,0.126935,-nan,0.097780
1092.743180,0.128595,-nan,0.098776
1104.996825,0.123970,-nan,0.096827
1117.439886,0.124415,-nan,0.098576
1129.987530,0.123575,-nan,0.097604
1142.708364,0.124950,-nan,0.100930
1155.542651,0.122710,-nan,0.101048
1168.466511,0.121725,-nan,0.101761
1181.580326,0.123345,-nan,0.103103
1194.971116,0.122170,-nan,0.104310
-nan,0.120815,-nan,0.103401
1221.903442,0.120175,-nan,0.103709
1235.734244,0.121280,-nan,0.106898
1249.620863,0.116750,-nan,0.104953
1263.587715,0.114930,-nan,0.100365
-nan,0.112995,-nan,0.099465
1292.149087,0.112275,-nan,0.100835
1306.712779,0.108880,-nan,0.099116
1321.385872,0.109040,-nan,0.099586
1336.213092,0.106225,-nan,0.098045
1351.301054,0.103825,-nan,0.098817
1366.362150,0.104515,-nan,0.099013
1381.860013,0.102090,-nan,0.096263
1397.386812,0.100340,-nan,0.097825
1413.084456,0.099040,-nan,0.095808
1428.873070,0.097695,-nan,0.095013
1444.987772,0.099005,-nan,0.096213
1461.200266,0.097900,-nan,0.096607
1477.391282,0.095600,-nan,0.096423
1494.248487,0.096310,-nan,0.096642
1511.071350,0.095465,-nan,0.095991
1527.977082,0.092115,-nan,0.093798
1545.262826,0.091790,-nan,0.093148
1562.570302,0.091750,-nan,0.094560
1579.984751,0.089785,-nan,0.094290
1597.822875,0.087970,-nan,0.094057
1615.910543,0.086635,-nan,0.095371
1633.851809,0.087160,-nan,0.095088
1652.350123,0.083705,-nan,0.091533
1670.980526,0.080645,-nan,0.089665
1689.614971,0.080020,-nan,0.090719
1708.629037,0.082900,-nan,0.096825
1727.763790,0.080870,-nan,0.097543
1747.273730,0.081035,-nan,0.098607
1766.980982,0.078325,-nan,0.092362
1786.696743,0.077015,-nan,0.094171
1806.877815,0.078640,-nan,0.094745
1827.081628,0.079365,-nan,0.094125
1847.702322,0.073675,-nan,0.090560
1868.597785,0.075230,-nan,0.092836
1889.305316,0.071655,-nan,0.088452
1910.695622,0.070540,-nan,0.090859
1932.243729,0.071850,-nan,0.094508
1953.867217,0.069680,-nan,0.094043
1975.872570,0.069475,-nan,0.091925
1997.962610,0.068575,-nan,0.095440
2020.426559,0.066820,-nan,0.090508
2043.196923,0.063390,-nan,0.086331
2066.252744,0.063710,-nan,0.088843
2089.044964,0.062700,-nan,0.090016
2112.788587,0.061605,-nan,0.090703
2136.561237,0.060895,-nan,0.089372
2160.295073,0.061985,-nan,0.090328
2184.920195,0.060380,-nan,0.091179
2209.451292,0.058750,-nan,0.088336
2234.154552,0.056765,-nan,0.086277
2259.481556,0.056095,-nan,0.084707
2284.809557,0.055880,-nan,0.086793
2310.489738,0.057860,-nan,0.089779
2336.576080,0.052540,-nan,0.083720
2362.791840,0.051280,-nan,0.084236
2389.265602,0.050845,-nan,0.083934
2415.939524,0.050960,-nan,0.087582
2442.591418,0.049605,-nan,0.085173
2470.758932,0.049955,-nan,0.087251
2498.539682,0.047600,-nan,0.082268
2526.665979,0.048685,-nan,0.082899
2555.185839,0.048325,-nan,0.082027
2583.905303,0.046110,-nan,0.078623
2612.477975,0.047430,-nan,0.084400
2642.199846,0.045575,-nan,0.079903
2671.939263,0.045180,-nan,0.080234
2701.821871,0.045235,-nan,0.080723
2732.057725,0.044775,-nan,0.081417
2763.049252,0.042315,-nan,0.075990
2793.981095,0.042170,-nan,0.075645
2825.219761,0.040660,-nan,0.075169
2856.960306,0.038475,-nan,0.074645
2889.381715,0.036235,-nan,0.071880
2921.928139,0.035650,-nan,0.072710
2953.720053,0.036075,-nan,0.073149
2987.935067,0.035970,-nan,0.071979
3021.561708,0.035460,-nan,0.072671
3054.905526,0.033925,-nan,0.069493
3089.414877,0.034115,-nan,0.071155
3124.403093,0.032330,-nan,0.066969
3159.478191,0.033970,-nan,0.071757
3194.671159,0.032600,-nan,0.069360
3230.978475,0.032970,-nan,0.070227
3267.320944,0.032545,-nan,0.069028
3304.017172,0.030560,-nan,0.066214
3340.149789,0.030675,-nan,0.068925
3378.474982,0.028345,-nan,0.063866
3416.786148,0.026210,-nan,0.060809
3454.405463,0.026070,-nan,0.060123
3493.430241,0.026130,-nan,0.060515
3533.329488,0.025490,-nan,0.061356
3572.466294,0.024300,-nan,0.060145
3612.262728,0.023790,-nan,0.058691
3653.417371,0.023135,-nan,0.058346
3694.317516,0.022150,-nan,0.056733
3736.074918,0.021515,-nan,0.056367
3778.413459,0.021200,-nan,0.056541
3819.351345,0.020225,-nan,0.055185
3862.721255,0.022805,-nan,0.062112
3906.409004,0.022525,-nan,0.062369
3950.289110,0.023330,-nan,0.063052
3995.541054,0.021875,-nan,0.061118
4039.052555,0.021335,-nan,0.059481
4085.275006,0.019885,-nan,0.056371
4131.725480,0.019855,-nan,0.057434
4178.220994,0.020760,-nan,0.059936
4223.670587,0.018490,-nan,0.052790
4272.675341,0.017845,-nan,0.052946
4319.755182,0.018075,-nan,0.053810
4368.389894,0.016245,-nan,0.049429
4418.037920,0.017855,-nan,0.056090
4466.513990,0.016520,-nan,0.052177
4518.227135,0.014675,-nan,0.046164
4568.710011,0.013820,-nan,0.046239
4618.302060,0.013395,-nan,0.046311
4670.445624,0.012960,-nan,0.048055
4723.992954,0.012440,-nan,0.045654
4777.916491,0.011830,-nan,0.044086
4829.030349,0.012495,-nan,0.047250
4884.992122,0.011410,-nan,0.043805
4937.249395,0.010570,-nan,0.043291
4993.670173,0.010105,-nan,0.040414
5052.136941,0.009725,-nan,0.039589
5108.041674,0.010795,-nan,0.045921
5166.709198,0.010640,-nan,0.044599
5223.128889,0.010580,-nan,0.046673
5282.446221,0.009505,-nan,0.045798
5341.136695,0.009755,-nan,0.045253
5402.933511,0.009800,-nan,0.048455
5463.497419,0.008290,-nan,0.038671
5524.908759,0.007305,-nan,0.033918
5584.461484,0.005945,-nan,0.029765
5649.954065,0.006935,-nan,0.035119
5713.454357,0.007225,-nan,0.035763
5777.670621,0.007050,-nan,0.036864
5840.119593,0.006160,-nan,0.034965
5908.281184,0.006355,-nan,0.033390
5970.605077,0.004575,-nan,0.024545
6040.008763,0.004645,-nan,0.027852
6108.881895,0.005090,-nan,0.029287
6178.401621,0.004935,-nan,0.030019
6247.506065,0.004440,-nan,0.029924
6316.455075,0.004490,-nan,0.029977
6389.090928,0.004165,-nan,0.026635
6455.464349,0.004330,-nan,0.029636
6531.707685,0.004165,-nan,0.032239
6606.925443,0.003670,-nan,0.028026
6681.189923,0.003940,-nan,0.032359
6749.101585,0.003890,-nan,0.033480
6828.737270,0.002930,-nan,0.024075
6908.984499,0.002895,-nan,0.023070
6986.629906,0.003010,-nan,0.022224
7065.155302,0.003125,-nan,0.026554
7144.594617,0.003030,-nan,0.028493
7216.390759,0.003040,-nan,0.028248
7306.063945,0.002015,-nan,0.018656
7388.172418,0.001815,-nan,0.014729
7471.231331,0.001405,-nan,0.012522
7555.185182,0.001745,-nan,0.013754
7640.092514,0.002700,-nan,0.022668
7723.405652,0.002555,-nan,0.022635
7812.787325,0.001625,-nan,0.014324
7900.604782,0.001850,-nan,0.016144
7989.393933,0.002380,-nan,0.020822
8077.810835,0.001885,-nan,0.018093
8164.628640,0.001560,-nan,0.015801
8257.287676,0.001670,-nan,0.016805
8354.698119,0.001695,-nan,0.018975
8448.567778,0.001760,-nan,0.017152
8539.513775,0.001700,-nan,0.020171
8639.569323,0.001220,-nan,0.013110
8735.817316,0.001390,-nan,0.015691
8834.849679,0.001170,-nan,0.012739
8934.136142,0.001140,-nan,0.012323
9034.622258,0.001020,-nan,0.012592
9136.106496,0.000925,-nan,0.010263
9238.788890,0.000855,-nan,0.009849
9342.624473,0.001060,-nan,0.013267
9437.449148,0.000845,-nan,0.010595
9553.777154,0.000810,-nan,0.009656
9661.171111,0.000850,-nan,0.010143
9769.755680,0.000400,-nan,0.004769
9825.555142,0.000645,-nan,0.011758
9990.578892,0.000675,-nan,0.012305
10102.864518,0.000645,-nan,0.011758
10216.408826,0.000870,-nan,0.015860
10331.234074,0.000900,-nan,0.016407
10447.374795,0.000405,-nan,0.007383
10564.780336,0.000360,-nan,0.006563
10683.559449,0.000255,-nan,0.004649
10803.628103,0.000285,-nan,0.005196
10925.043477,0.000240,-nan,0.004375
11048.045672,0.000045,-nan,0.000820
11065.945672,0.000000,-nan,0.000000
