0.000000,0.995000,0.000000,0.000000
1.002975,0.851922,0.001646,0.026381
1.016750,0.850752,0.001728,0.026566
1.030952,0.849370,0.001710,0.026396
1.045266,0.847970,0.001723,0.026313
1.059836,0.846483,0.001675,0.026266
1.074370,0.844907,0.001756,0.026325
1.089491,0.843330,0.001706,0.026126
1.104514,0.841722,0.001727,0.026333
1.119857,0.840626,0.001719,0.026430
1.135493,0.839326,0.001696,0.026638
1.151271,0.837980,0.001755,0.026737
1.167018,0.836517,0.001763,0.027076
1.183338,0.835411,0.001662,0.027139
1.199890,0.833980,0.001692,0.027205
1.216524,0.832683,0.001775,0.027141
1.233222,0.831443,0.001787,0.027351
1.250236,0.830291,0.001746,0.027529
1.267727,0.828996,0.001760,0.027875
1.285313,0.827711,0.001760,0.028278
1.303132,0.826193,0.001770,0.028504
1.321273,0.824933,0.001782,0.028853
1.339631,0.823339,0.001760,0.028765
1.358250,0.821770,0.001771,0.028770
1.377174,0.820185,0.001784,0.028579
1.396224,0.818743,0.001770,0.028282
1.415674,0.817202,0.001777,0.028471
1.435227,0.815752,0.001770,0.028790
1.455175,0.814624,0.001776,0.029074
1.475351,0.812846,0.001793,0.029375
1.495938,0.811339,0.001785,0.029516
1.516602,0.809780,0.001791,0.029763
1.537709,0.808667,0.001767,0.029962
1.558950,0.807283,0.001785,0.029646
1.580663,0.806007,0.001816,0.029936
1.602780,0.804852,0.001814,0.029975
1.624689,0.803404,0.001819,0.030088
1.647449,0.801963,0.001734,0.030436
1.670395,0.800165,0.001845,0.030523
1.693518,0.798785,0.001843,0.030620
1.717079,0.797165,0.001845,0.030817
1.740884,0.795835,0.001778,0.031456
1.765135,0.794187,0.001815,0.031374
1.789805,0.792500,0.001867,0.031379
1.814595,0.791307,0.001886,0.031388
1.839693,0.789763,0.001835,0.031566
1.865315,0.788243,0.001780,0.031491
1.891230,0.786641,0.001828,0.031823
1.917431,0.785354,0.001829,0.031842
1.944154,0.783811,0.001844,0.032059
1.971117,0.782330,0.001837,0.032333
1.998458,0.781052,0.001893,0.032645
2.026317,0.779487,0.001849,0.032733
2.054420,0.777950,0.001911,0.032613
2.082972,0.776476,0.001869,0.032645
2.111862,0.774935,0.001860,0.032662
2.141137,0.773339,0.001902,0.032594
2.170920,0.772135,0.001843,0.032749
2.201153,0.770611,0.001873,0.032809
2.231604,0.769028,0.001871,0.032665
2.262787,0.767839,0.001902,0.032780
2.294140,0.766124,0.001896,0.032591
2.326099,0.764974,0.001920,0.032415
2.358233,0.764313,0.001961,0.032010
2.391085,0.762807,0.001886,0.032606
2.424360,0.761400,0.001854,0.032665
2.458020,0.759998,0.001884,0.032826
2.492131,0.757996,0.001922,0.033125
2.526805,0.756965,0.001929,0.033201
2.561892,0.755583,0.001893,0.033230
2.597426,0.753593,0.001967,0.032827
2.633616,0.752180,0.001925,0.033159
2.670095,0.750935,0.001882,0.033633
2.707284,0.749335,0.001939,0.033744
2.744983,0.747680,0.001918,0.034007
2.783112,0.746502,0.001954,0.034544
2.821648,0.744861,0.001921,0.035075
2.861017,0.743083,0.001941,0.035177
2.900644,0.741233,0.001920,0.034766
2.941007,0.739839,0.001888,0.034968
2.981856,0.738539,0.001979,0.035270
3.023453,0.736663,0.001958,0.035593
3.065304,0.735080,0.002017,0.035895
3.108061,0.733783,0.001977,0.036049
3.151192,0.732528,0.001971,0.036076
3.195032,0.731417,0.002011,0.036162
3.239367,0.729954,0.001919,0.036230
3.284329,0.728811,0.001976,0.035932
3.329989,0.727389,0.002034,0.035660
3.376234,0.725820,0.002009,0.035929
3.423275,0.724307,0.002007,0.036554
3.470803,0.723176,0.001992,0.036531
3.519094,0.721176,0.002008,0.036891
3.568012,0.719950,0.001999,0.037667
3.617495,0.718461,0.002069,0.038507
3.667884,0.717170,0.002092,0.037923
3.718841,0.716293,0.002034,0.038073
3.770507,0.715041,0.002055,0.038242
3.822884,0.714041,0.002032,0.038928
3.876056,0.712502,0.002010,0.039123
3.930057,0.711696,0.002051,0.038955
3.984715,0.710207,0.002088,0.039264
4.040006,0.709000,0.002093,0.038572
4.096148,0.707137,0.002000,0.038815
4.153023,0.705770,0.002073,0.038663
4.210658,0.704367,0.002114,0.038586
4.269253,0.702900,0.002067,0.039168
4.328748,0.701557,0.002104,0.039340
4.388989,0.700800,0.002075,0.039203
4.449839,0.699452,0.002111,0.039980
4.511637,0.697859,0.002043,0.039881
4.574351,0.696426,0.002107,0.040163
4.637905,0.695428,0.002074,0.039962
4.702653,0.694167,0.002053,0.040567
4.767919,0.693467,0.002073,0.040332
4.834153,0.691830,0.002162,0.040624
4.901533,0.690343,0.002142,0.040595
4.969562,0.689050,0.002088,0.040919
5.038702,0.687626,0.002060,0.041449
5.108700,0.686200,0.002150,0.040973
5.179729,0.684500,0.002089,0.041287
5.251824,0.682798,0.002145,0.041086
5.324846,0.681672,0.002150,0.040685
5.398713,0.680413,0.002116,0.039836
5.473754,0.678826,0.002193,0.039782
5.550004,0.677589,0.002166,0.040417
5.627022,0.676530,0.002120,0.040836
5.705380,0.675454,0.002128,0.041530
5.784599,0.675180,0.002144,0.041184
5.865231,0.673896,0.002136,0.041092
5.946735,0.673315,0.002238,0.041747
6.029386,0.671411,0.002191,0.042165
6.113143,0.669754,0.002167,0.042182
6.198086,0.668596,0.002201,0.041772
6.284253,0.668052,0.002141,0.042007
6.371644,0.666772,0.002152,0.042301
6.460213,0.665911,0.002225,0.042637
6.550070,0.664822,0.002212,0.042517
6.641206,0.663498,0.002185,0.042715
6.733611,0.662743,0.002212,0.043223
6.827262,0.661028,0.002261,0.043267
6.922202,0.659472,0.002187,0.043817
7.018301,0.659396,0.002274,0.043787
7.116018,0.658628,0.002228,0.044067
7.215033,0.656707,0.002154,0.043541
7.315093,0.655476,0.002191,0.043628
7.416935,0.653350,0.002179,0.043081
7.519991,0.652439,0.002220,0.043591
7.624729,0.650293,0.002242,0.043884
7.730741,0.649387,0.002332,0.043694
7.838144,0.648552,0.002240,0.043930
7.947199,0.646817,0.002279,0.044331
8.057690,0.645680,0.002286,0.044951
8.169690,0.644515,0.002305,0.044359
8.283346,0.642900,0.002328,0.044019
8.398555,0.641802,0.002239,0.044466
8.515215,0.641141,0.002291,0.044449
8.633688,0.640713,0.002267,0.045755
8.753763,0.638911,0.002297,0.046311
8.875438,0.637874,0.002333,0.046097
8.999001,0.636776,0.002327,0.046663
9.124077,0.635748,0.002330,0.046856
9.250747,0.634028,0.002327,0.046497
9.379699,0.632854,0.002356,0.047379
9.510029,0.630867,0.002286,0.048081
9.642166,0.629396,0.002304,0.048128
9.776499,0.628028,0.002348,0.046999
9.912377,0.626172,0.002274,0.047087
10.050265,0.624596,0.002369,0.047249
10.189992,0.623324,0.002336,0.046970
10.331599,0.623452,0.002389,0.046697
10.475232,0.622311,0.002358,0.047182
10.620960,0.620828,0.002363,0.047222
10.768807,0.619274,0.002424,0.047597
10.918377,0.617633,0.002381,0.047390
11.070322,0.614876,0.002356,0.047419
11.224287,0.614130,0.002363,0.047575
11.380383,0.612950,0.002414,0.047991
11.538602,0.613580,0.002437,0.048158
11.699046,0.612220,0.002451,0.047933
11.861922,0.610620,0.002364,0.048280
12.026700,0.609339,0.002398,0.048120
12.194089,0.607865,0.002404,0.048368
12.363587,0.606033,0.002462,0.048560
12.535613,0.605928,0.002443,0.048193
12.709768,0.604991,0.002387,0.049065
12.886658,0.603309,0.002404,0.049774
13.065996,0.602130,0.002417,0.050316
13.247599,0.601033,0.002503,0.050763
13.431972,0.599235,0.002494,0.050862
13.618678,0.597557,0.002359,0.051756
13.808160,0.596413,0.002472,0.052383
14.000032,0.594967,0.002559,0.052258
14.194816,0.594352,0.002493,0.052861
14.392090,0.593570,0.002540,0.053040
14.592577,0.592457,0.002460,0.052496
14.795389,0.592283,0.002509,0.051979
15.001223,0.591907,0.002531,0.051867
15.209704,0.592009,0.002492,0.052388
15.421325,0.590328,0.002523,0.050624
15.635781,0.589580,0.002428,0.050996
15.853332,0.589137,0.002578,0.050821
16.073629,0.588048,0.002484,0.051294
16.297328,0.587387,0.002529,0.051133
16.523841,0.586589,0.002525,0.050907
16.753767,0.585720,0.002504,0.050918
16.986764,0.583476,0.002479,0.051536
17.223022,0.582622,0.002536,0.051538
17.462594,0.582067,0.002569,0.050603
17.705514,0.580854,0.002412,0.051250
17.951850,0.581235,0.002533,0.051070
18.201464,0.580133,0.002473,0.052306
18.454629,0.578376,0.002510,0.053011
18.711051,0.576235,0.002596,0.052461
18.971303,0.575543,0.002629,0.052448
19.235341,0.574898,0.002646,0.052460
19.502781,0.574496,0.002611,0.052796
19.774197,0.573974,0.002631,0.053091
20.049189,0.574059,0.002612,0.053821
20.328025,0.573546,0.002545,0.052643
20.610658,0.572861,0.002574,0.053121
20.897388,0.572637,0.002611,0.053338
21.188011,0.572417,0.002540,0.052962
21.482841,0.571235,0.002572,0.053027
21.781513,0.569265,0.002488,0.053465
22.084326,0.567828,0.002618,0.052875
22.391849,0.564752,0.002669,0.053112
22.703224,0.563715,0.002584,0.053324
23.018885,0.563089,0.002665,0.054296
23.339012,0.561989,0.002648,0.053853
23.663840,0.561611,0.002624,0.053534
23.992787,0.560746,0.002631,0.053527
24.326543,0.560898,0.002777,0.053980
24.664941,0.559393,0.002556,0.054987
25.007821,0.558446,0.002718,0.054958
25.355881,0.557770,0.002705,0.055555
25.708415,0.557367,0.002670,0.056297
26.066158,0.556348,0.002626,0.056474
26.428560,0.555530,0.002781,0.057477
26.796157,0.554391,0.002679,0.056416
27.169078,0.553720,0.002695,0.056836
27.547003,0.552726,0.002724,0.057552
27.930031,0.551483,0.002676,0.058385
28.318433,0.550415,0.002684,0.058177
28.712425,0.548600,0.002670,0.058810
29.111553,0.548583,0.002747,0.059954
29.516616,0.548033,0.002840,0.059190
29.927355,0.547974,0.002728,0.059458
30.343388,0.545774,0.002781,0.059516
30.765663,0.544752,0.002788,0.059607
31.193580,0.543793,0.002748,0.057668
31.627523,0.543380,0.002817,0.059205
32.067152,0.543530,0.002771,0.059254
32.513583,0.542296,0.002784,0.057902
32.965633,0.540450,0.002798,0.057823
33.424050,0.539089,0.002737,0.058017
33.889040,0.537898,0.002754,0.058403
34.360497,0.535661,0.002911,0.059614
34.838282,0.534961,0.002767,0.059647
35.323124,0.533472,0.002826,0.059425
35.814337,0.533539,0.002819,0.059934
36.312442,0.532298,0.002787,0.059945
36.817535,0.532004,0.002757,0.059805
37.329805,0.530824,0.002843,0.060059
37.849046,0.530130,0.002809,0.060526
38.375408,0.527922,0.002839,0.060260
38.909232,0.526428,0.002878,0.060924
39.450567,0.525367,0.002886,0.062095
39.999294,0.525767,0.002944,0.060712
40.555681,0.525652,0.002913,0.060092
41.119780,0.524091,0.002947,0.060448
41.691745,0.522333,0.002908,0.060531
42.271685,0.522172,0.002860,0.062721
42.859715,0.522424,0.002898,0.062608
43.455950,0.522159,0.002927,0.061989
44.060482,0.522226,0.002878,0.062931
44.673244,0.521128,0.002993,0.061882
45.294894,0.519563,0.002894,0.061687
45.924788,0.518498,0.002946,0.062251
46.563439,0.517154,0.002888,0.064696
47.211155,0.518150,0.003016,0.064610
47.867718,0.519420,0.002932,0.063550
48.533793,0.518587,0.002935,0.062933
49.208780,0.516352,0.002961,0.063032
49.893213,0.515367,0.002851,0.062791
50.587414,0.513680,0.002922,0.063382
51.290987,0.511543,0.002992,0.062431
52.004586,0.510448,0.002990,0.062675
52.728157,0.510704,0.002977,0.063591
53.461244,0.511683,0.002957,0.063520
54.205166,0.509826,0.002959,0.063177
54.959124,0.508513,0.002940,0.062986
55.723598,0.506063,0.002957,0.065368
56.498549,0.505935,0.003105,0.065991
57.284660,0.506189,0.003014,0.064402
58.081366,0.505378,0.003094,0.065673
58.889316,0.507309,0.003062,0.064748
59.708646,0.505607,0.003000,0.065892
60.539238,0.504615,0.002977,0.065904
61.381480,0.504687,0.003093,0.064765
62.235013,0.505272,0.003053,0.063050
63.100710,0.503552,0.003088,0.064069
63.978377,0.504098,0.003002,0.063825
64.868773,0.503270,0.003012,0.065290
65.770811,0.500809,0.003023,0.064694
66.685614,0.500124,0.003088,0.064989
67.613434,0.499622,0.003014,0.065310
68.553947,0.499500,0.002994,0.065462
69.507506,0.496976,0.003031,0.065279
70.474425,0.497713,0.003016,0.065944
71.454679,0.497535,0.003094,0.065682
72.448878,0.499078,0.003020,0.067496
73.456535,0.497150,0.003045,0.067403
74.478254,0.496604,0.003135,0.066540
75.514323,0.495874,0.003025,0.066812
76.564794,0.495789,0.003077,0.067915
77.629810,0.495522,0.003028,0.066535
78.709900,0.495148,0.003109,0.067092
79.804619,0.494628,0.003071,0.065966
80.915052,0.494830,0.003109,0.064381
82.040336,0.494120,0.003213,0.065488
83.181612,0.494772,0.003165,0.065696
84.338537,0.492039,0.003049,0.065063
85.511942,0.492674,0.003100,0.065940
86.701065,0.491954,0.003086,0.067195
87.907434,0.491896,0.003125,0.067704
89.130383,0.489774,0.003164,0.067159
90.370133,0.490941,0.003049,0.066462
91.627271,0.491274,0.003055,0.066069
92.901848,0.487876,0.003159,0.066560
94.194049,0.488207,0.003137,0.066812
95.504553,0.487265,0.003082,0.068294
96.833019,0.486022,0.003156,0.067817
98.179896,0.485935,0.003064,0.068714
99.545961,0.485915,0.003136,0.069255
100.930680,0.487209,0.003177,0.068858
102.334541,0.486389,0.003172,0.069869
103.757849,0.487591,0.003174,0.069621
105.201297,0.485704,0.003198,0.070439
106.664807,0.487670,0.003153,0.070927
108.148458,0.487554,0.003122,0.069987
109.653035,0.488007,0.003327,0.068108
111.178349,0.487617,0.003093,0.070008
112.725020,0.488067,0.003140,0.070000
114.293029,0.488000,0.003266,0.070928
115.882954,0.487670,0.003219,0.069438
117.495058,0.488311,0.003291,0.071391
119.129567,0.486024,0.003134,0.070832
120.786564,0.485748,0.003125,0.070622
122.466911,0.484783,0.003227,0.068173
124.170544,0.483913,0.003078,0.068221
125.897758,0.481893,0.003356,0.068959
127.649092,0.483411,0.003261,0.069678
129.424817,0.485052,0.003183,0.070689
131.225350,0.484837,0.003145,0.068356
133.050811,0.483330,0.003184,0.068696
134.901534,0.481887,0.003164,0.068926
136.778087,0.482780,0.003268,0.069045
138.680942,0.480393,0.003179,0.070039
140.610224,0.478650,0.003276,0.069461
142.566099,0.478802,0.003287,0.069382
144.549370,0.479546,0.003277,0.069900
146.560315,0.479898,0.003209,0.069811
148.598927,0.479378,0.003300,0.071440
150.666054,0.478696,0.003304,0.068292
152.761743,0.475443,0.003245,0.070005
154.887164,0.473763,0.003328,0.068647
157.041600,0.474148,0.003247,0.067790
159.226459,0.474137,0.003286,0.067521
161.441152,0.475404,0.003275,0.069512
163.687095,0.473526,0.003306,0.071075
165.964030,0.472993,0.003333,0.068995
168.272900,0.471896,0.003263,0.069359
170.613678,0.472141,0.003215,0.071025
172.987008,0.470626,0.003401,0.069997
175.393427,0.472367,0.003263,0.071610
177.833532,0.473011,0.003392,0.071494
180.307225,0.472013,0.003267,0.071624
182.815613,0.472852,0.003323,0.074161
185.358686,0.469743,0.003332,0.072471
187.937195,0.470791,0.003385,0.073320
190.551508,0.468926,0.003346,0.073927
193.202379,0.466578,0.003407,0.075006
195.889932,0.467720,0.003354,0.072434
198.614897,0.465091,0.003322,0.071971
201.378160,0.466372,0.003357,0.073444
204.179540,0.468446,0.003465,0.074896
207.019692,0.467252,0.003478,0.075377
209.899444,0.467685,0.003348,0.074823
212.819406,0.468033,0.003220,0.074077
215.779883,0.471107,0.003369,0.074795
218.781474,0.468991,0.003395,0.072650
221.825187,0.468304,0.003297,0.073146
224.911025,0.467174,0.003431,0.071940
228.039567,0.468204,0.003253,0.072478
231.212240,0.465698,0.003461,0.074466
234.428584,0.465130,0.003439,0.074985
237.689395,0.463380,0.003368,0.074511
240.996058,0.464335,0.003391,0.075280
244.348470,0.462667,0.003506,0.076021
247.747692,0.463380,0.003340,0.076653
251.194153,0.462422,0.003424,0.076282
254.688567,0.463733,0.003423,0.077828
258.231635,0.462778,0.003457,0.079331
261.823803,0.466546,0.003476,0.076200
265.465904,0.463059,0.003497,0.074795
269.159036,0.462500,0.003393,0.076047
272.903402,0.462093,0.003340,0.076429
276.700023,0.460052,0.003627,0.077178
280.548961,0.461922,0.003590,0.078007
284.451830,0.461163,0.003498,0.078208
288.408616,0.463152,0.003510,0.079221
292.420771,0.463596,0.003432,0.076551
296.488578,0.461420,0.003364,0.077807
300.613233,0.459959,0.003553,0.077038
304.795038,0.459665,0.003547,0.076457
309.035011,0.459887,0.003560,0.078529
313.334073,0.458628,0.003387,0.078204
317.693212,0.457920,0.003391,0.077303
322.112565,0.455504,0.003545,0.078476
326.593496,0.454493,0.003593,0.077594
331.136840,0.453487,0.003708,0.079832
335.743389,0.454372,0.003449,0.078404
340.414103,0.451911,0.003620,0.078118
345.149303,0.453511,0.003516,0.077433
349.950805,0.454278,0.003537,0.074630
354.818929,0.456072,0.003409,0.076218
359.755144,0.455374,0.003417,0.075819
364.759543,0.454335,0.003516,0.077480
369.834040,0.451993,0.003387,0.078141
374.978922,0.452039,0.003621,0.079712
380.195222,0.447857,0.003640,0.078846
385.484098,0.452289,0.003437,0.076591
390.846736,0.448943,0.003548,0.077844
396.283889,0.453520,0.003616,0.079707
401.796685,0.454463,0.003693,0.076824
407.386086,0.452172,0.003489,0.076357
413.053184,0.453472,0.003490,0.076106
418.799240,0.451330,0.003614,0.079875
424.625325,0.449902,0.003637,0.078377
430.532330,0.450796,0.003535,0.078721
436.521585,0.450204,0.003526,0.077778
442.594007,0.449846,0.003556,0.080006
448.751433,0.449524,0.003700,0.081008
454.993817,0.451641,0.003580,0.079371
461.323294,0.455020,0.003568,0.079678
467.741005,0.453783,0.003656,0.082113
474.247455,0.453317,0.003615,0.081968
480.845020,0.453148,0.003597,0.080173
487.534301,0.452593,0.003599,0.078506
494.316497,0.452133,0.003516,0.076826
501.192949,0.452543,0.003596,0.080434
508.165084,0.451465,0.003731,0.081333
515.234315,0.452780,0.003516,0.084949
522.402050,0.453337,0.003533,0.084914
529.669292,0.451161,0.003658,0.084376
537.037381,0.454098,0.003484,0.083060
544.508514,0.451337,0.003575,0.081749
552.082914,0.451517,0.003458,0.080722
559.763299,0.451646,0.003397,0.081100
567.550288,0.451154,0.003666,0.083184
575.445815,0.448722,0.003771,0.081740
583.450660,0.448652,0.003603,0.080523
591.567622,0.449052,0.003626,0.081798
599.796992,0.452976,0.003609,0.081277
608.140770,0.452100,0.003685,0.082690
616.600749,0.451887,0.003745,0.083175
625.178530,0.452357,0.003576,0.083638
633.875523,0.450067,0.003605,0.085928
642.693472,0.452693,0.003673,0.084877
651.634112,0.449665,0.003406,0.084220
660.699259,0.454341,0.003697,0.083807
669.890474,0.452011,0.003725,0.082282
679.209401,0.452072,0.003599,0.081687
688.658079,0.453020,0.003594,0.082119
698.238040,0.449604,0.003736,0.081749
707.951518,0.451041,0.003652,0.081987
717.800023,0.451965,0.003699,0.083093
727.785513,0.451170,0.003707,0.083030
737.909929,0.451176,0.003784,0.083656
748.175410,0.447328,0.003996,0.085257
758.583298,0.452139,0.003871,0.085231
769.136105,0.451761,0.003610,0.085459
779.836003,0.446785,0.003644,0.082949
790.684211,0.447576,0.003669,0.083234
801.683935,0.447378,0.003689,0.083071
812.836276,0.450978,0.003535,0.082999
824.143798,0.453215,0.003599,0.082152
835.608704,0.447335,0.003648,0.082181
847.233258,0.450437,0.003672,0.083602
859.019234,0.446074,0.003579,0.082188
870.969210,0.444185,0.003661,0.080010
883.085652,0.450024,0.003722,0.082113
895.370545,0.448217,0.003532,0.084104
907.826236,0.452000,0.003642,0.084571
920.455470,0.447993,0.003658,0.083401
933.260290,0.447854,0.003736,0.085515
946.242997,0.445926,0.003640,0.084310
959.406523,0.445263,0.003755,0.086090
972.753209,0.446626,0.003668,0.081778
986.285194,0.444713,0.003614,0.081455
1000.006184,0.444400,0.003801,0.081239
1013.916821,0.446433,0.003742,0.082350
1028.022402,0.445563,0.003729,0.085791
1042.323362,0.443963,0.003693,0.082679
1056.823524,0.443104,0.003866,0.083441
1071.525031,0.445054,0.003593,0.084314
1086.431610,0.446252,0.003648,0.086737
1101.545077,0.448500,0.003759,0.085585
1116.868967,0.447080,0.003872,0.084430
1132.406142,0.449676,0.003910,0.086325
1148.159456,0.448050,0.003965,0.087445
1164.132213,0.447239,0.004567,0.088395
1180.326634,0.447126,0.004613,0.085164
1196.746465,0.444561,0.003774,0.086981
1213.394738,0.443637,0.004100,0.083994
1230.274594,0.450024,0.003834,0.082736
1247.389388,0.446393,0.003863,0.082722
1264.742251,0.448624,0.003692,0.081992
1282.336373,0.453309,0.004149,0.083229
1300.175181,0.450813,0.003714,0.084347
1318.262597,0.448878,0.003792,0.083200
1336.601381,0.451048,0.003850,0.084761
1355.195244,0.453520,0.003495,0.079340
1374.047735,0.451667,0.003659,0.082985
1393.162619,0.446989,0.003816,0.080927
1412.543415,0.447954,0.003722,0.081062
1432.193929,0.444222,0.003754,0.081658
1452.117481,0.448128,0.003726,0.080554
1472.318416,0.449674,0.003557,0.079744
1492.800204,0.450487,0.003824,0.084116
1513.567161,0.451020,0.003569,0.077961
1534.622781,0.449222,0.003557,0.081768
1555.971387,0.449061,0.003747,0.080161
1577.617087,0.452359,0.003711,0.081847
1599.563639,0.453507,0.003517,0.082233
1621.815844,0.451674,0.003734,0.083277
1644.377529,0.451913,0.003572,0.080001
1667.252881,0.452587,0.003612,0.082501
1690.446646,0.452387,0.003564,0.080704
1713.963289,0.452591,0.003653,0.081890
1737.806793,0.445600,0.003798,0.081545
1761.981768,0.447115,0.003828,0.082426
1786.493700,0.446324,0.003841,0.080465
1811.345753,0.448650,0.003751,0.081399
1836.544072,0.448246,0.003857,0.083414
1862.092662,0.445835,0.003787,0.084702
1887.997026,0.450785,0.003687,0.081429
1914.261696,0.448537,0.003588,0.080859
1940.891578,0.450224,0.003651,0.083044
1967.892118,0.449626,0.003728,0.081857
1995.268120,0.449678,0.003770,0.081205
2023.025234,0.448887,0.003746,0.084418
2051.167992,0.451902,0.003853,0.085940
2079.702623,0.447446,0.003641,0.082805
2108.633880,0.451941,0.003642,0.083286
2137.967834,0.447209,0.003554,0.082615
2167.709829,0.448457,0.003762,0.082523
2197.865455,0.450493,0.003632,0.082480
2228.441151,0.450702,0.003864,0.083432
2259.441605,0.450754,0.003652,0.080545
2290.873450,0.448572,0.003916,0.078642
2322.742628,0.448433,0.003922,0.082851
2355.055159,0.448476,0.003655,0.081832
2387.817105,0.446207,0.003734,0.082896
2421.034855,0.446785,0.003830,0.083390
2454.714627,0.445996,0.003535,0.081526
2488.863090,0.445052,0.003963,0.083380
2523.486783,0.445804,0.003714,0.082030
2558.591733,0.442315,0.003709,0.082751
2594.185156,0.448178,0.003812,0.084767
2630.273851,0.448285,0.003810,0.084345
2666.864338,0.449574,0.003755,0.082745
2703.964352,0.449839,0.003808,0.087560
2741.580042,0.447507,0.003679,0.082367
2779.718918,0.447207,0.003843,0.080519
2818.388812,0.443972,0.003639,0.084066
2857.596390,0.447376,0.003934,0.083979
2897.349599,0.448563,0.003844,0.086704
2937.655502,0.447980,0.004477,0.086114
2978.522418,0.444187,0.003667,0.084991
3019.957784,0.446539,0.003684,0.083339
3061.969279,0.446341,0.003643,0.082623
3104.565258,0.451526,0.003632,0.083773
3147.754044,0.447900,0.003662,0.083211
3191.543707,0.445841,0.003698,0.080850
3235.942721,0.444283,0.003905,0.081201
3280.958698,0.448161,0.003951,0.084823
3326.601319,0.448424,0.003857,0.086001
3372.879014,0.445193,0.003829,0.085002
3419.800363,0.445965,0.003861,0.084263
3467.374167,0.446704,0.003726,0.084134
3515.610358,0.442800,0.003730,0.082513
3564.517195,0.442215,0.003772,0.086598
3614.104470,0.445330,0.004249,0.086159
3664.381621,0.448437,0.004085,0.083246
3715.357939,0.446513,0.003832,0.083299
3767.043981,0.445378,0.003856,0.081588
3819.448484,0.452270,0.003621,0.080465
3872.582228,0.449302,0.003561,0.082684
3926.455090,0.448891,0.003654,0.084075
3981.077335,0.447167,0.003827,0.082034
4036.459845,0.448378,0.003736,0.086741
4092.612443,0.448672,0.004004,0.087349
4149.546442,0.447804,0.004308,0.087018
4207.272108,0.449285,0.003892,0.088744
4265.801087,0.444057,0.003661,0.084232
4325.144255,0.448283,0.003802,0.088908
4385.313032,0.446065,0.003721,0.082868
4446.318601,0.440385,0.003802,0.085776
4508.173133,0.443087,0.003737,0.087354
4570.887788,0.436726,0.003784,0.085305
4634.475215,0.442767,0.003812,0.086535
4698.946918,0.443207,0.003721,0.085055
4764.315815,0.444443,0.004103,0.085694
4830.593824,0.442415,0.003764,0.085520
4897.794258,0.449222,0.003724,0.083215
4965.928999,0.444713,0.003829,0.085573
5035.011877,0.446396,0.003766,0.085588
5105.056052,0.444611,0.003925,0.084413
5176.074299,0.444439,0.003837,0.084000
5248.080446,0.448748,0.003949,0.083482
5321.088354,0.444480,0.003714,0.084673
5395.112048,0.443485,0.003669,0.081943
5470.165420,0.444785,0.003733,0.084881
5546.263046,0.446696,0.004065,0.087650
5623.419244,0.446130,0.003895,0.085633
5701.648440,0.447248,0.004011,0.085573
5780.966259,0.440248,0.003983,0.084486
5861.387499,0.442511,0.003845,0.084152
5942.927225,0.445352,0.003731,0.084828
6025.601585,0.447017,0.004028,0.085159
6109.426070,0.451326,0.003857,0.084660
6194.416515,0.443176,0.003863,0.083062
6280.589427,0.445893,0.003723,0.088536
6367.961339,0.446067,0.003790,0.083873
-nan,0.446435,-nan,0.083749
6546.367597,0.444737,0.004072,0.087776
6637.436757,0.445998,0.004113,0.086315
6729.772659,0.444589,0.003789,0.084897
6823.392752,0.445472,0.003784,0.087094
-nan,0.446196,-nan,0.087960
7014.558890,0.449348,0.003862,0.082192
7112.140995,0.451817,0.003607,0.084771
7211.080765,0.443683,0.003895,0.088964
7311.396721,0.444415,0.003620,0.083820
7413.108422,0.444154,0.003856,0.083969
7516.235013,0.441761,0.003875,0.084019
7620.796016,0.440930,0.003606,0.082753
7726.811650,0.450780,0.003722,0.080248
7834.302108,0.447287,0.003643,0.081720
7943.288116,0.450265,0.003548,0.081845
8053.790008,0.448233,0.003721,0.084083
8165.829544,0.445898,0.003616,0.083099
8279.427259,0.454278,0.003476,0.081987
8394.605792,0.449320,0.003640,0.082383
8511.386002,0.447535,0.003668,0.085220
8629.791228,0.444548,0.003662,0.083580
8749.843603,0.442602,0.003993,0.084404
8871.565868,0.445076,0.003668,0.084419
8994.981776,0.440850,0.003658,0.083579
9120.114466,0.445457,0.003959,0.083073
9246.987584,0.442509,0.003891,0.088865
9375.625634,0.445485,0.003652,0.085964
9506.053907,0.440889,0.003827,0.086039
9638.296001,0.442765,0.003713,0.084290
9772.378186,0.447350,0.003967,0.079752
9908.325245,0.447776,0.003662,0.082775
10046.163555,0.447880,0.003743,0.081141
10185.919545,0.448413,0.003648,0.082491
10327.619707,0.447407,0.003625,0.083647
10471.291380,0.447687,0.003804,0.083916
10616.961361,0.447983,0.003686,0.084730
10764.658003,0.449696,0.004861,0.085157
10914.396979,0.451033,0.595500,0.081981
11066.243370,0.453204,-nan,0.085414
11220.190499,0.449470,-nan,0.084729
11376.278708,0.447528,-nan,0.081354
11534.538450,0.449752,-nan,0.084550
11694.999472,0.447776,-nan,0.079820
11857.693184,0.446789,-nan,0.083647
12022.650163,0.449467,-nan,0.080706
12189.901767,0.449126,-nan,0.084655
12359.480041,0.449452,-nan,0.083804
12531.417481,0.453267,-nan,0.083251
12705.746931,0.452930,-nan,0.082971
12882.501304,0.453807,-nan,0.082422
13061.714606,0.445443,-nan,0.082399
13243.421142,0.446989,-nan,0.084864
13427.655661,0.446361,-nan,0.087291
13614.452798,0.443009,-nan,0.086337
13803.848692,0.444920,-nan,0.082244
13995.878966,0.446020,-nan,0.088466
14190.580925,0.447152,-nan,0.082277
14387.991587,0.445867,-nan,0.080870
14588.148431,0.448385,-nan,0.081217
14791.089795,0.443115,-nan,0.083667
14996.854322,0.447839,-nan,0.084240
15205.481221,0.444783,-nan,0.086405
15417.010375,0.445957,-nan,0.084122
15631.482448,0.446735,-nan,0.085266
15848.937837,0.447752,-nan,0.088116
16069.418406,0.442833,-nan,0.089508
16292.966199,0.441465,-nan,0.086073
16519.623768,0.447341,-nan,0.086859
16749.434830,0.445237,-nan,0.083481
16982.442253,0.450824,-nan,0.084332
17218.691570,0.446039,-nan,0.083319
17458.227446,0.451398,-nan,0.084813
17701.095352,0.444113,-nan,0.081031
17947.342019,0.452835,-nan,0.077536
18197.014570,0.452559,-nan,0.080503
18450.160107,0.450750,-nan,0.085689
18706.827259,0.450109,-nan,0.082332
18967.064976,0.448474,-nan,0.084051
19230.923075,0.446954,-nan,0.082321
19498.451937,0.447350,-nan,0.082192
19769.702134,0.447474,-nan,0.083617
20044.726278,0.444896,-nan,0.090533
20323.576016,0.440904,-nan,0.083520
20606.304834,0.445446,-nan,0.083953
20892.967206,0.443835,-nan,0.086235
21183.617489,0.443146,-nan,0.085453
21478.310603,0.443983,-nan,0.085489
21777.103703,0.450785,-nan,0.086016
22080.053301,0.447193,-nan,0.085882
22387.217273,0.446826,-nan,0.082570
22698.654333,0.443863,-nan,0.081312
23014.423617,0.447557,-nan,0.080434
23334.586274,0.449700,-nan,0.082192
23659.202904,0.446720,-nan,0.086653
23988.335285,0.450367,-nan,0.086814
24322.045986,0.448978,-nan,0.083829
24660.398954,0.442430,-nan,0.083611
25003.444573,0.440500,-nan,0.086042
25351.291844,0.448665,-nan,0.082900
25703.963364,0.447322,-nan,0.084029
26061.541278,0.445787,-nan,0.084047
26424.093410,0.447426,-nan,0.082550
26791.688799,0.456467,-nan,0.081794
27164.398622,0.444363,-nan,0.081238
27542.292750,0.450167,-nan,0.085085
27925.444427,0.450339,-nan,0.085058
28313.925651,0.446485,-nan,0.084747
28707.811701,0.451463,-nan,0.082415
29107.176773,0.448093,-nan,0.088152
29512.097920,0.446570,-nan,0.086516
29922.652054,0.448267,-nan,0.084678
30338.917794,0.445500,-nan,0.083098
30760.973888,0.450828,-nan,0.082616
31188.901611,0.447509,-nan,0.080325
31622.782422,0.449078,-nan,0.082997
32062.699078,0.443459,-nan,0.087196
32508.735461,0.445887,-nan,0.085155
32960.976933,0.446074,-nan,0.083367
33419.430118,0.446561,-nan,0.085986
33884.421316,0.449070,-nan,0.083553
34355.800799,0.449972,-nan,0.084223
34833.737428,0.443602,-nan,0.087191
35318.322891,0.446085,-nan,0.086177
35809.649534,0.447148,-nan,0.088146
36307.811044,0.455535,-nan,0.082271
36812.903331,0.446439,-nan,0.086362
37325.021441,0.446496,-nan,0.085155
37844.264191,0.449891,-nan,0.085059
38370.730438,0.446059,-nan,0.083601
38904.520440,0.441859,-nan,0.083292
39445.735866,0.451467,-nan,0.083568
39994.480944,0.446465,-nan,0.086037
40550.858958,0.447409,-nan,0.085532
41114.978162,0.444046,-nan,0.086431
41686.944020,0.447872,-nan,0.085419
42266.866971,0.447520,-nan,0.082415
42854.857853,0.444472,-nan,0.085065
43451.028181,0.451076,-nan,0.083056
44055.492237,0.444654,-nan,0.089944
44668.365089,0.445909,-nan,0.084326
45289.763892,0.450374,-nan,0.085181
45919.807170,0.444496,-nan,0.087878
46558.615451,0.445050,-nan,0.086392
47206.309713,0.450763,-nan,0.082575
47863.015071,0.444654,-nan,0.088062
48528.855979,0.446204,-nan,0.084046
49203.959538,0.447254,-nan,0.084523
49888.454706,0.443283,-nan,0.088784
50582.471977,0.448785,-nan,0.084877
51286.144056,0.445600,-nan,0.087197
51999.605663,0.451891,-nan,0.086162
52722.992112,0.446333,-nan,0.088619
53456.441975,0.442428,-nan,0.083918
54200.094696,0.446893,-nan,0.084542
54954.093268,0.445941,-nan,0.086352
55717.774511,0.443663,-nan,0.089026
56493.703446,0.446557,-nan,0.089953
57279.608878,0.446061,-nan,0.089083
58076.447591,0.448091,-nan,0.088452
58884.371339,0.447339,-nan,0.086233
59703.534561,0.437593,-nan,0.090620
60534.093212,0.445424,-nan,0.090220
61376.206325,0.443820,-nan,0.090891
62230.034535,0.441780,-nan,0.090290
63095.740443,0.439700,-nan,0.089226
63973.489171,0.444178,-nan,0.090171
64863.449201,0.445861,-nan,0.087604
65765.789763,0.442572,-nan,0.087370
66680.682871,0.447226,-nan,0.086087
67608.303188,0.443750,-nan,0.086525
68548.828260,0.443215,-nan,0.085725
69502.437598,0.444098,-nan,0.088219
70469.312726,0.443374,-nan,0.090446
71449.638575,0.452563,-nan,0.086107
72443.601718,0.446020,-nan,0.089401
73451.392785,0.445887,-nan,0.085431
74473.203120,0.447852,-nan,0.087187
75509.228745,0.445772,-nan,0.086932
76559.666412,0.443693,-nan,0.089556
77624.717594,0.442730,-nan,0.085081
78704.584842,0.444070,-nan,0.086619
79799.474431,0.444580,-nan,0.086332
80909.595611,0.445035,-nan,0.089449
82035.003404,0.437648,-nan,0.087442
83176.382942,0.449141,-nan,0.086814
84333.481670,0.444741,-nan,0.092446
85506.677164,0.449122,-nan,0.084041
86696.193446,0.446737,-nan,0.091678
87902.257584,0.442928,-nan,0.088431
89124.061993,0.446159,-nan,0.091074
90364.953354,0.442917,-nan,0.092059
91622.055016,0.437159,-nan,0.093539
92895.877146,0.441796,-nan,0.089830
94188.965519,0.440046,-nan,0.090068
95498.961639,0.443404,-nan,0.093315
96827.791584,0.444224,-nan,0.090325
98173.349473,0.443628,-nan,0.094596
99540.547670,0.440424,-nan,0.093873
100925.294326,0.447963,-nan,0.094310
102329.305018,0.441704,-nan,0.089224
103752.847468,0.445104,-nan,0.091101
105196.193186,0.441767,-nan,0.091822
106659.617794,0.444513,-nan,0.091941
108143.400805,0.443859,-nan,0.090838
109647.825496,0.446237,-nan,0.093550
111173.178496,0.443272,-nan,0.092783
112719.751530,0.440946,-nan,0.092071
114287.839432,0.441448,-nan,0.092939
115877.741364,0.446826,-nan,0.092110
117489.761409,0.445602,-nan,0.096111
119123.156934,0.445276,-nan,0.095641
120781.389571,0.444896,-nan,0.092123
122461.295400,0.437052,-nan,0.094753
124165.236590,0.443474,-nan,0.096301
125892.546856,0.442272,-nan,0.095002
127643.886807,0.439311,-nan,0.098175
129419.589939,0.444728,-nan,0.093655
131219.995629,0.441415,-nan,0.092178
133045.447407,0.444161,-nan,0.097704
134896.294266,0.440737,-nan,0.097225
136772.684262,0.441770,-nan,0.094620
138675.588572,0.440107,-nan,0.095965
140604.758273,0.440620,-nan,0.096572
142560.765314,0.441141,-nan,0.095679
144543.983023,0.443324,-nan,0.098468
146554.789843,0.437476,-nan,0.095922
148593.569936,0.439802,-nan,0.098488
150660.712554,0.442900,-nan,0.095378
152756.611792,0.440278,-nan,0.096267
154881.667493,0.442120,-nan,0.093212
157033.854739,0.443848,-nan,0.099465
159220.878386,0.444750,-nan,0.100035
161435.861550,0.443830,-nan,0.099992
163681.658005,0.442863,-nan,0.097719
165957.712652,0.442502,-nan,0.100158
168267.411878,0.441467,-nan,0.098203
170608.244666,0.449102,-nan,0.099597
172981.641690,0.440407,-nan,0.105572
175388.056009,0.441596,-nan,0.098832
177827.946938,0.441700,-nan,0.100507
180301.779721,0.445117,-nan,0.097528
182807.409272,0.442667,-nan,0.100541
185353.168233,0.440050,-nan,0.099444
187930.600142,0.438346,-nan,0.102431
190546.077773,0.437870,-nan,0.101451
193196.837413,0.439602,-nan,0.103986
195884.473159,0.439213,-nan,0.103121
198608.257314,0.435620,-nan,0.105986
201372.430942,0.434580,-nan,0.104538
204173.800340,0.434939,-nan,0.104350
207012.564923,0.439061,-nan,0.110111
209893.994443,0.430448,-nan,0.109377
212813.910501,0.435107,-nan,0.106152
215774.446598,0.438976,-nan,0.107361
218776.168158,0.439357,-nan,0.104844
221819.647746,0.435128,-nan,0.107391
224905.466536,0.440978,-nan,0.108367
228034.212957,0.440257,-nan,0.103720
231206.182222,0.433091,-nan,0.108877
234422.887376,0.441004,-nan,0.108998
237682.859915,0.435620,-nan,0.107608
240990.548692,0.431389,-nan,0.104937
244343.061005,0.442789,-nan,0.107953
247742.211563,0.439261,-nan,0.105691
251188.648949,0.435213,-nan,0.107584
254683.031282,0.437639,-nan,0.105235
258226.025035,0.432026,-nan,0.108176
261818.306652,0.435191,-nan,0.106803
265460.561937,0.435265,-nan,0.105306
269153.486401,0.437015,-nan,0.107589
272897.784165,0.435980,-nan,0.108831
276689.356109,0.440139,-nan,0.111038
280543.369673,0.441422,-nan,0.109805
284444.907594,0.431011,-nan,0.106662
288397.999468,0.439065,-nan,0.110934
292415.243542,0.432843,-nan,0.109639
296483.144817,0.439228,-nan,0.110079
300607.635944,0.434241,-nan,0.111152
304789.505034,0.432733,-nan,0.113470
309028.429226,0.437328,-nan,0.111041
313328.578228,0.431426,-nan,0.111928
317687.412533,0.440776,-nan,0.113617
322106.884822,0.434107,-nan,0.112697
326587.604527,0.431737,-nan,0.109381
331131.127366,0.432963,-nan,0.115774
335737.620062,0.430033,-nan,0.112063
340408.195467,0.437774,-nan,0.113500
345143.612443,0.434009,-nan,0.114581
349943.251687,0.429328,-nan,0.117489
354813.395019,0.425537,-nan,0.112898
359746.038925,0.436161,-nan,0.114868
364753.952845,0.429307,-nan,0.115621
369828.185911,0.427017,-nan,0.118962
374966.205210,0.427763,-nan,0.117411
380188.902732,0.424683,-nan,0.117489
385478.363683,0.433057,-nan,0.117471
390832.911768,0.428857,-nan,0.119245
396278.040048,0.430024,-nan,0.119614
401790.816788,0.424530,-nan,0.120628
407374.428580,0.429874,-nan,0.121833
413047.508002,0.425626,-nan,0.120627
418784.934483,0.427004,-nan,0.122522
424619.569907,0.428846,-nan,0.121424
430526.616189,0.432948,-nan,0.122501
436515.838408,0.426522,-nan,0.123919
442588.378002,0.432820,-nan,0.121737
448741.006741,0.424337,-nan,0.123555
454987.936603,0.426633,-nan,0.124547
461317.580493,0.427778,-nan,0.122510
467735.146935,0.426909,-nan,0.124117
474241.711199,0.425124,-nan,0.124043
480834.833334,0.423263,-nan,0.125206
487528.495883,0.424167,-nan,0.124214
494307.743024,0.425146,-nan,0.123789
501187.239328,0.432200,-nan,0.125511
508159.448353,0.428778,-nan,0.124107
515228.266790,0.426026,-nan,0.124469
522396.194913,0.428320,-nan,0.126354
529663.449744,0.428137,-nan,0.124834
537031.802200,0.426137,-nan,0.127233
544502.658612,0.428302,-nan,0.125111
552070.341214,0.421030,-nan,0.127757
559757.607497,0.424509,-nan,0.126546
567542.952298,0.428998,-nan,0.126923
575439.175838,0.421724,-nan,0.129334
583442.694227,0.418113,-nan,0.127354
591561.640025,0.422530,-nan,0.128612
599791.081955,0.425437,-nan,0.126256
608135.007179,0.425224,-nan,0.129607
616588.757936,0.425726,-nan,0.131940
625160.808249,0.424137,-nan,0.131072
633869.717052,0.425702,-nan,0.133212
642687.722976,0.427185,-nan,0.129603
651624.945087,0.429311,-nan,0.133102
660693.454095,0.423954,-nan,0.132988
669884.614947,0.421026,-nan,0.129671
679203.638640,0.412757,-nan,0.132091
688652.210483,0.424283,-nan,0.131745
698223.585669,0.421904,-nan,0.131692
707945.790035,0.423339,-nan,0.132903
717785.505689,0.420591,-nan,0.130875
727779.810745,0.413580,-nan,0.132543
737894.294889,0.412083,-nan,0.134231
748161.059376,0.422100,-nan,0.137847
758577.580629,0.421317,-nan,0.136182
769129.855261,0.420276,-nan,0.136165
779814.548389,0.422598,-nan,0.135115
790678.633697,0.420672,-nan,0.135253
801676.714071,0.424852,-nan,0.139457
812830.521915,0.422761,-nan,0.135707
824135.741021,0.417363,-nan,0.135719
835600.107613,0.418183,-nan,0.136679
847227.419805,0.419611,-nan,0.138043
859005.025051,0.417685,-nan,0.140696
870963.595881,0.414741,-nan,0.138482
883079.906216,0.418502,-nan,0.139573
895360.698977,0.417326,-nan,0.140538
907820.536157,0.420415,-nan,0.139806
920449.577685,0.416241,-nan,0.139660
933254.306257,0.420548,-nan,0.142998
946233.675610,0.414089,-nan,0.141165
959398.477962,0.417648,-nan,0.141784
972747.229665,0.412933,-nan,0.143543
