0.000000,0.995000,0.000000,0.000000
1.003011,0.848279,0.001686,0.027178
1.016508,0.846924,0.001718,0.027184
1.030314,0.845534,0.001703,0.027017
1.044219,0.843879,0.001720,0.027155
1.058332,0.842934,0.001687,0.027382
1.072644,0.841745,0.001751,0.027222
1.087265,0.840345,0.001696,0.027360
1.101955,0.838866,0.001748,0.027235
1.116820,0.837553,0.001718,0.027355
1.131970,0.836389,0.001740,0.027048
1.147329,0.835058,0.001762,0.027011
1.162902,0.833913,0.001717,0.026826
1.178668,0.832729,0.001774,0.026763
1.194375,0.831289,0.001716,0.026813
1.210712,0.829921,0.001738,0.027062
1.227055,0.828789,0.001771,0.027341
1.243709,0.827692,0.001715,0.027371
1.260577,0.826558,0.001797,0.027402
1.277514,0.825334,0.001731,0.027582
1.294970,0.823842,0.001736,0.027912
1.312525,0.822379,0.001741,0.027851
1.330282,0.820968,0.001765,0.027730
1.348296,0.819818,0.001768,0.027721
1.366550,0.818674,0.001780,0.027899
1.385053,0.817105,0.001753,0.027861
1.403780,0.815792,0.001743,0.028259
1.422709,0.814739,0.001751,0.028766
1.441992,0.813529,0.001767,0.029252
1.461586,0.812213,0.001769,0.029407
1.481308,0.810958,0.001777,0.029711
1.501368,0.809692,0.001838,0.029319
1.521835,0.808300,0.001755,0.029578
1.542428,0.806692,0.001794,0.029575
1.563264,0.805382,0.001828,0.029566
1.584392,0.803895,0.001763,0.029898
1.605907,0.802189,0.001859,0.030185
1.627667,0.801171,0.001791,0.030529
1.649712,0.799545,0.001792,0.030528
1.672079,0.798053,0.001868,0.030570
1.694774,0.796674,0.001783,0.030709
1.717739,0.795105,0.001778,0.030654
1.741060,0.793782,0.001848,0.030791
1.764442,0.792442,0.001849,0.031064
1.788544,0.790900,0.001788,0.031232
1.812767,0.789563,0.001879,0.031404
1.837183,0.787934,0.001863,0.031280
1.862134,0.786792,0.001848,0.031514
1.887384,0.785192,0.001857,0.031644
1.912957,0.783989,0.001846,0.031606
1.938946,0.782561,0.001860,0.032000
1.965216,0.781021,0.001840,0.031898
1.991750,0.779853,0.001882,0.031773
2.018782,0.779053,0.001884,0.032094
2.046331,0.777268,0.001887,0.032658
2.073994,0.775695,0.001860,0.032991
2.101958,0.773732,0.001831,0.033753
2.130450,0.772497,0.001887,0.033645
2.159279,0.771405,0.001870,0.033698
2.188516,0.769950,0.001930,0.033868
2.218348,0.768471,0.001875,0.033682
2.248286,0.766726,0.001866,0.033449
2.278841,0.765568,0.001937,0.033700
2.309669,0.764253,0.001894,0.034124
2.341085,0.762834,0.001879,0.034202
2.372775,0.762053,0.001947,0.034810
2.404798,0.760745,0.001899,0.035189
2.437521,0.759187,0.001953,0.035357
2.470532,0.757474,0.001900,0.035370
2.504022,0.755892,0.001946,0.035244
2.537958,0.754497,0.001960,0.035062
2.572465,0.752963,0.001890,0.034896
2.607130,0.751137,0.001895,0.035422
2.642616,0.749411,0.001968,0.035824
2.678272,0.748137,0.001922,0.036018
2.714781,0.746689,0.001951,0.035745
2.751496,0.745568,0.001904,0.035996
2.788903,0.744113,0.001975,0.036507
2.826567,0.742466,0.001988,0.036645
2.864961,0.741313,0.001943,0.037137
2.903733,0.739626,0.002005,0.036595
2.943152,0.737889,0.001981,0.037048
2.983073,0.736795,0.001958,0.037457
3.023443,0.735289,0.001955,0.038212
3.064453,0.733984,0.001995,0.038304
3.106097,0.732663,0.001997,0.038538
3.148160,0.731458,0.001923,0.038505
3.190883,0.730061,0.001937,0.039046
3.234100,0.728961,0.001964,0.038958
3.277983,0.727513,0.001961,0.039148
3.322297,0.725997,0.002010,0.039308
3.367305,0.724661,0.001996,0.038445
3.413103,0.723603,0.002032,0.038550
3.459304,0.721721,0.001992,0.039396
3.506235,0.719700,0.002081,0.039778
3.553694,0.718482,0.002010,0.039956
3.601977,0.717176,0.002051,0.039980
3.650838,0.715958,0.002022,0.040043
3.700337,0.714826,0.002041,0.040301
3.750524,0.713426,0.002099,0.040211
3.801491,0.711945,0.002014,0.040345
3.852947,0.711458,0.002054,0.040730
3.905099,0.710121,0.002000,0.041273
3.957983,0.708905,0.002070,0.041117
4.011663,0.707721,0.002025,0.040571
4.066120,0.705863,0.002081,0.041075
4.121281,0.704268,0.002061,0.041445
4.177295,0.702768,0.002046,0.041031
4.233885,0.701371,0.002105,0.041125
4.291321,0.699700,0.002059,0.041054
4.349310,0.698476,0.002080,0.041270
4.408327,0.696592,0.002186,0.041791
4.468230,0.695171,0.002118,0.041139
4.528893,0.693508,0.002107,0.041214
4.590163,0.692516,0.002123,0.041931
4.652562,0.690132,0.002090,0.041992
4.715404,0.688803,0.002104,0.042058
4.779440,0.686900,0.002171,0.042490
4.844245,0.685813,0.002152,0.042498
4.909998,0.684379,0.002153,0.042448
4.976644,0.682895,0.002125,0.042688
5.044062,0.681242,0.002125,0.042633
5.112515,0.679797,0.002117,0.042764
5.181845,0.678492,0.002189,0.043376
5.252235,0.676850,0.002122,0.043111
5.323351,0.675611,0.002140,0.043580
5.395419,0.673889,0.002151,0.043700
5.468629,0.672597,0.002168,0.043683
5.542912,0.671389,0.002248,0.043990
5.618043,0.670263,0.002127,0.044766
5.694208,0.669155,0.002216,0.044260
5.771484,0.668063,0.002243,0.044550
5.849738,0.666571,0.002187,0.043810
5.929062,0.665279,0.002148,0.043494
6.009406,0.664508,0.002176,0.043777
6.091037,0.664050,0.002233,0.043548
6.173679,0.662221,0.002211,0.043855
6.257351,0.660695,0.002226,0.044137
6.342253,0.659079,0.002183,0.044336
6.428290,0.657755,0.002190,0.044477
6.515512,0.657216,0.002182,0.045050
6.603883,0.656703,0.002273,0.045446
6.693427,0.655466,0.002195,0.045503
6.784318,0.654292,0.002219,0.045539
6.876092,0.653187,0.002266,0.045822
6.969516,0.651905,0.002276,0.046228
7.063829,0.651721,0.002262,0.046206
7.159784,0.649521,0.002289,0.046370
7.256873,0.647945,0.002306,0.045630
7.355390,0.646234,0.002274,0.045942
7.455140,0.645324,0.002300,0.046239
7.556343,0.643589,0.002361,0.046998
7.658789,0.642611,0.002252,0.046625
7.762518,0.640576,0.002265,0.047107
7.868034,0.639258,0.002335,0.046699
7.974695,0.638297,0.002269,0.046133
8.082882,0.637042,0.002225,0.045567
8.192337,0.635971,0.002303,0.045090
8.303643,0.634953,0.002230,0.045219
8.416138,0.633195,0.002279,0.044408
8.530430,0.632226,0.002238,0.045074
8.646102,0.630895,0.002377,0.045597
8.763442,0.629650,0.002359,0.045531
8.882407,0.629211,0.002352,0.045968
9.002710,0.628729,0.002333,0.046248
9.124881,0.626758,0.002358,0.046189
9.248520,0.624542,0.002325,0.046927
9.374082,0.623997,0.002338,0.046984
9.501194,0.623508,0.002348,0.047182
9.630117,0.621666,0.002353,0.047653
9.760854,0.620916,0.002354,0.047989
9.893231,0.619589,0.002377,0.048622
10.027414,0.618345,0.002346,0.049492
10.163499,0.616492,0.002360,0.049112
10.301283,0.615747,0.002426,0.049525
10.441005,0.614284,0.002390,0.049719
10.582782,0.613192,0.002395,0.050406
10.726285,0.611208,0.002406,0.050619
10.871769,0.609845,0.002358,0.051321
11.019340,0.609616,0.002400,0.050302
11.168650,0.609297,0.002372,0.049192
11.320176,0.608055,0.002424,0.048266
11.473875,0.606918,0.002458,0.048212
11.629482,0.606124,0.002387,0.048713
11.787112,0.605937,0.002454,0.049076
11.947185,0.604208,0.002383,0.049378
12.109149,0.602745,0.002327,0.049007
12.273525,0.602000,0.002442,0.049184
12.440069,0.600418,0.002429,0.049498
12.608723,0.600066,0.002390,0.049308
12.779632,0.598563,0.002410,0.049635
12.953205,0.596745,0.002426,0.048980
13.128908,0.595821,0.002468,0.049376
13.306913,0.595216,0.002484,0.049293
13.487591,0.595074,0.002480,0.050569
13.670460,0.594826,0.002554,0.051644
13.856168,0.593647,0.002472,0.052871
14.044035,0.592421,0.002468,0.051958
14.234631,0.591592,0.002476,0.051152
14.427529,0.590666,0.002508,0.050599
14.623413,0.589571,0.002451,0.049883
14.821813,0.589611,0.002413,0.048742
15.022935,0.587697,0.002475,0.049348
15.226778,0.586266,0.002562,0.050035
15.433090,0.584947,0.002555,0.051745
15.642540,0.584668,0.002524,0.051635
15.854518,0.583626,0.002441,0.052106
16.069780,0.580987,0.002488,0.052579
16.287980,0.580921,0.002533,0.053538
16.509159,0.580742,0.002597,0.052724
16.733003,0.580866,0.002491,0.052476
16.959689,0.580316,0.002556,0.051719
17.189778,0.578358,0.002540,0.051596
17.423215,0.577392,0.002551,0.052238
17.659624,0.577150,0.002606,0.052809
17.899332,0.576595,0.002623,0.052511
18.142267,0.575561,0.002551,0.052797
18.388301,0.574418,0.002567,0.052179
18.637697,0.572924,0.002601,0.053599
18.890549,0.571213,0.002557,0.054504
19.146855,0.570189,0.002576,0.054066
19.406525,0.568574,0.002647,0.053707
19.669801,0.569311,0.002626,0.054163
19.936641,0.568984,0.002611,0.054872
20.207230,0.570734,0.002694,0.054549
20.481386,0.569621,0.002670,0.054551
20.759573,0.567637,0.002672,0.054087
21.040981,0.565329,0.002622,0.054044
21.326676,0.564158,0.002661,0.053953
21.615945,0.562761,0.002615,0.053658
21.909037,0.561384,0.002639,0.055274
22.206226,0.559105,0.002644,0.055059
22.507737,0.559168,0.002656,0.055424
22.812864,0.559666,0.002604,0.055688
23.122581,0.558337,0.002687,0.055883
23.436060,0.557013,0.002694,0.056248
23.754336,0.555671,0.002746,0.056244
24.076729,0.554918,0.002683,0.055975
24.403373,0.554997,0.002667,0.056103
24.734248,0.554616,0.002665,0.056415
25.069888,0.552718,0.002819,0.055722
25.410133,0.550795,0.002719,0.056779
25.754804,0.550234,0.002711,0.057037
26.104199,0.548861,0.002684,0.057507
26.458523,0.548068,0.002761,0.057058
26.817615,0.547389,0.002738,0.057259
27.181440,0.545587,0.002772,0.057568
27.550332,0.545158,0.002632,0.057171
27.924062,0.544145,0.002758,0.056984
28.302908,0.542708,0.002653,0.057037
28.686921,0.541200,0.002716,0.056495
29.075983,0.540963,0.002784,0.055702
29.470797,0.540326,0.002767,0.056592
29.870599,0.540450,0.002748,0.057080
30.275672,0.539818,0.002754,0.057279
30.686624,0.538363,0.002712,0.057264
31.103212,0.536532,0.002835,0.056263
31.525081,0.534095,0.002856,0.056681
31.952822,0.532618,0.002812,0.058183
32.386455,0.530668,0.002828,0.056062
32.825836,0.531397,0.002875,0.056877
33.271351,0.529250,0.002909,0.056788
33.722778,0.527142,0.002795,0.057983
34.180278,0.527718,0.002900,0.059065
34.644033,0.527184,0.002751,0.058154
35.113927,0.527521,0.002932,0.059981
35.590707,0.526208,0.002914,0.060096
36.073625,0.525484,0.002850,0.061094
36.562914,0.526942,0.002798,0.062103
37.059083,0.524155,0.002821,0.060851
37.561791,0.522932,0.002884,0.059988
38.071405,0.522018,0.002818,0.059298
38.588301,0.520971,0.002952,0.059473
39.111631,0.521637,0.002908,0.060540
39.642325,0.520924,0.002974,0.059334
40.180343,0.520789,0.002981,0.058652
40.725487,0.519947,0.002792,0.058279
41.278261,0.519334,0.002902,0.056785
41.838230,0.518700,0.002847,0.058457
42.406007,0.516889,0.002880,0.059108
42.981356,0.515282,0.002824,0.058809
43.564819,0.515037,0.003034,0.058465
44.155747,0.515147,0.002941,0.059225
44.754916,0.514366,0.002947,0.060547
45.362114,0.513389,0.002877,0.059271
45.977603,0.513539,0.002947,0.059343
46.601388,0.512689,0.002939,0.059998
47.233954,0.511947,0.002950,0.060141
47.874663,0.510668,0.002926,0.059856
48.524342,0.509729,0.002977,0.060994
49.182677,0.509545,0.002989,0.060536
49.850311,0.507542,0.003011,0.061017
50.526700,0.507158,0.003009,0.060767
51.212187,0.506089,0.002991,0.062006
51.906895,0.505753,0.002880,0.060943
52.611459,0.505905,0.003050,0.062115
53.325298,0.505561,0.002958,0.062810
54.048561,0.504316,0.002955,0.062195
54.782138,0.502450,0.002999,0.063937
55.525745,0.504168,0.003001,0.064726
56.279084,0.503871,0.003069,0.064045
57.042715,0.503447,0.003038,0.062644
57.816697,0.501968,0.003146,0.063931
58.601026,0.502237,0.002999,0.065171
59.396537,0.500282,0.003065,0.065621
60.202443,0.499918,0.003128,0.065552
61.019150,0.498116,0.003026,0.064888
61.847277,0.498616,0.003048,0.064728
62.686425,0.497616,0.002936,0.062879
63.537122,0.494042,0.003042,0.061953
64.399338,0.495182,0.003140,0.063407
65.273103,0.494258,0.002973,0.063730
66.159009,0.492068,0.003027,0.063417
67.056803,0.489816,0.003123,0.063624
67.966617,0.489737,0.003042,0.063441
68.888692,0.489387,0.003229,0.064113
69.823465,0.490382,0.003081,0.062889
70.771010,0.487189,0.002997,0.062868
71.731269,0.488124,0.003107,0.064482
72.704760,0.487966,0.003120,0.067132
73.691058,0.485639,0.003047,0.065663
74.691363,0.483803,0.003093,0.065696
75.704893,0.483629,0.003157,0.063934
76.731947,0.484747,0.003099,0.065476
77.773194,0.483871,0.003080,0.063073
78.828345,0.480603,0.003152,0.063761
79.898450,0.480061,0.003101,0.064785
80.982308,0.480126,0.003168,0.065290
82.081447,0.479284,0.003144,0.064688
83.195080,0.477724,0.003264,0.064503
84.323883,0.478005,0.003138,0.063787
85.468219,0.476987,0.003257,0.065919
86.628136,0.475976,0.003291,0.066174
87.803498,0.475642,0.003191,0.067023
88.995021,0.473376,0.003352,0.066365
90.202652,0.473779,0.003287,0.065988
91.426624,0.473337,0.003167,0.067888
92.667400,0.473829,0.003330,0.068030
93.924768,0.473324,0.003142,0.066898
95.199172,0.473316,0.003228,0.067034
96.491041,0.473597,0.003314,0.066567
97.800388,0.473426,0.003278,0.066368
99.127376,0.474203,0.003174,0.067847
100.472714,0.473961,0.003206,0.069773
101.835941,0.473234,0.003270,0.070429
103.217835,0.472282,0.003401,0.071096
104.618555,0.471124,0.003349,0.069778
106.037850,0.471553,0.003240,0.070657
107.476946,0.470434,0.003292,0.070960
108.935308,0.470621,0.003407,0.073184
110.413546,0.467366,0.003352,0.072104
111.911976,0.467484,0.003426,0.070276
113.430712,0.466839,0.003420,0.070559
114.969746,0.466189,0.003316,0.068892
116.529940,0.466863,0.003215,0.068288
118.111008,0.467608,0.003256,0.070372
119.713837,0.467403,0.003323,0.070028
121.338053,0.464313,0.003135,0.068731
122.985023,0.465476,0.003340,0.070229
124.654044,0.465084,0.003423,0.070425
126.345268,0.464911,0.003448,0.070251
128.059736,0.462921,0.003407,0.069834
129.797446,0.461539,0.003356,0.072250
131.559097,0.459111,0.003432,0.070859
133.344003,0.460726,0.003439,0.071774
135.153626,0.458329,0.003418,0.072827
136.987422,0.458611,0.003353,0.071686
138.846636,0.458861,0.003353,0.073050
140.730623,0.458095,0.003438,0.074359
142.640183,0.458076,0.003368,0.074901
144.575921,0.460316,0.003543,0.074208
146.537518,0.457442,0.003436,0.074413
148.526145,0.458092,0.003455,0.075298
150.541740,0.455963,0.003364,0.076504
152.584505,0.457516,0.003367,0.074933
154.655124,0.456368,0.003585,0.077468
156.753652,0.454124,0.003486,0.075297
158.880833,0.452561,0.003596,0.073562
161.036750,0.453082,0.003464,0.073951
163.221802,0.451645,0.003415,0.072854
165.436947,0.451334,0.003439,0.072207
167.681870,0.451905,0.003520,0.073875
169.957325,0.451963,0.003538,0.074738
172.263592,0.451584,0.003399,0.073548
174.601162,0.453029,0.003450,0.073408
176.970505,0.454276,0.003487,0.073816
179.371806,0.453013,0.003624,0.074306
181.805823,0.453321,0.003549,0.074900
184.272800,0.455089,0.003591,0.075343
186.773652,0.455221,0.003527,0.076126
189.308098,0.453824,0.003442,0.077556
191.877229,0.450216,0.003518,0.077244
194.480778,0.451847,0.003586,0.076785
197.119960,0.451350,0.003415,0.077608
199.794480,0.450547,0.003502,0.079495
202.506028,0.451534,0.003667,0.078117
205.254007,0.453666,0.003775,0.078998
208.039562,0.452587,0.003736,0.079509
210.862241,0.451937,0.003559,0.080447
213.723652,0.449361,0.003622,0.080915
216.623856,0.449326,0.003563,0.080474
219.563489,0.449216,0.003429,0.082144
222.543072,0.449626,0.003812,0.081097
225.563041,0.449132,0.003582,0.081558
228.623464,0.449879,0.003647,0.082959
231.726423,0.448939,0.003634,0.083998
234.870691,0.450421,0.003717,0.079188
238.057653,0.452729,0.003500,0.080183
241.288393,0.449129,0.003633,0.078481
244.562505,0.445139,0.003687,0.078601
247.881346,0.446445,0.003829,0.078658
251.245206,0.444937,0.003655,0.079238
254.654314,0.445950,0.003662,0.078695
258.110045,0.445011,0.003575,0.077617
261.612614,0.444066,0.003643,0.078256
265.162705,0.445037,0.003579,0.077831
268.760986,0.444158,0.003566,0.078536
272.408309,0.443405,0.003689,0.077406
276.104501,0.444837,0.003583,0.078944
279.851352,0.446189,0.003601,0.080910
283.648923,0.444895,0.003679,0.081134
287.498325,0.443974,0.003899,0.081009
291.399615,0.443682,0.003566,0.080637
295.353848,0.443108,0.003628,0.079697
299.361702,0.440776,0.003749,0.081528
303.424331,0.439100,0.003855,0.078796
307.541584,0.440524,0.003749,0.077260
311.715034,0.436900,0.003741,0.078611
315.945043,0.438866,0.003723,0.079429
320.232445,0.439650,0.003731,0.081688
324.578021,0.438705,0.003621,0.083388
328.982273,0.441032,0.003531,0.081441
333.446979,0.438261,0.003901,0.080755
337.971660,0.435663,0.003627,0.081758
342.557949,0.439134,0.003752,0.081400
347.206574,0.437513,0.003781,0.083155
351.918075,0.437695,0.003832,0.083730
356.693696,0.438345,0.003733,0.082439
361.534055,0.440245,0.003645,0.083360
366.439982,0.440279,0.003661,0.082398
371.412487,0.438797,0.003573,0.080968
376.452763,0.435608,0.003782,0.080764
381.561194,0.432695,0.003817,0.080859
386.739119,0.430111,0.003843,0.078425
391.987219,0.429637,0.003911,0.079193
397.306628,0.430574,0.003914,0.080355
402.698008,0.431553,0.003852,0.077385
408.162666,0.431155,0.003760,0.079691
413.701498,0.431416,0.003796,0.081257
419.315417,0.432839,0.003539,0.081021
425.005637,0.430182,0.003698,0.078747
430.773231,0.432576,0.003765,0.078357
436.618514,0.433168,0.003710,0.080877
442.543528,0.432166,0.003837,0.081966
448.548826,0.430766,0.003952,0.082118
454.635539,0.434574,0.003711,0.080729
460.805195,0.431637,0.003674,0.080878
467.058394,0.431205,0.003663,0.083691
473.396756,0.428505,0.004062,0.082912
479.820385,0.427616,0.003990,0.083535
486.331736,0.429711,0.003888,0.084990
492.931258,0.426234,0.003874,0.085024
499.620484,0.428253,0.003956,0.080945
506.400298,0.426479,0.003921,0.080798
513.272584,0.425716,0.003886,0.084844
520.237861,0.427721,0.004013,0.083861
527.297362,0.429934,0.003811,0.083341
534.452536,0.429429,0.003974,0.082938
541.705011,0.431761,0.003817,0.083842
549.056312,0.429584,0.004488,0.083160
556.507149,0.430111,0.005380,0.085196
564.058828,0.434518,0.004280,0.085757
571.713594,0.431453,0.005421,0.088070
579.471223,0.433166,0.004149,0.087585
587.335227,0.430821,0.004632,0.085799
595.305396,0.433195,0.004511,0.082632
603.383829,0.431461,0.005989,0.082350
611.571631,0.429732,0.004037,0.084495
619.870738,0.434424,0.003959,0.082980
628.282620,0.432761,0.003923,0.084028
636.808172,0.435529,0.003839,0.085585
645.449994,0.435366,0.004017,0.083212
654.208740,0.433647,0.004401,0.087570
663.086398,0.434042,0.004172,0.087420
672.084936,0.436584,0.004021,0.085569
681.204965,0.431774,0.003824,0.085265
690.449165,0.433534,0.003947,0.086628
699.818930,0.434087,0.004923,0.090487
709.315506,0.430882,0.004126,0.088438
718.940907,0.429892,0.004052,0.087208
728.697168,0.430587,0.003947,0.083787
738.585430,0.431911,0.004161,0.086311
748.608338,0.431361,0.004150,0.087242
758.767267,0.429237,0.003907,0.087440
769.063560,0.432829,0.003607,0.089109
779.500113,0.431824,0.004004,0.088701
790.078165,0.428108,0.004016,0.089918
800.799591,0.427371,0.003886,0.086267
811.666788,0.426982,0.004129,0.084386
822.681132,0.423429,0.004045,0.084314
833.845291,0.421818,0.004348,0.087271
845.160524,0.422179,0.004193,0.085206
856.629205,0.423266,0.003823,0.086170
868.253950,0.424350,0.004112,0.085485
880.036517,0.426089,0.004022,0.085078
891.978726,0.425255,0.004016,0.085956
904.082936,0.424076,0.003931,0.086607
916.351639,0.423747,0.004007,0.090500
928.786606,0.426129,0.004325,0.088132
941.390660,0.424705,0.004701,0.087560
954.165232,0.427016,0.005600,0.088223
967.105023,0.424721,0.181766,0.088735
980.237722,0.425850,-nan,0.089379
993.539781,0.423658,-nan,0.088126
1007.022110,0.422221,-nan,0.087337
1020.687651,0.419553,-nan,0.086624
1034.538750,0.421268,-nan,0.087284
1048.577508,0.421668,-nan,0.089563
1062.806999,0.423661,-nan,0.088240
1077.229628,0.420639,-nan,0.086530
1091.847399,0.427168,-nan,0.089379
1106.664555,0.424984,-nan,0.090694
1121.681947,0.422297,-nan,0.088619
1136.903076,0.424892,-nan,0.090019
1152.331416,0.421618,-nan,0.089315
1167.968910,0.422053,-nan,0.090712
1183.818574,0.419316,-nan,0.091276
1199.883180,0.417263,-nan,0.090553
1216.165718,0.418918,-nan,0.090231
1232.669454,0.417318,-nan,0.085822
1249.397037,0.421771,-nan,0.087558
1266.351742,0.416661,-nan,0.088117
1283.536355,0.419113,-nan,0.090900
1300.953968,0.421534,-nan,0.090134
1318.608211,0.422092,-nan,0.090141
1336.501911,0.417950,-nan,0.087295
1354.638588,0.428471,-nan,0.089788
1373.021489,0.423768,-nan,0.091935
1391.653558,0.428853,-nan,0.091362
1410.538633,0.424213,-nan,0.090326
1429.680427,0.417813,-nan,0.090180
1449.081563,0.419742,-nan,0.092196
1468.745719,0.420482,-nan,0.091904
1488.676832,0.421471,-nan,0.092352
1508.878383,0.421068,-nan,0.094683
1529.354592,0.419611,-nan,0.092403
1550.108097,0.418216,-nan,0.092385
1571.143305,0.422542,-nan,0.089335
1592.463904,0.424324,-nan,0.088005
1614.074275,0.418468,-nan,0.091570
1635.977846,0.421016,-nan,0.092526
1658.178289,0.420237,-nan,0.093769
1680.679962,0.420732,-nan,0.088176
1703.487350,0.416339,-nan,0.090000
1726.604369,0.417163,-nan,0.089963
1750.034398,0.418034,-nan,0.091743
1773.782967,0.416397,-nan,0.092687
1797.853667,0.418576,-nan,0.089486
1822.250935,0.423621,-nan,0.093833
1846.979251,0.425021,-nan,0.091872
1872.043451,0.420868,-nan,0.092925
1897.447320,0.419663,-nan,0.094803
1923.196596,0.418695,-nan,0.097050
1949.294276,0.421913,-nan,0.089595
1975.746942,0.417403,-nan,0.091262
2002.558295,0.419961,-nan,0.086914
2029.733456,0.420239,-nan,0.091086
2057.277647,0.419166,-nan,0.087880
2085.194989,0.425726,-nan,0.088849
2113.491970,0.421092,-nan,0.087800
2142.172401,0.418895,-nan,0.089854
2171.242064,0.421421,-nan,0.085730
2200.706311,0.423413,-nan,0.091939
2230.570762,0.420655,-nan,0.088803
2260.840224,0.423737,-nan,0.086950
2291.520239,0.425629,-nan,0.092554
2322.616978,0.419742,-nan,0.091173
2354.135090,0.421655,-nan,0.091828
2386.081404,0.419529,-nan,0.092812
2418.461444,0.418439,-nan,0.092922
2451.239602,0.414174,-nan,0.094215
2484.545213,0.420611,-nan,0.093134
2518.260888,0.422471,-nan,0.093644
2552.433885,0.422776,-nan,0.093345
2587.071293,0.424050,-nan,0.091506
2622.178664,0.420447,-nan,0.090683
2657.762259,0.430713,-nan,0.092934
2693.828935,0.427368,-nan,0.090249
2730.384804,0.423255,-nan,0.094674
2767.436749,0.423426,-nan,0.095023
2804.991257,0.420392,-nan,0.089687
2843.055994,0.419568,-nan,0.091798
2881.637102,0.420950,-nan,0.092263
2920.741449,0.420182,-nan,0.092647
2960.376771,0.421879,-nan,0.088244
3000.549707,0.420068,-nan,0.089895
3041.268334,0.418053,-nan,0.091644
3082.538888,0.419674,-nan,0.093826
3124.369961,0.420337,-nan,0.091904
3166.768497,0.417492,-nan,0.093652
3209.742221,0.418026,-nan,0.094376
3253.299373,0.418318,-nan,0.097734
3297.447708,0.414642,-nan,0.094227
3342.194764,0.415642,-nan,0.092401
3387.549468,0.412376,-nan,0.096088
3433.519021,0.416824,-nan,0.094587
3480.112841,0.418300,-nan,0.095042
3527.339052,0.416626,-nan,0.090828
3575.205698,0.422463,-nan,0.095727
3623.722158,0.422739,-nan,0.093293
3672.897225,0.421689,-nan,0.093710
3722.739500,0.420584,-nan,0.091474
3773.257734,0.420689,-nan,0.092311
3824.461844,0.423779,-nan,0.094015
3876.360856,0.422163,-nan,0.095862
3928.964065,0.420147,-nan,0.090680
3982.281414,0.419855,-nan,0.090296
4036.322136,0.420918,-nan,0.090581
4091.096047,0.419639,-nan,0.092720
4146.613258,0.414716,-nan,0.089005
4202.884025,0.422474,-nan,0.092063
4259.918027,0.420918,-nan,0.093592
4317.726394,0.424297,-nan,0.094069
4376.319043,0.421076,-nan,0.092058
4435.707009,0.419666,-nan,0.093381
4495.900823,0.416761,-nan,0.093403
4556.911392,0.413137,-nan,0.093691
4618.750061,0.415229,-nan,0.093163
4681.427887,0.414576,-nan,0.095721
4744.955690,0.421332,-nan,0.093988
4809.345893,0.419974,-nan,0.094980
4874.610932,0.417463,-nan,0.095365
4940.759993,0.414842,-nan,0.093603
5007.807681,0.417137,-nan,0.097870
5075.764558,0.423584,-nan,0.094162
5144.644172,0.418789,-nan,0.092658
-nan,0.415884,-nan,0.090836
5285.220446,0.414161,-nan,0.093680
5356.942051,0.422463,-nan,0.089720
5429.637293,0.420416,-nan,0.092068
5503.318962,0.424847,-nan,0.098458
-nan,0.423734,-nan,0.097727
5653.695545,0.424555,-nan,0.093808
5730.417692,0.421671,-nan,0.091684
5808.181125,0.415424,-nan,0.090590
5886.999638,0.419247,-nan,0.091030
5966.888007,0.416245,-nan,0.093160
6047.860225,0.423639,-nan,0.090673
6129.931102,0.422421,-nan,0.094402
6213.116084,0.423655,-nan,0.091379
6297.429839,0.420626,-nan,0.091290
6382.887632,0.421961,-nan,0.095264
6469.505402,0.423221,-nan,0.091001
6557.298146,0.423063,-nan,0.091066
6646.282731,0.426947,-nan,0.088346
6736.474295,0.424426,-nan,0.088134
6827.890507,0.417271,-nan,0.094644
6920.546793,0.416150,-nan,0.092204
7014.460691,0.421337,-nan,0.089123
7109.648580,0.419834,-nan,0.095152
7206.128615,0.420861,-nan,0.094486
7303.917429,0.421192,-nan,0.094636
7403.033963,0.426024,-nan,0.096489
7503.494900,0.422463,-nan,0.087540
7605.319621,0.422100,-nan,0.094715
7708.525787,0.419626,-nan,0.095736
7813.132885,0.415829,-nan,0.091156
7919.158901,0.419753,-nan,0.093361
8026.624280,0.419495,-nan,0.090927
8135.547668,0.423508,-nan,0.089033
8245.949829,0.422676,-nan,0.095500
8357.849532,0.420984,-nan,0.091664
8471.267856,0.416021,-nan,0.091394
8586.225266,0.412724,-nan,0.091664
8702.742630,0.421908,-nan,0.092206
8820.841561,0.420224,-nan,0.095917
8940.542936,0.414926,-nan,0.096884
9061.868518,0.416945,-nan,0.091053
9184.840620,0.416032,-nan,0.091395
9309.481332,0.418787,-nan,0.091546
9435.813633,0.424763,-nan,0.093077
9563.800406,0.426508,-nan,0.090159
9693.644195,0.421076,-nan,0.091383
9825.189753,0.424934,-nan,0.088777
9958.520335,0.427503,-nan,0.094171
10093.660508,0.425082,-nan,0.090906
10230.634160,0.422784,-nan,0.090706
10369.466867,0.425013,-nan,0.088031
10510.183478,0.422318,-nan,0.094331
10652.809579,0.428137,-nan,0.093458
10797.371351,0.423679,-nan,0.098794
10943.894716,0.429697,-nan,0.092725
11092.406225,0.423311,-nan,0.089291
11242.933271,0.428497,-nan,0.092064
11395.503225,0.427087,-nan,0.089266
11550.143473,0.429003,-nan,0.094890
11706.882113,0.425326,-nan,0.093822
11865.747626,0.424000,-nan,0.093378
12026.769403,0.422218,-nan,0.091135
12189.976190,0.417808,-nan,0.093655
12355.397549,0.419800,-nan,0.091657
12523.063776,0.418839,-nan,0.093649
12693.005633,0.414579,-nan,0.098158
12865.208136,0.412821,-nan,0.094204
13039.838143,0.412582,-nan,0.094566
13216.792657,0.420492,-nan,0.092624
13396.147903,0.425150,-nan,0.092653
13577.871777,0.417705,-nan,0.095241
13762.194014,0.418911,-nan,0.097016
13948.950781,0.418466,-nan,0.095846
14138.242487,0.419239,-nan,0.095624
14330.102132,0.418326,-nan,0.096486
14524.565536,0.424782,-nan,0.092545
14721.668310,0.419005,-nan,0.098628
14921.029209,0.420284,-nan,0.093769
15123.933748,0.417153,-nan,0.099311
15329.169814,0.420642,-nan,0.096895
15537.191055,0.414839,-nan,0.099108
15748.035066,0.415432,-nan,0.100808
15961.740349,0.416295,-nan,0.098207
16178.345709,0.418395,-nan,0.097299
16397.890418,0.417603,-nan,0.093477
16620.414602,0.421318,-nan,0.099674
16845.958228,0.417979,-nan,0.093719
17074.562374,0.420550,-nan,0.095894
17306.269622,0.414921,-nan,0.096153
17541.120351,0.416563,-nan,0.097572
17779.158457,0.419366,-nan,0.097606
18020.426709,0.414282,-nan,0.095472
18264.968826,0.422511,-nan,0.095375
18512.829722,0.414942,-nan,0.095785
18764.054439,0.419326,-nan,0.098789
19018.687839,0.415789,-nan,0.099157
19276.776915,0.417050,-nan,0.096593
19538.368155,0.414561,-nan,0.096498
19803.382301,0.414289,-nan,0.096710
20072.248718,0.419068,-nan,0.097077
20344.634854,0.420603,-nan,0.098765
20620.717320,0.419929,-nan,0.100131
20900.546299,0.422995,-nan,0.097633
21184.172730,0.419411,-nan,0.094552
21471.648072,0.415347,-nan,0.097621
21763.024703,0.415626,-nan,0.096496
22058.355205,0.416395,-nan,0.097192
22357.692973,0.422337,-nan,0.098834
22661.093535,0.419568,-nan,0.094696
22968.611097,0.417518,-nan,0.100995
23280.301716,0.412982,-nan,0.095072
23596.221943,0.420908,-nan,0.101946
23916.429674,0.414800,-nan,0.096507
24240.982170,0.419129,-nan,0.093648
24569.433599,0.413137,-nan,0.100092
24903.256303,0.414229,-nan,0.100274
25241.306272,0.417642,-nan,0.097095
25583.837939,0.420371,-nan,0.102422
25930.869136,0.416347,-nan,0.099858
26282.909332,0.419208,-nan,0.101076
26639.575555,0.421313,-nan,0.099407
27001.082796,0.419668,-nan,0.098666
27367.495008,0.420476,-nan,0.103056
27738.880007,0.417513,-nan,0.099589
28115.304177,0.418966,-nan,0.098599
28496.836923,0.420671,-nan,0.099683
28883.547381,0.418963,-nan,0.098848
29275.505787,0.412995,-nan,0.101468
29672.782180,0.417618,-nan,0.102333
30075.450683,0.412474,-nan,0.099386
30483.583090,0.420871,-nan,0.099847
30897.254246,0.419521,-nan,0.097979
31316.538626,0.418966,-nan,0.100909
31741.513070,0.417455,-nan,0.099601
32172.254265,0.419063,-nan,0.100225
32608.841437,0.417503,-nan,0.102464
33051.352778,0.416389,-nan,0.098695
33499.869338,0.417389,-nan,0.098250
33954.395565,0.415174,-nan,0.104043
34415.244145,0.415763,-nan,0.104562
34882.268642,0.417976,-nan,0.101460
35355.631221,0.418384,-nan,0.097811
35835.417152,0.419534,-nan,0.100436
36320.890954,0.421616,-nan,0.103908
36814.609985,0.421479,-nan,0.104527
37314.195079,0.414726,-nan,0.101082
37820.559334,0.413939,-nan,0.100445
38333.795020,0.420803,-nan,0.101432
38853.995989,0.418982,-nan,0.106339
39381.190578,0.415482,-nan,0.104351
39915.670764,0.416739,-nan,0.105896
40457.338109,0.412621,-nan,0.104663
41006.355545,0.416645,-nan,0.100864
41562.823734,0.418297,-nan,0.104604
42126.843361,0.413005,-nan,0.101880
42698.516580,0.411618,-nan,0.101529
43277.947353,0.419042,-nan,0.101283
43865.242060,0.409576,-nan,0.104389
44460.505353,0.418608,-nan,0.102134
45063.847817,0.412987,-nan,0.103536
45675.377338,0.417637,-nan,0.105734
46295.205099,0.415453,-nan,0.103259
46923.444528,0.416542,-nan,0.105612
47560.209001,0.415897,-nan,0.099671
48205.614809,0.416521,-nan,0.104973
48859.779013,0.422416,-nan,0.101162
49522.820258,0.416976,-nan,0.105089
50194.657470,0.412579,-nan,0.108863
50876.018469,0.411034,-nan,0.106794
51566.420406,0.411908,-nan,0.105038
52266.191569,0.411918,-nan,0.109941
52975.458746,0.412805,-nan,0.109047
53694.351268,0.412997,-nan,0.108140
54422.654456,0.418482,-nan,0.109308
55161.535047,0.410553,-nan,0.110026
55910.092286,0.412647,-nan,0.105009
56668.808722,0.414066,-nan,0.107126
57437.820734,0.415937,-nan,0.106967
58217.268588,0.415163,-nan,0.105495
59007.293644,0.413592,-nan,0.105379
59808.039462,0.415587,-nan,0.109805
60619.652061,0.419179,-nan,0.104373
61442.278055,0.416661,-nan,0.111458
62276.067736,0.417950,-nan,0.109240
63121.031698,0.412858,-nan,0.109695
63977.744584,0.409505,-nan,0.106767
64845.709737,0.412361,-nan,0.108318
65725.919248,0.412566,-nan,0.108062
66617.838986,0.407868,-nan,0.111125
67521.837052,0.410371,-nan,0.108697
68436.896555,0.417400,-nan,0.107064
69366.878673,0.415524,-nan,0.108741
70308.207421,0.411184,-nan,0.110324
71262.310097,0.409692,-nan,0.106950
72229.161901,0.409679,-nan,0.112311
73209.533560,0.411121,-nan,0.109648
74202.983356,0.413742,-nan,0.109248
75209.964226,0.414218,-nan,0.109133
76230.585100,0.407855,-nan,0.106845
77265.056247,0.418308,-nan,0.109536
78313.565654,0.415213,-nan,0.108548
79376.303300,0.408992,-nan,0.111904
80453.462413,0.414311,-nan,0.109625
81545.239034,0.415132,-nan,0.109783
82651.831671,0.410855,-nan,0.109644
83773.074640,0.415337,-nan,0.114769
84910.270909,0.413705,-nan,0.111293
86062.527772,0.410074,-nan,0.112132
87230.421016,0.415311,-nan,0.112271
88413.554885,0.408908,-nan,0.114033
89613.969205,0.404016,-nan,0.114979
90830.056113,0.413095,-nan,0.114968
92062.646609,0.411553,-nan,0.112958
93311.963207,0.409626,-nan,0.111263
94576.696812,0.413453,-nan,0.115204
95861.687500,0.410139,-nan,0.115495
97162.558101,0.413384,-nan,0.110779
98481.082212,0.413637,-nan,0.112281
99817.499012,0.408792,-nan,0.113987
101171.647065,0.416537,-nan,0.114647
102544.985365,0.405789,-nan,0.117965
103936.550812,0.404389,-nan,0.119409
105346.933730,0.407037,-nan,0.115062
106776.589132,0.408250,-nan,0.115971
108225.188200,0.409197,-nan,0.117622
109692.596860,0.413311,-nan,0.118994
111182.812996,0.410616,-nan,0.118820
112691.244567,0.405542,-nan,0.117616
114220.853525,0.400650,-nan,0.119527
115769.139043,0.404268,-nan,0.117390
117341.764843,0.402468,-nan,0.120564
118932.279059,0.405905,-nan,0.120826
120548.243813,0.406024,-nan,0.123166
122183.854734,0.402168,-nan,0.122828
123842.192115,0.408939,-nan,0.124640
125522.766507,0.409176,-nan,0.124307
127226.146680,0.406963,-nan,0.120769
128952.233058,0.402016,-nan,0.122920
130701.099779,0.404484,-nan,0.122571
132476.238671,0.403339,-nan,0.123375
134273.979903,0.403411,-nan,0.121561
136096.116432,0.398461,-nan,0.123538
137941.573894,0.396892,-nan,0.126546
139814.906224,0.409566,-nan,0.127827
141712.125458,0.401016,-nan,0.126335
143635.311388,0.396945,-nan,0.125725
145584.428075,0.403682,-nan,0.124541
147557.164131,0.405579,-nan,0.125614
149562.540967,0.399532,-nan,0.124936
151591.381181,0.401763,-nan,0.130726
153649.297652,0.402839,-nan,0.131813
155733.638963,0.399524,-nan,0.129111
157847.723212,0.396639,-nan,0.130106
159989.762478,0.400808,-nan,0.127788
162160.869915,0.399542,-nan,0.127693
164360.884909,0.409861,-nan,0.128178
166590.247963,0.397634,-nan,0.132221
168852.366918,0.402805,-nan,0.130003
171143.950211,0.401724,-nan,0.132159
173466.054013,0.396053,-nan,0.127623
175820.412766,0.401426,-nan,0.131934
178203.373336,0.398361,-nan,0.128267
180624.658749,0.397482,-nan,0.129418
183075.787547,0.399058,-nan,0.133677
185560.178815,0.397611,-nan,0.129303
188072.432391,0.394821,-nan,0.134947
190630.560904,0.401816,-nan,0.134219
193217.473035,0.394553,-nan,0.132725
195834.585460,0.396232,-nan,0.135641
198497.088780,0.395124,-nan,0.134862
201190.751847,0.400187,-nan,0.135742
203920.764395,0.390882,-nan,0.135583
206688.235190,0.394453,-nan,0.133724
209492.885549,0.391071,-nan,0.136556
212335.935715,0.393858,-nan,0.134858
215216.276395,0.393376,-nan,0.136622
218137.958405,0.393008,-nan,0.139496
221098.153549,0.394176,-nan,0.137786
224098.519457,0.395584,-nan,0.136336
227138.072424,0.396705,-nan,0.140397
230221.951236,0.398966,-nan,0.141547
233345.217395,0.389595,-nan,0.142683
236512.704587,0.396516,-nan,0.141987
239717.008633,0.395653,-nan,0.139907
242973.794933,0.389776,-nan,0.139571
246269.458080,0.383092,-nan,0.140810
249614.293108,0.390261,-nan,0.142396
253001.929852,0.388271,-nan,0.141169
256430.408451,0.389087,-nan,0.144270
259915.140022,0.377066,-nan,0.144650
263440.473102,0.389400,-nan,0.141795
267015.876214,0.394805,-nan,0.145728
270635.988184,0.393039,-nan,0.146745
274313.426269,0.382611,-nan,0.144427
278029.779993,0.381753,-nan,0.145451
281808.967279,0.388266,-nan,0.147463
285629.774249,0.385792,-nan,0.147704
289502.597816,0.386439,-nan,0.148917
293438.046876,0.385597,-nan,0.146534
297409.013055,0.388505,-nan,0.150414
301456.163044,0.390050,-nan,0.152579
305545.125839,0.380908,-nan,0.151645
309686.431046,0.379558,-nan,0.151318
313891.565886,0.383158,-nan,0.152330
318152.544887,0.375855,-nan,0.150658
322466.909420,0.381642,-nan,0.153366
326845.601649,0.377626,-nan,0.153379
331280.877529,0.384166,-nan,0.156080
335780.245763,0.377458,-nan,0.156179
340334.754003,0.376418,-nan,0.153372
344951.911586,0.375205,-nan,0.155796
349636.494951,0.377105,-nan,0.155244
354381.163684,0.377134,-nan,0.156766
359190.218585,0.376568,-nan,0.155268
364059.113622,0.374845,-nan,0.155064
369004.995519,0.374458,-nan,0.155736
374003.569428,0.371597,-nan,0.155525
379087.856877,0.380029,-nan,0.157737
384226.141148,0.379266,-nan,0.160139
389436.507102,0.376455,-nan,0.159791
394731.335977,0.374908,-nan,0.160382
400087.954623,0.378589,-nan,0.158261
405508.221470,0.374011,-nan,0.162473
411020.251198,0.372739,-nan,0.160506
416586.911962,0.372437,-nan,0.161034
422251.269691,0.373792,-nan,0.161618
427978.774972,0.368366,-nan,0.162620
433752.336652,0.364834,-nan,0.163498
439675.817689,0.367021,-nan,0.166195
445624.415548,0.369597,-nan,0.168229
451684.071732,0.365079,-nan,0.164883
457810.861757,0.361195,-nan,0.168086
464032.146012,0.361389,-nan,0.164283
470322.086219,0.363666,-nan,0.167374
476709.152228,0.364008,-nan,0.166748
483154.975411,0.361900,-nan,0.173219
489726.564089,0.360821,-nan,0.170324
496381.795641,0.360466,-nan,0.171359
503098.558070,0.361689,-nan,0.174229
509940.091085,0.357618,-nan,0.172302
516858.843502,0.346334,-nan,0.170968
523875.177463,0.355416,-nan,0.175777
530990.542962,0.353203,-nan,0.175649
538190.007019,0.357155,-nan,0.176554
545499.717639,0.351416,-nan,0.176457
552885.613271,0.361595,-nan,0.178434
560372.031218,0.348534,-nan,0.178393
568000.756865,0.354155,-nan,0.180771
575714.659730,0.348711,-nan,0.180406
583489.658825,0.339947,-nan,0.180236
591422.204365,0.343513,-nan,0.183618
599470.650284,0.341597,-nan,0.182653
607607.622800,0.341697,-nan,0.183063
615831.239286,0.341850,-nan,0.184548
624206.474796,0.335426,-nan,0.185666
632681.576798,0.339418,-nan,0.188179
641260.788951,0.337716,-nan,0.188057
649972.324428,0.338318,-nan,0.187839
658790.826946,0.339379,-nan,0.186596
667705.258107,0.330576,-nan,0.186942
676792.330345,0.329682,-nan,0.188637
685978.186128,0.337192,-nan,0.191574
695283.410346,0.334382,-nan,0.190956
