0.000000,0.995000,0.000000,0.000000
1.003020,0.843537,0.001693,0.025914
1.016812,0.842237,0.001684,0.025969
1.030923,0.840724,0.001746,0.026142
1.045303,0.839137,0.001728,0.026274
1.059880,0.837826,0.001712,0.026676
1.074537,0.836609,0.001735,0.026349
1.089466,0.835111,0.001722,0.026285
1.104575,0.833741,0.001713,0.026341
1.119868,0.832848,0.001770,0.026100
1.135327,0.831380,0.001734,0.025979
1.151269,0.829854,0.001766,0.026030
1.167116,0.828322,0.001731,0.026418
1.183344,0.826887,0.001739,0.026235
1.199847,0.825420,0.001766,0.026219
1.216506,0.823896,0.001757,0.026416
1.233347,0.822302,0.001772,0.026888
1.250421,0.820848,0.001742,0.027192
1.267849,0.819276,0.001766,0.027093
1.285459,0.817676,0.001798,0.027495
1.303169,0.816130,0.001811,0.027769
1.321228,0.814502,0.001773,0.027921
1.339622,0.812883,0.001757,0.028087
1.358298,0.811265,0.001778,0.027830
1.377203,0.809793,0.001790,0.028073
1.396363,0.808457,0.001777,0.027892
1.415628,0.807337,0.001773,0.028085
1.435273,0.805972,0.001821,0.028318
1.455312,0.804391,0.001838,0.028506
1.475522,0.802976,0.001770,0.028741
1.495786,0.801522,0.001777,0.028931
1.516627,0.800243,0.001801,0.029302
1.537831,0.799052,0.001809,0.029493
1.559045,0.798289,0.001789,0.029896
1.580797,0.796604,0.001887,0.029797
1.602724,0.795320,0.001781,0.029824
1.625021,0.793707,0.001850,0.030149
1.647452,0.792383,0.001820,0.030121
1.670421,0.790850,0.001898,0.030630
1.693467,0.789520,0.001786,0.030715
1.717352,0.787893,0.001777,0.030827
1.741036,0.786374,0.001896,0.030457
1.765101,0.784867,0.001849,0.030810
1.789666,0.783276,0.001808,0.030556
1.814635,0.781865,0.001887,0.030812
1.839742,0.780196,0.001936,0.031132
1.865232,0.779176,0.001871,0.030995
1.891265,0.777635,0.001851,0.031404
1.917511,0.776441,0.001941,0.031713
1.944397,0.774748,0.001929,0.031907
1.971240,0.773757,0.001849,0.032140
1.998432,0.772328,0.001857,0.032571
2.026244,0.770820,0.001864,0.032299
2.054296,0.769339,0.001879,0.032456
2.082980,0.768361,0.001834,0.032364
2.111937,0.766754,0.001928,0.032504
2.141184,0.765007,0.001857,0.032344
2.170957,0.763402,0.001905,0.032288
2.201113,0.762074,0.001910,0.032128
2.231791,0.759980,0.001952,0.032479
2.262778,0.758370,0.001932,0.032714
2.294325,0.756913,0.001871,0.033166
2.326200,0.755372,0.001928,0.033266
2.358347,0.754124,0.001927,0.033732
2.391142,0.753007,0.001901,0.033583
2.424329,0.751324,0.001922,0.034264
2.457922,0.749767,0.001874,0.034855
2.492241,0.748052,0.001943,0.034735
2.526859,0.746780,0.001925,0.034922
2.561983,0.745000,0.001995,0.035289
2.597575,0.743846,0.001929,0.035311
2.633511,0.742209,0.001930,0.035058
2.670200,0.741115,0.001969,0.035523
2.707458,0.739583,0.001940,0.035497
2.744911,0.737941,0.001969,0.035532
2.783211,0.736387,0.001995,0.035468
2.821634,0.734639,0.002007,0.035552
2.861074,0.733350,0.002004,0.035583
2.900738,0.731696,0.002007,0.036217
2.941109,0.729952,0.002013,0.036389
2.981816,0.728443,0.002000,0.036787
3.023395,0.726752,0.001995,0.036234
3.065445,0.725326,0.002017,0.036552
3.107958,0.724422,0.002020,0.036790
3.151167,0.722987,0.001939,0.036432
3.195024,0.721622,0.001986,0.036175
3.239409,0.719991,0.001977,0.036297
3.284477,0.718254,0.001988,0.036229
3.330140,0.716954,0.002043,0.035861
3.376416,0.715493,0.002010,0.036171
3.423288,0.713517,0.002076,0.036008
3.470997,0.711476,0.002055,0.035780
3.519340,0.710396,0.002045,0.035986
3.567987,0.708893,0.002118,0.035905
3.617636,0.707683,0.002093,0.035688
3.667931,0.706304,0.002016,0.035947
3.718903,0.705024,0.002117,0.036080
3.770466,0.703933,0.002030,0.036626
3.822909,0.703174,0.002022,0.036729
3.876106,0.701543,0.002033,0.036676
3.930063,0.699789,0.002116,0.037255
3.984745,0.698187,0.002071,0.037354
4.040158,0.696976,0.002078,0.038333
4.096155,0.695091,0.002077,0.038266
4.153019,0.693650,0.002127,0.038414
4.210874,0.691980,0.002104,0.038311
4.269304,0.690557,0.002106,0.038443
4.328868,0.689189,0.002144,0.038147
4.388989,0.687724,0.002094,0.038229
4.449967,0.686026,0.002082,0.038302
4.511892,0.684198,0.002113,0.038557
4.574530,0.682559,0.002118,0.038824
4.638169,0.681422,0.002181,0.038980
4.702812,0.679850,0.002157,0.039145
4.768011,0.678520,0.002120,0.038983
4.834282,0.677263,0.002190,0.039111
4.901425,0.675913,0.002155,0.039474
4.969745,0.675424,0.002149,0.039907
5.038752,0.674152,0.002142,0.040379
5.108780,0.672272,0.002110,0.040912
5.179664,0.670063,0.002210,0.040801
5.251919,0.668246,0.002158,0.040963
5.324877,0.666561,0.002230,0.040385
5.398846,0.665004,0.002195,0.040509
5.474056,0.664280,0.002166,0.040117
5.549982,0.662946,0.002221,0.040117
5.627182,0.661500,0.002217,0.040356
5.705461,0.659583,0.002265,0.040898
5.784771,0.657867,0.002250,0.041300
5.865199,0.656198,0.002247,0.042468
5.946596,0.654537,0.002216,0.043039
6.029265,0.653961,0.002194,0.043059
6.113366,0.652048,0.002240,0.042844
6.198303,0.650530,0.002234,0.042900
6.284441,0.649404,0.002214,0.043118
6.371897,0.647833,0.002333,0.043743
6.460432,0.645996,0.002273,0.043589
6.550200,0.645537,0.002277,0.043607
6.641323,0.644111,0.002244,0.043426
6.733608,0.642724,0.002227,0.044120
6.827464,0.642083,0.002256,0.043908
6.922281,0.640900,0.002293,0.043905
7.018322,0.639807,0.002296,0.044402
7.116102,0.638113,0.002310,0.044922
7.214905,0.636146,0.002325,0.045629
7.315337,0.634670,0.002341,0.045392
7.416775,0.632783,0.002325,0.045440
7.520363,0.631583,0.002374,0.046439
7.624794,0.630080,0.002277,0.047254
7.730873,0.628791,0.002320,0.047354
7.838200,0.627811,0.002291,0.047186
7.947406,0.627328,0.002291,0.048607
8.057922,0.626122,0.002358,0.048830
8.169814,0.624172,0.002370,0.048836
8.283442,0.622252,0.002277,0.048214
8.398613,0.621515,0.002356,0.047981
8.515502,0.619735,0.002334,0.048340
8.633863,0.618513,0.002339,0.048620
8.753909,0.617554,0.002421,0.048033
8.875683,0.616257,0.002434,0.048681
8.999274,0.614637,0.002337,0.048487
9.124173,0.612809,0.002350,0.048364
9.251268,0.611933,0.002474,0.048694
9.379749,0.610837,0.002396,0.048636
9.510127,0.609163,0.002454,0.049256
9.642567,0.607793,0.002433,0.048828
9.776368,0.606535,0.002426,0.049001
9.912549,0.605091,0.002457,0.049676
10.050475,0.604087,0.002486,0.049586
10.190366,0.602176,0.002475,0.049668
10.331816,0.601863,0.002386,0.049391
10.475365,0.599598,0.002358,0.050006
10.621083,0.598187,0.002471,0.050276
10.768725,0.597024,0.002429,0.049599
10.918692,0.596080,0.002459,0.049834
11.070494,0.595137,0.002457,0.050237
11.224524,0.594704,0.002475,0.050168
11.380752,0.593574,0.002403,0.050031
11.538851,0.592526,0.002461,0.050056
11.699289,0.591583,0.002571,0.050193
11.862107,0.590996,0.002558,0.051141
12.026905,0.589711,0.002455,0.051538
12.194174,0.587713,0.002532,0.052040
12.363717,0.587041,0.002569,0.051682
12.535576,0.585646,0.002485,0.052975
12.710016,0.584261,0.002577,0.052490
12.886831,0.582687,0.002578,0.051571
13.066097,0.582400,0.002596,0.051930
13.247848,0.581774,0.002490,0.052324
13.431903,0.580213,0.002546,0.051802
13.618801,0.579791,0.002532,0.052163
13.808174,0.579750,0.002587,0.052025
14.000270,0.579057,0.002538,0.052755
14.194937,0.576933,0.002560,0.053211
14.392224,0.575215,0.002585,0.052573
14.592490,0.573580,0.002591,0.053234
14.795494,0.572098,0.002588,0.053466
15.001254,0.570183,0.002623,0.053843
15.209907,0.568848,0.002576,0.053419
15.421478,0.568443,0.002594,0.054586
15.635839,0.567972,0.002587,0.055308
15.853427,0.566763,0.002653,0.055592
16.073917,0.565133,0.002592,0.056118
16.297580,0.563737,0.002600,0.056466
16.524076,0.561885,0.002720,0.056840
16.754030,0.560987,0.002707,0.056657
16.986879,0.559135,0.002674,0.057263
17.223276,0.557520,0.002644,0.056253
17.462711,0.557074,0.002756,0.055830
17.705377,0.557602,0.002657,0.055688
17.951826,0.557374,0.002695,0.055424
18.201500,0.556763,0.002722,0.055202
18.454621,0.554980,0.002610,0.055594
18.711384,0.554580,0.002631,0.055414
18.971618,0.553915,0.002716,0.056127
19.235513,0.551700,0.002744,0.057392
19.503033,0.550367,0.002723,0.056837
19.774302,0.548717,0.002737,0.057291
20.049372,0.546465,0.002711,0.057285
20.328242,0.545993,0.002715,0.057901
20.610937,0.545841,0.002790,0.058007
20.897805,0.545222,0.002815,0.057627
21.188348,0.544928,0.002646,0.058720
21.483012,0.544650,0.002740,0.058805
21.781817,0.543889,0.002738,0.057667
22.084742,0.542320,0.002752,0.057353
22.391822,0.540985,0.002718,0.057247
22.703257,0.539152,0.002751,0.057354
23.019272,0.537398,0.002684,0.056590
23.339264,0.535317,0.002679,0.057215
23.663896,0.534839,0.002725,0.057174
23.993178,0.534396,0.002806,0.057919
24.326539,0.533841,0.002791,0.057062
24.665144,0.532687,0.002907,0.056982
25.008226,0.531448,0.002913,0.057145
25.356047,0.530546,0.002791,0.057715
25.708880,0.528759,0.002907,0.057635
26.066278,0.528917,0.002858,0.058067
26.428958,0.527648,0.002802,0.059575
26.796502,0.526415,0.002922,0.059088
27.169130,0.525876,0.002920,0.058622
27.547137,0.525063,0.002859,0.058476
27.930206,0.522193,0.002754,0.057706
28.318840,0.521507,0.002969,0.057906
28.712775,0.519513,0.002872,0.058005
29.112037,0.517550,0.002838,0.059403
29.517167,0.516852,0.003015,0.060085
29.927418,0.515291,0.002914,0.061643
30.343895,0.513124,0.002883,0.062209
30.765880,0.512809,0.003018,0.061450
31.193958,0.512670,0.002957,0.062050
31.627696,0.511400,0.002868,0.062393
32.067645,0.511333,0.002919,0.061901
32.513666,0.509459,0.003054,0.060930
32.966085,0.509507,0.002950,0.060431
33.424683,0.509115,0.002962,0.060451
33.889447,0.505907,0.002902,0.061040
34.360886,0.504420,0.002957,0.060535
34.838818,0.504054,0.003100,0.061375
35.323417,0.503017,0.003002,0.060594
35.814874,0.501659,0.003043,0.061044
36.312767,0.501387,0.003038,0.062616
36.817930,0.500639,0.002996,0.061938
37.330131,0.497524,0.003175,0.061897
37.849533,0.497833,0.002955,0.062502
38.375884,0.496104,0.002991,0.063313
38.909726,0.493698,0.003096,0.064051
39.450925,0.491650,0.003191,0.063390
39.999718,0.490017,0.003135,0.063911
40.556030,0.490787,0.003084,0.063418
41.120150,0.490035,0.003163,0.063963
41.691899,0.489533,0.003048,0.064559
42.272180,0.487772,0.003241,0.065943
42.859993,0.486620,0.003089,0.066768
43.456277,0.485811,0.003080,0.066790
44.060656,0.485717,0.003186,0.065837
44.673566,0.483724,0.003214,0.065497
45.295142,0.481461,0.003184,0.065336
45.925205,0.480848,0.003205,0.066144
46.563946,0.478909,0.003202,0.065995
47.211783,0.478385,0.003207,0.065437
47.868286,0.479513,0.003202,0.066464
48.534204,0.479689,0.003285,0.066014
49.209068,0.477978,0.003113,0.065565
49.893699,0.477896,0.003268,0.066315
50.587687,0.476241,0.003187,0.066927
51.291566,0.475096,0.003184,0.067059
52.004776,0.475126,0.003212,0.068026
52.728489,0.474793,0.003289,0.068250
53.461845,0.474989,0.003252,0.066228
54.205510,0.473120,0.003140,0.067004
54.959525,0.471796,0.003258,0.067533
55.723885,0.471250,0.003316,0.068311
56.499205,0.468865,0.003322,0.067324
57.285185,0.468020,0.003505,0.066363
58.082115,0.469220,0.003435,0.067378
58.889844,0.469215,0.003278,0.068666
59.709006,0.467609,0.003276,0.068675
60.539417,0.463357,0.003315,0.067779
61.381787,0.461591,0.003492,0.068118
62.235493,0.460813,0.003301,0.068177
63.101584,0.459709,0.003413,0.068478
63.979109,0.458887,0.003353,0.068438
64.868987,0.457063,0.003401,0.065959
65.771509,0.455033,0.003308,0.067469
66.686476,0.457150,0.003352,0.069213
67.613990,0.453922,0.003429,0.069425
68.554278,0.452070,0.003359,0.070379
69.508163,0.449178,0.003398,0.068778
70.474741,0.449833,0.003359,0.067922
71.455142,0.449909,0.003430,0.068435
72.449164,0.449841,0.003284,0.068990
73.457197,0.450030,0.003533,0.069229
74.478924,0.446802,0.003528,0.069393
75.514970,0.445941,0.003400,0.067232
76.565348,0.446302,0.003518,0.066578
77.630515,0.446704,0.003538,0.068238
78.710274,0.444624,0.003487,0.069230
79.805167,0.444091,0.003565,0.068609
80.915395,0.445237,0.003486,0.069612
82.040679,0.444176,0.003535,0.070630
83.182039,0.442239,0.003492,0.069593
84.339305,0.440626,0.003551,0.069166
85.512712,0.440576,0.003548,0.070957
86.702133,0.440393,0.003717,0.071942
87.908015,0.440713,0.003476,0.071799
89.130925,0.440576,0.003564,0.069362
90.370942,0.438911,0.003539,0.070901
91.627865,0.437591,0.003644,0.071268
92.902682,0.436417,0.003665,0.073144
94.194802,0.437043,0.003668,0.072582
95.505223,0.436874,0.003538,0.073558
96.833896,0.435896,0.003635,0.073426
98.180785,0.433159,0.003749,0.077115
99.546482,0.432930,0.003730,0.075440
100.931110,0.432965,0.003710,0.074360
102.335166,0.432785,0.003787,0.075687
103.758945,0.432683,0.003731,0.076324
105.202363,0.432348,0.003660,0.076159
106.665772,0.429691,0.003748,0.077176
108.149171,0.428400,0.003800,0.078705
109.653873,0.426465,0.003941,0.075777
111.179038,0.426828,0.003765,0.074293
112.725736,0.426678,0.003615,0.074348
114.293948,0.426852,0.003859,0.074998
115.883691,0.426626,0.003884,0.074492
117.495799,0.423491,0.003687,0.074815
119.130368,0.424415,0.003953,0.074281
120.787749,0.421959,0.003861,0.074527
122.467767,0.420585,0.003680,0.076103
124.171280,0.421198,0.003742,0.075334
125.898725,0.419796,0.003736,0.075536
127.649997,0.419407,0.003819,0.076603
129.425924,0.417585,0.003909,0.076503
131.226028,0.416350,0.003918,0.077179
133.051578,0.415552,0.003901,0.076631
134.902709,0.415791,0.003886,0.078465
136.779022,0.415096,0.003983,0.078044
138.681832,0.412120,0.004074,0.077459
140.611251,0.414167,0.004036,0.077195
142.567064,0.413452,0.003795,0.077200
144.550407,0.412670,0.003902,0.076902
146.561021,0.412391,0.004017,0.077635
148.599694,0.411837,0.003933,0.077805
150.666709,0.409789,0.004018,0.077887
152.763033,0.411141,0.004042,0.080425
154.888188,0.409339,0.004118,0.080995
157.042729,0.409098,0.003896,0.078708
159.227422,0.407378,0.004135,0.077889
161.442140,0.404193,0.003906,0.081145
163.688165,0.405417,0.004256,0.081043
165.965401,0.406430,0.004245,0.083060
168.274005,0.405722,0.004307,0.080342
170.614647,0.404174,0.004168,0.080063
172.988230,0.405596,0.004188,0.080925
175.394344,0.404841,0.004248,0.080832
177.834490,0.403835,0.003981,0.081536
180.308114,0.404683,0.003987,0.080412
182.816574,0.402111,0.004287,0.081874
185.359787,0.400211,0.004240,0.081458
187.938056,0.402776,0.004187,0.083939
190.552489,0.398165,0.004091,0.083415
193.203459,0.397459,0.004308,0.084020
195.891147,0.396285,0.004195,0.081615
198.616202,0.394702,0.004492,0.081147
201.378824,0.395659,0.004230,0.081700
204.180278,0.399372,0.004135,0.082555
207.020760,0.398309,0.004140,0.081652
209.900507,0.397722,0.004119,0.081842
212.820562,0.395630,0.004488,0.082815
215.781193,0.396537,0.004057,0.080628
218.782600,0.396589,0.004102,0.085839
221.826408,0.396709,0.004545,0.086040
224.912296,0.392972,0.004468,0.084496
228.041098,0.392637,0.004482,0.086010
231.213190,0.389609,0.004619,0.087442
234.429912,0.389074,0.004370,0.084577
237.690735,0.389089,0.004656,0.085184
240.997074,0.389204,0.004243,0.085539
244.350027,0.385924,0.004705,0.083890
247.749096,0.386596,0.004532,0.085008
251.195370,0.385789,0.004657,0.084842
254.689825,0.387430,0.004575,0.088670
258.232991,0.386543,0.004518,0.087200
261.825041,0.387722,0.004416,0.087526
265.467532,0.387724,0.004704,0.087533
269.160192,0.387948,0.004465,0.085509
272.904793,0.386070,0.004708,0.087025
276.701355,0.382009,0.004758,0.087074
280.550330,0.382572,0.004666,0.085880
284.452961,0.380228,0.004458,0.083790
288.409956,0.381143,0.004684,0.084950
292.422027,0.381248,0.004503,0.085997
296.490386,0.381826,0.004887,0.085908
300.614809,0.381091,0.004636,0.085194
304.796526,0.379150,0.004731,0.084872
309.036706,0.377400,0.004533,0.086454
313.335433,0.376509,0.004689,0.085531
317.694338,0.375361,0.004732,0.086820
322.114229,0.373804,0.004853,0.086140
326.594843,0.372693,0.004730,0.084178
331.138284,0.373122,0.005016,0.086910
335.745067,0.373293,0.004913,0.086858
340.415077,0.374857,0.004543,0.087257
345.151058,0.375204,0.005417,0.087638
349.952155,0.376783,0.005036,0.088216
354.820558,0.373352,0.005212,0.089879
359.756499,0.372846,0.004914,0.090322
364.761404,0.370726,0.005089,0.091469
369.835600,0.370198,0.005108,0.093260
374.980814,0.370652,0.006074,0.091192
380.196995,0.371678,0.005101,0.095163
385.485747,0.368883,0.005468,0.094183
390.848193,0.370191,0.005033,0.093746
396.285439,0.367715,0.005404,0.094977
401.798354,0.366330,0.005730,0.093322
407.387884,0.362476,0.005348,0.094414
413.055484,0.362328,0.006263,0.095614
418.801316,0.360628,0.005291,0.095414
424.627130,0.360104,0.005752,0.094697
430.534257,0.358193,0.005318,0.094101
436.523357,0.360361,0.005509,0.092765
442.596020,0.357489,0.005263,0.095203
448.753425,0.359561,0.007111,0.097465
454.995900,0.355241,0.006355,0.097764
461.325276,0.356713,0.005794,0.097359
467.743232,0.354785,0.006505,0.097806
474.249913,0.352883,0.006207,0.095349
480.847362,0.355117,0.007273,0.095540
487.536409,0.356852,0.007031,0.097546
494.318825,0.354635,0.007051,0.097941
501.195104,0.357041,0.006289,0.097790
508.167265,0.355035,0.006307,0.096501
515.236438,0.355176,0.005850,0.095812
522.404054,0.356974,0.011658,0.095578
529.671375,0.355637,0.007808,0.095225
537.039931,0.356517,0.007534,0.096495
544.510317,0.353861,0.006950,0.095075
552.085053,0.354448,0.006012,0.094838
559.765807,0.350865,0.006833,0.097036
567.552475,0.348839,0.007249,0.096765
575.447825,0.351413,0.006023,0.096857
583.453089,0.352626,0.007538,0.098639
591.570444,0.349348,0.020036,0.099134
599.799197,0.349724,0.008855,0.096058
608.144413,0.347954,0.034246,0.096347
616.603511,0.349430,0.010066,0.099206
625.175799,0.348946,0.121079,0.095530
633.877626,0.350614,0.007886,0.097179
642.695385,0.350756,0.005681,0.097081
651.636374,0.347554,0.006916,0.096236
660.702018,0.346659,0.007401,0.098176
669.892885,0.346392,0.005852,0.097654
679.211500,0.345669,0.006085,0.099810
688.660537,0.345701,0.006186,0.100384
698.240566,0.344116,0.006551,0.099865
707.953916,0.341618,0.007170,0.100097
717.802387,0.341605,0.006102,0.098161
727.788524,0.342404,0.009113,0.100530
737.912640,0.343889,0.006497,0.098313
748.177841,0.342019,0.006907,0.097880
758.585991,0.339922,0.006616,0.100590
769.139079,0.339366,0.007637,0.099250
779.838688,0.340536,0.007003,0.099517
790.687290,0.337284,0.007974,0.098379
801.687063,0.335229,0.009165,0.098273
812.839272,0.337491,0.009114,0.097662
824.144090,0.339937,0.106743,0.098738
835.610958,0.339015,0.005971,0.098213
847.235923,0.341627,0.007279,0.098917
859.022042,0.340013,0.006355,0.098923
870.971754,0.342804,0.006494,0.096743
883.088233,0.343845,0.006593,0.099069
895.372960,0.339192,0.006330,0.097853
907.828932,0.339987,0.006342,0.098178
920.457727,0.336272,0.005896,0.098716
933.262808,0.335913,0.007553,0.099701
946.245742,0.340582,0.008245,0.102303
959.409138,0.340174,0.007913,0.100974
972.755678,0.339094,0.007265,0.105109
986.288018,0.338477,0.007895,0.101548
1000.008237,0.337575,0.006312,0.102465
1013.920208,0.335370,0.007142,0.104809
1028.024662,0.336516,0.007495,0.102661
1042.320301,0.336305,0.277654,0.105501
1056.826537,0.330785,0.007747,0.101240
1071.527991,0.333782,0.006550,0.102579
1086.434189,0.334239,0.007782,0.108016
1101.548298,0.332214,0.008123,0.105211
1116.871965,0.332463,0.007078,0.100912
1132.409246,0.334762,0.007626,0.106094
1148.162712,0.331101,0.008505,0.107871
1164.135018,0.330828,0.008344,0.108105
1180.329272,0.332387,0.008853,0.108197
1196.739201,0.334776,0.349345,0.105645
1213.398139,0.330742,0.012035,0.105943
1230.277332,0.336686,0.009758,0.106420
1247.392408,0.335081,0.009766,0.105579
1264.745229,0.332179,0.008749,0.105060
1282.339956,0.329404,0.009278,0.103414
1300.178767,0.332463,0.011889,0.106218
1318.266131,0.329444,0.011780,0.102364
1336.604557,0.330722,0.009103,0.101940
1355.198773,0.332096,0.010449,0.107644
1374.051280,0.331660,0.010853,0.109225
1393.165896,0.334195,0.009389,0.109644
1412.546153,0.330177,0.008529,0.106819
1432.197200,0.328918,0.013392,0.107535
1452.120620,0.335089,0.007825,0.107857
1472.321015,0.333183,0.006957,0.107753
1492.803792,0.331309,0.008917,0.107428
1513.551706,0.332105,0.448939,0.104914
1534.626047,0.332753,0.008260,0.110357
1555.974726,0.330605,0.008923,0.104668
1577.601252,0.330540,0.349670,0.103130
1599.539313,0.334798,0.662408,0.104103
1621.818388,0.337569,0.007288,0.102273
1644.371391,0.335048,0.218133,0.102307
1667.249133,0.336135,0.342326,0.103773
1690.449678,0.336351,0.007153,0.101401
1713.965809,0.334265,0.006841,0.099897
1737.809541,0.333710,0.008416,0.100377
1761.984950,0.331534,0.012329,0.103286
1786.485537,0.328627,0.504495,0.102498
1811.349176,0.326277,0.006990,0.103627
1836.545265,0.324619,0.118057,0.098872
1862.096595,0.322211,0.011354,0.100770
1888.000188,0.325733,0.007810,0.102378
1914.264685,0.328216,0.007191,0.101392
1940.894857,0.331817,0.007930,0.103802
1967.894967,0.329035,0.007547,0.103655
1995.271172,0.328870,0.007930,0.101462
2023.027938,0.333258,0.008049,0.105370
2051.156886,0.325507,0.338549,0.105697
2079.705644,0.328453,0.009435,0.105850
2108.586694,0.326412,1.214190,0.104554
2137.970279,0.327692,0.042973,0.102617
2167.713361,0.328025,0.011895,0.103077
2197.869383,0.327061,0.016524,0.102641
2228.444272,0.328644,0.012399,0.106405
2259.444501,0.327189,0.008374,0.104289
2290.877056,0.327329,0.010027,0.110139
2322.745956,0.329735,0.011885,0.104553
2355.058074,0.331659,0.008421,0.105470
2387.808861,0.329080,0.385035,0.103423
2421.037855,0.326877,0.007232,0.102954
2454.708966,0.330381,0.424986,0.104449
2488.859169,0.326758,0.333034,0.103670
2523.489117,0.326677,0.006266,0.104021
2558.594957,0.323733,0.007199,0.103703
2594.188030,0.331927,0.009007,0.103175
2630.277030,0.331391,0.008957,0.103025
2666.848259,0.330518,0.653685,0.108051
2703.967072,0.334439,0.007984,0.105096
2741.582936,0.333470,0.008593,0.106198
2779.695248,0.334399,0.637023,0.106660
2818.392339,0.329009,0.007868,0.105222
2857.599928,0.330869,0.011130,0.104311
2897.351920,0.332230,0.006317,0.102388
2937.658794,0.327623,0.016327,0.104848
2978.525572,0.323672,0.011911,0.102372
3019.948726,0.321959,0.577030,0.103172
3061.946464,0.326693,0.863235,0.104373
3104.568097,0.327191,0.007676,0.103943
3147.746595,0.328425,0.506902,0.107232
3191.519142,0.328166,0.773912,0.106411
3235.871605,0.329548,1.709327,0.108486
3280.931885,0.326262,0.715701,0.107252
3326.546331,0.324285,1.250783,0.107303
3372.882586,0.322526,0.010378,0.106569
3419.803555,0.324856,0.009070,0.107497
3467.330515,0.330312,1.283328,0.107434
3515.607207,0.329890,0.332089,0.103309
3564.477167,0.327728,1.449744,0.100210
3614.107303,0.332247,0.007585,0.105333
3664.384479,0.326369,0.007536,0.105198
3715.361446,0.324505,0.008639,0.107656
3767.047127,0.327994,0.007926,0.106995
3819.452543,0.325646,0.014119,0.108466
3872.550878,0.327605,0.811050,0.109942
3926.458910,0.328006,0.010455,0.108968
3981.007807,0.334053,1.727028,0.107579
4036.366366,0.329819,2.261182,0.107848
4092.615555,0.331116,0.011466,0.103880
4149.548993,0.330960,0.008825,0.104938
4207.275755,0.327146,0.016458,0.106692
4265.753471,0.332888,1.671420,0.109612
4325.140701,0.325902,0.331624,0.108136
4385.314514,0.326013,0.049443,0.104818
4446.321831,0.327747,0.009434,0.107025
4508.175331,0.324891,0.026306,0.102841
4570.881331,0.325997,0.467853,0.109165
4634.359869,0.325220,2.145934,0.111633
4698.950206,0.324843,0.009325,0.109051
4764.319678,0.322614,0.009509,0.112211
4830.540725,0.325340,1.531114,0.110938
4897.788182,0.323492,0.248053,0.107587
4965.861554,0.321274,1.654848,0.106662
5035.015147,0.320037,0.008896,0.106094
5105.059091,0.318045,0.007406,0.107700
5176.077188,0.314959,0.026270,0.109763
5247.914431,0.320011,3.028095,0.116692
5320.956828,0.324538,3.065460,0.109287
5395.109440,0.328101,0.143574,0.115894
5470.168859,0.323425,0.008492,0.109891
5546.266539,0.323439,0.022659,0.107324
5623.421770,0.329104,0.008183,0.112375
5701.652572,0.325485,0.020194,0.105553
5780.847135,0.329718,2.866816,0.113953
5861.262774,0.326293,2.975278,0.107662
5942.930501,0.326229,0.008228,0.107256
6025.583644,0.328245,0.989888,0.107122
6109.305413,0.326236,2.569336,0.102141
6194.420554,0.323345,0.010526,0.104427
6280.449510,0.327113,3.318061,0.107689
6367.959030,0.328682,0.256909,0.103841
-nan,-nan,-nan,-nan
6546.308480,0.323706,2.026444,0.104871
6637.440094,0.326716,0.009718,0.102218
6729.776156,0.325206,0.009382,0.108888
6823.273364,0.327013,2.205696,0.106821
-nan,-nan,-nan,-nan
7014.562703,0.326786,0.011101,0.105423
7111.989683,0.325428,2.588356,0.106750
7210.861526,0.332436,4.417824,0.110775
7311.023053,0.325742,5.848141,0.106136
7413.086449,0.323598,1.146116,0.104112
7516.135641,0.324581,2.336964,0.107865
7620.799173,0.324907,0.008671,0.105465
7726.785066,0.321685,0.824964,0.105420
7834.292619,0.319517,0.344964,0.105265
7943.271993,0.324703,0.905639,0.109551
8053.751403,0.325263,1.924420,0.107700
8165.550971,0.323356,4.325866,0.109238
8279.430951,0.325854,0.008306,0.108551
8394.609227,0.323294,0.009369,0.108899
8511.309933,0.328034,1.820804,0.108913
8629.662239,0.326986,2.997610,0.105443
8749.847766,0.327715,0.011954,0.108797
8871.357669,0.324490,4.321892,0.110907
8994.984945,0.328448,0.008951,0.108642
9120.029641,0.326879,1.905964,0.107843
9246.990531,0.326903,0.008077,0.109921
9375.629432,0.325097,0.008171,0.113158
9506.034352,0.320862,0.528380,0.113585
9638.236839,0.329480,1.091481,0.108858
9772.261588,0.331276,2.842945,0.105457
9908.328576,0.330873,0.009256,0.104897
10045.972534,0.323163,2.971416,0.108795
10185.649212,0.324437,4.469083,0.108656
10327.121323,0.328920,7.610879,0.108073
10471.265680,0.322780,1.302063,0.106421
10616.858377,0.325478,1.748087,0.108276
10764.466476,0.324527,4.370955,0.106315
10914.409547,0.322656,0.154146,0.109220
11066.105826,0.328696,3.912043,0.106996
11219.883169,0.329622,4.754476,0.109443
11376.281386,0.328322,0.007149,0.104796
11534.357414,0.321379,4.216240,0.109988
11694.842120,0.327025,5.061486,0.105726
11857.692444,0.325199,0.197308,0.107120
12022.532652,0.318922,2.649577,0.106752
12189.906072,0.318670,0.019760,0.109608
12358.434675,0.322338,9.686604,0.113913
12530.560841,0.327513,11.107528,0.113241
12705.404059,0.328289,5.689322,0.113476
12882.423815,0.322654,3.589000,0.108078
13061.584442,0.318017,2.930579,0.105079
13243.393742,0.330021,0.561524,0.110861
13427.391577,0.325655,5.854403,0.103291
13614.439568,0.331056,0.496033,0.108277
13803.851589,0.332730,0.008670,0.103961
13995.797736,0.330644,3.704091,0.109547
14190.421406,0.325581,5.041669,0.107495
14387.754961,0.325506,4.666299,0.109220
14587.470430,0.331526,11.198504,0.111184
14790.776890,0.326886,5.637641,0.111667
14995.628197,0.323672,13.489545,0.109543
15205.330424,0.328628,2.791426,0.109515
15416.868914,0.324911,3.128803,0.110004
15630.763971,0.319825,10.969516,0.106861
15848.520471,0.320306,7.043635,0.110311
16069.088347,0.323375,8.280632,0.109325
16292.969291,0.325185,0.007139,0.107214
16519.489242,0.319023,3.433523,0.109285
16748.722970,0.318449,11.605035,0.107381
16981.941373,0.329450,8.062159,0.111202
17218.538182,0.316194,3.197055,0.107222
17458.034232,0.319967,4.172979,0.104584
17700.690301,0.321820,8.687134,0.108030
17947.008835,0.322359,5.694014,0.111347
18196.867646,0.320960,3.681683,0.108997
18449.868930,0.314724,5.581240,0.108880
18706.369177,0.320115,9.322244,0.111938
18965.885263,0.318334,16.157539,0.113799
19229.994414,0.315999,11.615975,0.110380
19497.893232,0.318402,11.767405,0.115018
19769.193159,0.322362,10.716781,0.110055
20043.539959,0.319671,15.762271,0.109824
20323.006083,0.318424,10.853861,0.109101
20605.502681,0.319760,13.680131,0.115055
20892.707706,0.317403,5.463226,0.111861
21182.961740,0.318509,10.333410,0.108864
21478.313985,0.329851,0.008718,0.103670
21776.313908,0.327142,12.542028,0.106094
22079.261128,0.322275,12.094558,0.107927
22387.106601,0.320174,4.341338,0.110581
22698.178034,0.323969,8.908434,0.107933
23014.042454,0.325196,8.727908,0.105867
23334.249076,0.332970,8.108471,0.103143
23659.050011,0.330789,6.375522,0.105545
23987.194005,0.326810,15.716554,0.109117
24322.049186,0.326988,0.009135,0.106567
24660.403134,0.329699,0.012473,0.111378
25002.247064,0.322440,17.375751,0.107384
25350.919421,0.318273,6.555060,0.111710
25702.808740,0.313350,15.797280,0.110956
26060.568437,0.325878,13.508510,0.113961
26423.303219,0.320944,10.216915,0.110540
26790.986371,0.330705,12.971310,0.107444
27163.079983,0.328067,19.393835,0.102122
27541.840895,0.329422,8.284673,0.107007
27924.517904,0.324328,13.004539,0.107713
28312.636786,0.323314,18.397562,0.108960
28707.642667,0.320105,4.928082,0.109290
29106.318429,0.324045,14.025723,0.105232
29510.854094,0.322133,14.488472,0.108675
29922.157371,0.327391,10.949358,0.110201
30336.423763,0.321971,27.527698,0.107987
30759.109836,0.325161,26.474842,0.110909
31187.891834,0.326250,17.179998,0.108611
31621.555041,0.314099,15.513959,0.115805
32062.458925,0.325191,6.978417,0.104505
32508.712732,0.319499,1.025476,0.105470
32959.279301,0.316516,24.832100,0.109211
33418.340811,0.319544,20.467903,0.111433
33882.824905,0.313287,24.651644,0.114194
34352.449840,0.323892,34.276701,0.111339
34832.158985,0.320372,18.383299,0.104666
35316.333453,0.322754,22.642102,0.106928
35807.567366,0.329265,25.104731,0.114489
36307.188709,0.322687,11.129899,0.104993
36808.982261,0.319882,37.363604,0.110200
37321.584335,0.328492,36.998665,0.106722
37842.530541,0.331523,22.655605,0.109336
38370.733277,0.330663,0.007437,0.104400
38900.413239,0.312616,39.928448,0.112614
39441.622649,0.313614,39.832463,0.108124
39993.041479,0.325204,22.295127,0.115644
40549.320845,0.324966,20.542388,0.109895
41113.610991,0.322821,18.642634,0.109190
41684.097520,0.327569,28.571735,0.116010
42264.590017,0.317479,29.034833,0.110696
42853.468285,0.315869,20.727247,0.116162
43447.173315,0.315756,40.783567,0.112833
44050.966623,0.311974,41.719693,0.117581
44666.252413,0.317344,24.248902,0.114565
45286.091282,0.322200,38.296311,0.104743
45917.356565,0.320744,34.090240,0.115150
46555.674999,0.313599,27.978787,0.115465
47203.667096,0.318198,32.713234,0.106186
47862.157957,0.319983,14.718343,0.111849
48527.286458,0.315957,23.388554,0.117451
49195.995271,0.323740,63.339306,0.120179
49880.922818,0.330955,58.510847,0.115868
50578.873750,0.323790,39.941241,0.112261
51285.399765,0.329715,10.745978,0.116911
51988.974338,0.317701,76.453351,0.119700
52715.888593,0.327295,63.395435,0.119297
53453.874543,0.310851,27.961596,0.114071
54196.944414,0.311641,36.880333,0.106944
54948.976159,0.318519,47.501690,0.105689
55710.461750,0.316364,70.021023,0.116586
56488.966430,0.315661,50.291461,0.111648
57272.582631,0.325035,65.722498,0.118264
58072.210460,0.314294,39.086245,0.115684
58877.869721,0.323218,58.545683,0.110783
59703.397577,0.332233,4.309080,0.102539
60530.008603,0.321147,41.097111,0.112570
61372.776993,0.317071,39.553138,0.105682
62221.143221,0.323109,67.442099,0.113560
63094.212033,0.318081,23.501300,0.109636
63969.773838,0.322684,55.999663,0.098279
64857.130239,0.323881,59.029399,0.115421
65752.147828,0.311495,88.488941,0.120401
66677.319829,0.326904,42.785694,0.109538
67600.867958,0.318349,56.915364,0.118679
68537.753689,0.318813,75.122839,0.114063
69492.582136,0.319964,80.698443,0.106619
70463.662648,0.319506,54.289593,0.110041
71435.976250,0.311089,84.898659,0.113501
72437.973767,0.314014,52.944895,0.106718
73440.217557,0.309231,92.775999,0.115137
74467.257160,0.323378,55.999596,0.116549
75505.268173,0.314169,49.135402,0.108313
76554.877599,0.306145,52.274330,0.116805
77621.141830,0.310285,48.443560,0.108261
78694.551290,0.314937,75.864321,0.115946
79784.534919,0.322364,102.012750,0.114159
80898.102378,0.329650,89.186629,0.112311
82026.939173,0.300030,74.555262,0.118465
83151.875119,0.293650,149.604387,0.125220
84330.249423,0.316788,40.893101,0.104453
85491.958867,0.309382,102.580144,0.121427
86683.623661,0.321848,89.416435,0.112797
87893.754865,0.315196,95.578429,0.115356
89113.926895,0.323460,82.366226,0.109328
90351.141801,0.328196,101.143531,0.110753
91606.250325,0.326537,106.613511,0.113395
92883.082828,0.328327,118.717983,0.116075
94175.615913,0.324386,121.163311,0.105220
95492.052677,0.317550,60.774474,0.115446
96823.523832,0.330522,63.833066,0.109895
98153.843056,0.316079,136.739198,0.114987
99528.559739,0.328938,111.259788,0.106313
100921.309405,0.324481,51.892393,0.114909
102302.553380,0.315925,169.971229,0.114696
103733.411800,0.304534,145.832123,0.118494
105185.696197,0.328598,98.829900,0.118026
106632.835919,0.330178,174.330799,0.116981
108136.834715,0.314152,82.123701,0.106327
109619.787762,0.301458,166.007608,0.122211
111171.831190,0.331239,28.547855,0.105593
112702.759844,0.329855,133.061047,0.117184
114277.278657,0.325883,90.798647,0.120382
115874.651197,0.322191,62.088169,0.109751
117460.066072,0.316776,178.320884,0.119967
119118.305980,0.312203,40.093718,0.117047
120778.804582,0.309517,34.210005,0.109199
122403.373908,0.320075,270.871507,0.124954
124155.787634,0.322291,65.896467,0.114236
125876.264956,0.336273,119.329167,0.121645
127638.903862,0.306421,60.500822,0.116389
129403.172696,0.338167,100.200079,0.113118
131219.998601,0.327043,0.006176,0.101363
133028.503160,0.317101,86.636648,0.109521
134870.563671,0.326837,163.992671,0.115993
136765.248098,0.320650,95.330063,0.111511
138668.793920,0.316250,103.744047,0.118903
140591.129234,0.313626,121.578491,0.101796
142546.178388,0.335958,127.189202,0.113273
144542.815195,0.313010,11.992957,0.113440
146544.266686,0.341362,112.554834,0.112785
148551.332673,0.321057,254.517745,0.123666
150620.582586,0.323897,242.126100,0.130171
152678.549570,0.292186,337.783243,0.111117
154863.480568,0.331407,155.240746,0.110410
157035.365127,0.314324,11.581014,0.110260
159179.409650,0.297646,281.475130,0.112750
161353.861798,0.311892,341.956034,0.124269
163656.250677,0.338962,223.959759,0.103994
165958.700051,0.320086,0.013532,0.082117
168235.837405,0.323369,214.072834,0.118919
170592.479062,0.334978,113.958436,0.111692
172967.180950,0.340135,100.234208,0.115093
175345.532528,0.339977,308.122715,0.112371
177801.780019,0.329595,220.081855,0.109475
180178.936510,0.297053,495.821839,0.123146
182756.365502,0.319026,324.738308,0.112148
185282.484668,0.314153,309.020520,0.147680
187838.626504,0.273092,372.779281,0.139732
190495.173712,0.306242,232.601286,0.141491
193087.412490,0.309759,450.143245,0.129567
195836.900815,0.289301,209.580187,0.136646
198542.427175,0.312480,371.941049,0.132585
201313.427251,0.327236,321.836428,0.119350
204173.801514,0.325882,0.006176,0.102050
207014.143141,0.321303,0.010698,0.102127
209853.915167,0.304202,191.384657,0.101677
212755.218575,0.337412,284.838824,0.111265
215701.190607,0.293899,330.931974,0.139077
218533.139910,0.282200,691.599245,0.154210
221781.281309,0.314489,175.836316,0.104762
224886.777035,0.305952,170.301526,0.104962
228034.214949,0.394518,-nan,0.093871
231206.487326,0.333675,-nan,0.098931
234387.981055,0.348494,222.145003,0.107624
237545.810316,0.298333,533.874671,0.127141
240778.721845,0.286554,617.967305,0.155107
244343.063011,0.338712,0.008735,0.093088
247742.214598,0.294091,0.005524,0.081006
251132.090837,0.313258,222.672926,0.125998
254683.034890,0.296613,0.007812,0.103420
258006.282806,0.287903,836.752892,0.119854
261808.031862,0.277069,77.613227,0.100999
265448.923590,0.330439,49.394427,0.128924
269153.489492,0.312500,0.005524,0.097219
272832.463475,0.285185,475.573494,0.142351
276484.649537,0.296226,855.384638,0.128360
280403.351290,0.229600,325.104443,0.155251
283942.133592,0.292250,1225.873184,0.177960
288287.442356,0.341774,633.824513,0.127637
292415.251938,0.260833,0.010335,0.077213
296483.145755,0.349333,0.008735,0.106150
300507.308183,0.301167,540.304562,0.113260
303868.186802,0.232931,1633.327149,0.164241
308762.687389,0.198864,843.901196,0.095381
313328.580061,0.350750,0.003906,0.112431
317687.416877,0.355250,0.006766,0.073934
322106.890779,0.355250,0.012956,0.129214
326587.844202,0.259750,0.006766,0.073544
330718.319338,0.242750,825.632659,0.148673
335724.955779,0.281250,21.933855,0.168509
340408.196350,0.353333,-nan,0.089938
345143.748006,0.378750,0.007812,0.054088
348741.164302,0.210833,1702.727074,0.170988
354813.398428,0.236875,0.000000,0.098803
357991.538501,0.164375,1757.802637,0.175489
364753.953771,0.298750,0.006766,0.054242
369828.191138,0.335000,0.012956,0.114728
374973.011913,0.316250,0.005524,0.121263
380189.403509,0.371250,0.000000,0.066556
385478.366775,0.365000,0.000000,0.032977
390038.757549,0.196250,1389.380010,0.147452
396278.038889,0.368333,0.000000,0.020548
401611.595594,0.190000,253.465353,0.155134
407380.287989,0.360000,0.000000,0.045000
413047.512910,0.272500,0.011049,0.142500
418793.571895,0.347500,0.005524,0.072500
424619.570293,0.372500,0.000000,0.022500
430526.618055,0.197500,0.005524,0.062500
433753.469373,0.135000,2762.370611,0.135000
442588.379646,0.305000,0.000000,0.000000
448745.397966,0.335000,0.000000,0.000000
454988.065759,0.390000,0.000000,0.000000
461317.585716,0.305000,0.000000,0.000000
467735.147623,0.330000,0.000000,0.000000
474241.993303,0.225000,0.000000,0.000000
480839.358823,0.470000,0.000000,0.000000
487528.492628,0.340000,0.000000,0.000000
494310.693946,0.455000,0.000000,0.000000
501187.243878,0.255000,0.000000,0.000000
508159.452492,0.390000,0.000000,0.000000
515228.644934,0.345000,0.000000,0.000000
522396.192350,0.420000,0.000000,0.000000
529663.444436,0.510000,0.000000,0.000000
537031.797500,0.240000,0.000000,0.000000
544502.656057,0.420000,0.000000,0.000000
552077.448903,0.415000,0.000000,0.000000
559757.608176,0.430000,0.000000,0.000000
567544.622711,0.265000,0.000000,0.000000
575439.947054,0.315000,0.000000,0.000000
583445.105487,0.280000,0.000000,0.000000
591561.637404,0.380000,0.000000,0.000000
599791.091716,0.280000,0.000000,0.000000
608135.005349,0.440000,0.000000,0.000000
616595.011568,0.380000,0.000000,0.000000
625172.703233,0.305000,0.000000,0.000000
633869.719617,0.470000,0.000000,0.000000
642687.718504,0.400000,0.000000,0.000000
651628.403636,0.280000,0.000000,0.000000
660693.451465,0.410000,0.000000,0.000000
669884.620628,0.415000,0.000000,0.000000
672641.068587,0.000000,0.000000,0.000000
