0.000000,0.995000,0.000000,0.000000
1.002834,0.848450,0.001699,0.026381
1.016568,0.847500,0.001745,0.026690
1.030317,0.846084,0.001741,0.027016
1.044298,0.844561,0.001665,0.026950
1.058220,0.843479,0.001697,0.026950
1.072704,0.842242,0.001745,0.026989
1.087353,0.841300,0.001696,0.027053
1.101931,0.840021,0.001693,0.026969
1.116869,0.838447,0.001734,0.026974
1.132036,0.837226,0.001696,0.026795
1.147258,0.835761,0.001770,0.026885
1.162885,0.834526,0.001678,0.027013
1.178678,0.833261,0.001764,0.027230
1.194341,0.832034,0.001731,0.026757
1.210742,0.830966,0.001738,0.026897
1.227068,0.829866,0.001762,0.026804
1.243729,0.828584,0.001719,0.027319
1.260631,0.827229,0.001759,0.027278
1.277619,0.825550,0.001784,0.027123
1.294928,0.824008,0.001745,0.027131
1.312478,0.822774,0.001713,0.027313
1.330444,0.821066,0.001740,0.027663
1.348437,0.819389,0.001768,0.028029
1.366614,0.818011,0.001775,0.028002
1.385026,0.816534,0.001787,0.027954
1.403765,0.815271,0.001811,0.028013
1.422790,0.813818,0.001800,0.028046
1.442089,0.812250,0.001771,0.028307
1.461672,0.810700,0.001739,0.028033
1.481426,0.809205,0.001747,0.028112
1.501440,0.807968,0.001757,0.027900
1.521807,0.806584,0.001782,0.028112
1.542418,0.804963,0.001824,0.028307
1.563309,0.803561,0.001836,0.028963
1.584472,0.801855,0.001764,0.029179
1.606027,0.800482,0.001871,0.029286
1.627701,0.798784,0.001782,0.029493
1.649749,0.797605,0.001790,0.029734
1.672155,0.795755,0.001848,0.029811
1.694724,0.794413,0.001810,0.030149
1.717793,0.792887,0.001836,0.030496
1.740970,0.791539,0.001861,0.030088
1.764539,0.790116,0.001835,0.030280
1.788414,0.788732,0.001868,0.030107
1.812668,0.787545,0.001799,0.030337
1.837311,0.785924,0.001837,0.030920
1.862133,0.784168,0.001841,0.030891
1.887386,0.782447,0.001784,0.030752
1.912987,0.781350,0.001847,0.031123
1.938891,0.780082,0.001925,0.030832
1.965279,0.778618,0.001915,0.030689
1.991969,0.777211,0.001852,0.031283
2.018885,0.775832,0.001850,0.030923
2.046132,0.774032,0.001894,0.031279
2.073851,0.772500,0.001903,0.031728
2.102037,0.771495,0.001848,0.032091
2.130494,0.769934,0.001899,0.032236
2.159366,0.768371,0.001944,0.032141
2.188601,0.766984,0.001892,0.032596
2.218315,0.765537,0.001811,0.032577
2.248403,0.763763,0.001939,0.032739
2.278741,0.762455,0.001898,0.033180
2.309822,0.760758,0.001894,0.033316
2.340918,0.759268,0.001944,0.033864
2.372745,0.758032,0.001895,0.034233
2.404776,0.757103,0.001917,0.034207
2.437482,0.755811,0.001895,0.034712
2.470557,0.754458,0.001933,0.034590
2.504106,0.753039,0.001923,0.034293
2.538078,0.751511,0.001898,0.034339
2.572407,0.750189,0.001876,0.034876
2.607267,0.748755,0.001914,0.035394
2.642614,0.747595,0.001983,0.035341
2.678408,0.746387,0.001976,0.035884
2.714922,0.744595,0.001908,0.035922
2.751417,0.742826,0.001922,0.035510
2.788847,0.741655,0.001976,0.035829
2.826728,0.740153,0.001908,0.035497
2.864939,0.738495,0.002013,0.036170
2.903727,0.737034,0.002015,0.036146
2.943294,0.735513,0.001891,0.036537
2.983168,0.734850,0.001932,0.036711
3.023554,0.733003,0.001967,0.036961
3.064552,0.731332,0.001966,0.036504
3.106023,0.730234,0.001977,0.036631
3.148098,0.729839,0.001987,0.036678
3.190988,0.728311,0.001963,0.037355
3.233967,0.726845,0.002053,0.037902
3.277907,0.725253,0.002078,0.038118
3.322441,0.724205,0.002041,0.038214
3.367441,0.722550,0.002032,0.038437
3.413032,0.721350,0.001961,0.038238
3.459378,0.719455,0.001968,0.038446
3.506084,0.717608,0.002106,0.037866
3.553750,0.716405,0.002021,0.038355
3.601821,0.715305,0.002041,0.038196
3.650897,0.715074,0.002044,0.038466
3.700361,0.713300,0.002049,0.038461
3.750572,0.712032,0.002013,0.038165
3.801400,0.711366,0.002034,0.038029
3.853027,0.709821,0.002072,0.038601
3.905076,0.708421,0.002099,0.038635
3.958005,0.707163,0.002029,0.038857
4.011680,0.705874,0.002138,0.038860
4.066071,0.704050,0.002156,0.038641
4.121341,0.703326,0.002055,0.038325
4.177206,0.701934,0.002051,0.038701
4.233758,0.700653,0.002097,0.038737
4.291227,0.699334,0.002079,0.038966
4.349394,0.697926,0.002092,0.038425
4.408336,0.696563,0.002077,0.038868
4.468257,0.694584,0.002054,0.039614
4.528735,0.692829,0.002115,0.039419
4.590025,0.691439,0.002070,0.039335
4.652410,0.690450,0.002160,0.039430
4.715646,0.688689,0.002131,0.039569
4.779614,0.687963,0.002079,0.039955
4.844207,0.686468,0.002106,0.040132
4.909967,0.685389,0.002168,0.040935
4.976592,0.683492,0.002100,0.041421
5.044066,0.682155,0.002142,0.041395
5.112450,0.680629,0.002143,0.042089
5.181821,0.678526,0.002113,0.042162
5.251989,0.677721,0.002181,0.042635
5.323180,0.676239,0.002130,0.042845
5.395573,0.674082,0.002156,0.042619
5.468708,0.673445,0.002151,0.042511
5.543040,0.672447,0.002071,0.042638
5.618169,0.671313,0.002159,0.042631
5.694072,0.669108,0.002192,0.042923
5.771587,0.667121,0.002150,0.043082
5.849718,0.665850,0.002202,0.043092
5.929114,0.664945,0.002251,0.043519
6.009414,0.663255,0.002155,0.043341
6.091174,0.662142,0.002195,0.043031
6.173450,0.660518,0.002195,0.043136
6.257496,0.659442,0.002151,0.042664
6.342129,0.658213,0.002239,0.042686
6.428220,0.657892,0.002218,0.042396
6.515365,0.656468,0.002218,0.042540
6.603687,0.654892,0.002199,0.042516
6.693535,0.654021,0.002244,0.042135
6.784038,0.652647,0.002292,0.042198
6.876159,0.651358,0.002233,0.042935
6.969429,0.650539,0.002225,0.043705
7.063966,0.649497,0.002287,0.043027
7.159669,0.648618,0.002232,0.042742
7.256980,0.647716,0.002227,0.042985
7.355322,0.646218,0.002286,0.043174
7.455127,0.644750,0.002268,0.043822
7.556039,0.644200,0.002248,0.043870
7.658778,0.641742,0.002295,0.044379
7.762480,0.640692,0.002324,0.045493
7.867775,0.639892,0.002270,0.045032
7.974678,0.638589,0.002291,0.045574
8.082741,0.637368,0.002207,0.045193
8.192436,0.635087,0.002302,0.045393
8.303605,0.633195,0.002311,0.045819
8.416245,0.632037,0.002252,0.046403
8.530356,0.630392,0.002308,0.046140
8.646305,0.629350,0.002273,0.045917
8.763365,0.628326,0.002431,0.046138
8.882258,0.627053,0.002401,0.046415
9.002876,0.627292,0.002330,0.046087
9.124771,0.626400,0.002322,0.045261
9.248475,0.625613,0.002350,0.045216
9.373848,0.624142,0.002413,0.044413
9.501295,0.622724,0.002377,0.045728
9.630170,0.620358,0.002343,0.046154
9.760690,0.619589,0.002335,0.046089
9.893300,0.618742,0.002342,0.046853
10.027383,0.617861,0.002376,0.047005
10.163533,0.617234,0.002376,0.046472
10.301320,0.616166,0.002372,0.047279
10.441025,0.615134,0.002231,0.047177
10.582704,0.613613,0.002404,0.047486
10.726382,0.611839,0.002362,0.047479
10.871799,0.611116,0.002346,0.046983
11.019290,0.610955,0.002445,0.046700
11.168719,0.608913,0.002431,0.046743
11.320406,0.609008,0.002383,0.046137
11.473817,0.607016,0.002362,0.046202
11.629452,0.606429,0.002372,0.046779
11.787169,0.605521,0.002365,0.046264
11.947310,0.604339,0.002483,0.046777
12.109242,0.602758,0.002440,0.047032
12.273477,0.602055,0.002404,0.048322
12.439962,0.600734,0.002437,0.047975
12.608982,0.599929,0.002556,0.047551
12.779785,0.598797,0.002461,0.048402
12.953397,0.597300,0.002484,0.048176
13.128958,0.595963,0.002406,0.047588
13.307126,0.595411,0.002367,0.047477
13.487703,0.594274,0.002498,0.048054
13.670446,0.592766,0.002471,0.047137
13.856019,0.591376,0.002417,0.046762
14.044249,0.589784,0.002494,0.046292
14.234541,0.588961,0.002487,0.046427
14.427556,0.587847,0.002439,0.047041
14.623384,0.586247,0.002535,0.047140
14.821761,0.585437,0.002519,0.047441
15.022946,0.583082,0.002599,0.047752
15.226603,0.582011,0.002570,0.047901
15.433266,0.581153,0.002531,0.048325
15.642785,0.580650,0.002420,0.048018
15.854925,0.579739,0.002481,0.048228
16.069959,0.578197,0.002500,0.051178
16.287915,0.577713,0.002608,0.051273
16.509149,0.577166,0.002566,0.050324
16.732953,0.574876,0.002594,0.050176
16.960016,0.573676,0.002636,0.048877
17.190123,0.572889,0.002551,0.049324
17.423346,0.572653,0.002638,0.050874
17.659695,0.571811,0.002578,0.050601
17.899141,0.570818,0.002546,0.052085
18.141987,0.569463,0.002587,0.051477
18.388431,0.568571,0.002572,0.051599
18.637872,0.568145,0.002698,0.052602
18.890534,0.567442,0.002641,0.052445
19.146812,0.566016,0.002729,0.052082
19.406756,0.564284,0.002656,0.051885
19.669976,0.563542,0.002624,0.051907
19.936975,0.563263,0.002676,0.052232
20.207580,0.561700,0.002712,0.052473
20.481635,0.559853,0.002649,0.053135
20.759511,0.559984,0.002673,0.053680
21.040963,0.559129,0.002646,0.054391
21.326527,0.559234,0.002706,0.053983
21.615891,0.558224,0.002685,0.052699
21.909381,0.555976,0.002645,0.052627
22.206576,0.554513,0.002711,0.052915
22.507813,0.553718,0.002717,0.053219
22.813201,0.551571,0.002780,0.054069
23.122771,0.551592,0.002636,0.054163
23.436628,0.550337,0.002787,0.054469
23.754336,0.548511,0.002755,0.054242
24.076498,0.547505,0.002624,0.055392
24.403272,0.547316,0.002690,0.055596
24.734437,0.544642,0.002680,0.055982
25.070126,0.544703,0.002631,0.056518
25.410253,0.543674,0.002663,0.056263
25.755108,0.542637,0.002739,0.055340
26.104387,0.540426,0.002831,0.055396
26.458608,0.539455,0.002700,0.054755
26.817607,0.538995,0.002762,0.054603
27.181637,0.539074,0.002782,0.054019
27.550386,0.538674,0.002893,0.055172
27.924070,0.539218,0.002755,0.055819
28.303227,0.538653,0.002689,0.057416
28.687074,0.536216,0.002751,0.058521
29.076127,0.535205,0.002883,0.058510
29.470627,0.534018,0.002755,0.058682
29.870475,0.531950,0.002754,0.057959
30.275935,0.530387,0.002813,0.058011
30.686854,0.529195,0.002827,0.058705
31.103115,0.529247,0.002833,0.059400
31.525291,0.527150,0.002793,0.060368
31.952859,0.527734,0.002855,0.059699
32.386195,0.528050,0.002792,0.059114
32.825642,0.526955,0.002951,0.058527
33.271373,0.525387,0.002770,0.059379
33.722648,0.523695,0.002829,0.060029
34.180340,0.522571,0.002934,0.061209
34.644052,0.521637,0.002955,0.060260
35.114171,0.519747,0.002890,0.058847
35.590459,0.518987,0.003042,0.059014
36.073475,0.518829,0.002928,0.061405
36.563018,0.518400,0.002848,0.061242
37.059114,0.517763,0.002946,0.060546
37.561834,0.516845,0.002813,0.059533
38.071417,0.515316,0.002881,0.059520
38.588163,0.513853,0.002992,0.060740
39.111863,0.513834,0.002982,0.061246
39.642511,0.512524,0.002975,0.062500
40.180469,0.511539,0.002947,0.062385
40.725621,0.510632,0.002902,0.061311
41.278307,0.507234,0.002977,0.060405
41.838401,0.507239,0.003071,0.060568
42.405895,0.508511,0.002946,0.058196
42.981711,0.507913,0.002927,0.058192
43.564557,0.506184,0.002920,0.060335
44.155700,0.505755,0.002915,0.060233
44.754840,0.505779,0.003047,0.061308
45.362183,0.505832,0.002918,0.060406
45.977717,0.504634,0.002960,0.060092
46.601540,0.504116,0.003031,0.059280
47.233797,0.502779,0.002857,0.061292
47.874884,0.502155,0.003098,0.060843
48.524385,0.500355,0.002996,0.059256
49.182997,0.499034,0.002964,0.060597
49.850164,0.500542,0.002943,0.060645
50.526865,0.498703,0.002939,0.062653
51.212173,0.498618,0.002964,0.061882
51.907057,0.498400,0.003120,0.064365
52.611477,0.497695,0.002997,0.065248
53.325370,0.495713,0.003106,0.066952
54.049078,0.494987,0.003065,0.066134
54.782360,0.492424,0.002971,0.064960
55.525720,0.492884,0.003108,0.065286
56.279112,0.493076,0.003076,0.065303
57.042773,0.492861,0.003188,0.065191
57.816964,0.492563,0.003086,0.065880
58.601302,0.493568,0.003160,0.066068
59.396629,0.491208,0.003120,0.066303
60.202460,0.489958,0.003069,0.066715
61.019395,0.487016,0.003101,0.066042
61.847368,0.487429,0.003166,0.064675
62.686452,0.488916,0.003223,0.066049
63.537269,0.486271,0.003164,0.066198
64.399334,0.485900,0.003084,0.068093
65.273130,0.485789,0.003179,0.068660
66.158910,0.483337,0.003148,0.067056
67.056772,0.483837,0.003158,0.068592
67.966816,0.481750,0.003254,0.068861
68.888862,0.481847,0.003242,0.068057
69.823514,0.482376,0.003154,0.069354
70.771046,0.482276,0.003071,0.068171
71.731386,0.481118,0.003130,0.068375
72.704722,0.481413,0.003180,0.069811
73.691343,0.477411,0.003207,0.069590
74.691286,0.477679,0.003322,0.069496
75.704779,0.476087,0.003158,0.067840
76.731875,0.476066,0.003287,0.069217
77.773325,0.476358,0.003343,0.068343
78.828292,0.475771,0.003171,0.068463
79.897987,0.474966,0.003329,0.069503
80.982387,0.472603,0.003349,0.071043
82.081523,0.474042,0.003200,0.069945
83.195208,0.471542,0.003308,0.069090
84.324031,0.471618,0.003352,0.067239
85.468573,0.469518,0.003354,0.068130
86.628182,0.470589,0.003394,0.067932
87.803618,0.471703,0.003300,0.070408
88.995195,0.470579,0.003362,0.070706
90.202656,0.472458,0.003318,0.069119
91.426879,0.471239,0.003312,0.068981
92.667206,0.467855,0.003270,0.068328
93.924678,0.468332,0.003258,0.068138
95.199085,0.466358,0.003298,0.067096
96.491175,0.466339,0.003218,0.067365
97.800522,0.465013,0.003361,0.068110
99.127698,0.464997,0.003278,0.068282
100.472757,0.464884,0.003320,0.068705
101.836178,0.463571,0.003315,0.070266
103.217714,0.463347,0.003315,0.071177
104.618327,0.463279,0.003337,0.071780
106.038056,0.463639,0.003380,0.072420
107.476910,0.462700,0.003360,0.071140
108.935608,0.463863,0.003306,0.072656
110.413857,0.463213,0.003288,0.073919
111.911917,0.462889,0.003336,0.072987
113.430725,0.462292,0.003566,0.075269
114.969833,0.462711,0.003457,0.075782
116.530114,0.461955,0.003277,0.073608
118.111073,0.463434,0.003430,0.074609
119.714010,0.462653,0.003350,0.074978
121.338172,0.463034,0.003400,0.076854
122.985007,0.462018,0.003432,0.075418
124.653983,0.460655,0.003436,0.074139
126.345220,0.460174,0.003367,0.070839
128.059934,0.459413,0.003256,0.071741
129.797626,0.458350,0.003518,0.072134
131.558750,0.456263,0.003475,0.071928
133.344197,0.454474,0.003502,0.070150
135.153827,0.452539,0.003525,0.071257
136.987472,0.453803,0.003430,0.072554
138.846484,0.454168,0.003604,0.073186
140.730578,0.451426,0.003449,0.073010
142.640375,0.452311,0.003522,0.071212
144.575779,0.452750,0.003509,0.072181
146.537776,0.453861,0.003473,0.073775
148.526315,0.453355,0.003812,0.072525
150.541486,0.454355,0.003478,0.073663
152.584493,0.450737,0.003617,0.074292
154.654925,0.449600,0.003408,0.073478
156.753685,0.447118,0.003615,0.074221
158.880859,0.445450,0.003671,0.074124
161.036642,0.447729,0.003460,0.073798
163.221944,0.447116,0.003542,0.076227
165.436968,0.445037,0.003643,0.075250
167.681841,0.445434,0.003624,0.076578
169.957400,0.445766,0.003429,0.077597
172.263922,0.443984,0.003698,0.074408
174.601419,0.444700,0.003612,0.076179
176.970502,0.445011,0.003687,0.078079
179.372199,0.447758,0.003569,0.080197
181.806081,0.447821,0.003530,0.077155
184.273347,0.446866,0.003544,0.076896
186.773613,0.445987,0.003628,0.076307
189.308045,0.447316,0.003745,0.079122
191.877347,0.442287,0.003680,0.079601
194.480786,0.442653,0.003662,0.079624
197.119810,0.441661,0.003541,0.080631
199.795014,0.440976,0.003762,0.080745
202.505976,0.442413,0.003729,0.079884
205.254029,0.441171,0.003708,0.079777
208.039451,0.438932,0.003736,0.078520
210.862391,0.441734,0.003780,0.079536
213.724023,0.442445,0.003848,0.080442
216.624106,0.439895,0.003603,0.076380
219.563500,0.440753,0.003598,0.077773
222.543234,0.438521,0.003532,0.075700
225.563141,0.440074,0.003777,0.076845
228.623960,0.438647,0.003484,0.076423
231.726191,0.437729,0.003737,0.075318
234.870790,0.438700,0.003582,0.075538
238.058129,0.436618,0.003627,0.075678
241.288315,0.433976,0.003706,0.078342
244.562764,0.436139,0.003661,0.079592
247.881417,0.435837,0.003866,0.082235
251.245361,0.432900,0.003858,0.080640
254.654777,0.434918,0.003757,0.079679
258.110102,0.432645,0.003796,0.078452
261.612840,0.434511,0.003849,0.080150
265.162968,0.432600,0.003914,0.079726
268.761128,0.433508,0.003740,0.081325
272.408099,0.435695,0.003543,0.080935
276.105068,0.433642,0.003917,0.082230
279.851310,0.434092,0.003681,0.080759
283.649354,0.435292,0.003745,0.080691
287.498348,0.435303,0.003973,0.080498
291.399581,0.438200,0.003736,0.081618
295.353857,0.438374,0.003930,0.082310
299.361985,0.437166,0.003700,0.082494
303.424134,0.433534,0.003853,0.082609
307.541703,0.433797,0.003813,0.081034
311.715017,0.437961,0.003829,0.084474
315.944939,0.436247,0.003865,0.086822
320.232067,0.436221,0.003713,0.084279
324.577901,0.436392,0.003704,0.085464
328.982500,0.436068,0.004126,0.087133
333.446798,0.432361,0.003784,0.084633
337.971958,0.427805,0.003936,0.083559
342.558317,0.428271,0.003906,0.081640
347.206634,0.429545,0.003715,0.081501
351.918300,0.430950,0.003618,0.077122
356.693579,0.432908,0.003656,0.078379
361.534047,0.431937,0.003851,0.081286
366.440148,0.431942,0.003580,0.078162
371.412909,0.431266,0.003807,0.081234
376.452772,0.430597,0.003913,0.082823
381.561373,0.427263,0.003966,0.079250
386.739244,0.424303,0.003853,0.082033
391.987079,0.424787,0.003701,0.082615
397.306441,0.425050,0.003795,0.082224
402.698076,0.425874,0.003868,0.083738
408.162701,0.427768,0.003695,0.085069
413.701549,0.425166,0.004087,0.088180
419.315758,0.427513,0.004000,0.086744
425.005884,0.427853,0.003830,0.084515
430.773197,0.426750,0.003995,0.084770
436.618707,0.428561,0.003975,0.083922
442.544062,0.421834,0.004233,0.082104
448.549014,0.422179,0.004087,0.082477
454.635906,0.419405,0.003983,0.081664
460.805558,0.419237,0.004231,0.082012
467.058546,0.419239,0.004405,0.082213
473.396855,0.418621,0.003999,0.082157
479.820562,0.418171,0.004152,0.081571
486.331942,0.417247,0.003924,0.082409
492.931288,0.418121,0.003927,0.081995
499.620899,0.419392,0.004023,0.081444
506.400553,0.416282,0.004024,0.082023
513.272497,0.415555,0.004176,0.082998
520.237973,0.418166,0.004262,0.084984
527.297402,0.415145,0.004048,0.086036
534.453098,0.414450,0.004646,0.083435
541.705358,0.412850,0.004141,0.082762
549.056692,0.414313,0.004220,0.087252
556.507092,0.414032,0.003903,0.087594
564.059377,0.414037,0.004945,0.089921
571.713595,0.411524,0.004400,0.088223
579.472158,0.413918,0.004341,0.089299
587.335626,0.412992,0.004181,0.088469
595.305558,0.419432,0.004284,0.087440
603.383776,0.413766,0.004233,0.089009
611.571904,0.416584,0.004513,0.091164
619.871295,0.415145,0.004406,0.093959
628.282846,0.413616,0.004212,0.091829
636.808595,0.413361,0.004100,0.091247
645.450306,0.410679,0.004332,0.089303
654.209026,0.414632,0.004115,0.089645
663.086844,0.413800,0.004571,0.087721
672.085111,0.413400,0.004174,0.087386
681.205724,0.413268,0.004390,0.088323
690.449581,0.413918,0.004245,0.089111
699.819047,0.416066,0.004257,0.089340
709.315591,0.415316,0.004825,0.089662
718.941410,0.412521,0.004360,0.089144
728.697286,0.417168,0.004466,0.092229
738.586227,0.417955,0.005085,0.086811
748.608828,0.416039,0.004212,0.089014
758.767395,0.416521,0.004290,0.094195
769.064122,0.413095,0.004342,0.091705
779.500031,0.413545,0.004365,0.092705
790.078342,0.413984,0.004354,0.093897
800.799662,0.413721,0.004454,0.091497
811.667163,0.412034,0.004535,0.090858
822.681054,0.413939,0.004322,0.089549
833.844993,0.413795,0.004095,0.090318
845.160765,0.410432,0.004126,0.087510
856.629533,0.412345,0.004437,0.088545
868.254378,0.408724,0.004429,0.087239
880.036776,0.412958,0.004078,0.089508
891.978986,0.410521,0.004207,0.087243
904.083275,0.412545,0.004363,0.088790
916.351759,0.412453,0.004373,0.086756
928.787225,0.410995,0.005244,0.089594
941.390976,0.411592,0.005769,0.087570
954.165695,0.413908,0.004204,0.086760
967.113894,0.412313,0.004255,0.090822
980.237769,0.415684,0.004634,0.092093
993.539849,0.413376,0.004334,0.090597
1007.022384,0.416561,0.005802,0.088165
1020.687736,0.413055,0.004836,0.089257
1034.539124,0.412887,0.005471,0.091025
1048.577807,0.410382,0.006063,0.089526
1062.807231,0.408295,0.005431,0.093286
1077.229624,0.407945,0.005109,0.092927
1091.847781,0.410563,0.006130,0.090293
1106.664626,0.406166,0.004613,0.092828
1121.682239,0.407289,0.006813,0.090997
1136.903663,0.405584,0.004783,0.090619
1152.332099,0.405797,0.008008,0.090962
1167.968997,0.410992,0.004333,0.093031
1183.818619,0.410289,0.004314,0.089724
1199.883556,0.411426,0.004423,0.093180
1216.165688,0.411818,0.004234,0.090571
1232.669695,0.414661,0.004599,0.092730
1249.397084,0.410237,0.004555,0.090637
1266.351690,0.412982,0.004449,0.091481
1283.535979,0.412116,0.003983,0.091295
1300.954159,0.410524,0.004351,0.087622
1318.608153,0.409392,0.004321,0.089864
1336.502391,0.412155,0.004261,0.089618
1354.639221,0.411011,0.004237,0.089190
1373.021880,0.408884,0.004423,0.090455
1391.653871,0.410721,0.004369,0.089059
1410.539252,0.410008,0.004500,0.092429
1429.680471,0.406689,0.004217,0.087912
1449.081663,0.406737,0.004798,0.094500
1468.745679,0.412700,0.004324,0.091328
1488.676923,0.405403,0.004340,0.088340
1508.879099,0.404182,0.005729,0.091828
1529.354966,0.408342,0.005202,0.092510
1550.108108,0.410495,0.004673,0.090498
1571.143800,0.408395,0.004559,0.091159
1592.464461,0.411500,0.004533,0.095467
1614.074794,0.412137,0.004411,0.093210
1635.977946,0.409218,0.004480,0.091756
1658.178427,0.408158,0.004387,0.090259
1680.680358,0.410766,0.004620,0.094597
1703.487661,0.412845,0.004554,0.093133
1726.604672,0.405155,0.004416,0.088611
1750.034808,0.407634,0.005016,0.093262
1773.783318,0.411874,0.004433,0.089751
1797.854067,0.406408,0.004572,0.087002
1822.251160,0.412034,0.004738,0.092419
1846.979514,0.413737,0.004282,0.091966
1872.043338,0.416026,0.004684,0.095157
1897.447517,0.409561,0.004246,0.088980
1923.196412,0.408405,0.004573,0.090475
1949.294452,0.408511,0.004437,0.094220
1975.747322,0.410476,0.006092,0.091773
2002.559052,0.406939,0.004937,0.094489
2029.733469,0.410489,0.004620,0.093593
2057.277584,0.405363,0.004779,0.092802
2085.195549,0.405961,0.004258,0.094082
2113.492291,0.410321,0.005324,0.093499
2142.172846,0.409326,0.004649,0.091576
2171.242731,0.407234,0.004549,0.092113
2200.706795,0.407221,0.004374,0.091504
2230.571006,0.408595,0.005290,0.091757
2260.840475,0.407458,0.004465,0.090888
2291.520823,0.411858,0.004666,0.093225
2322.617157,0.408721,0.004479,0.091940
2354.135508,0.406524,0.004664,0.092295
2386.081848,0.412782,0.004276,0.095164
2418.461141,0.412958,0.004335,0.091151
2451.280812,0.405608,0.004589,0.089876
2484.544999,0.407105,0.004413,0.093263
2518.260968,0.412545,0.004696,0.091128
2552.434221,0.413950,0.004228,0.091540
2587.071723,0.411058,0.004490,0.088777
2622.178775,0.415611,0.004279,0.088454
2657.762135,0.412516,0.004326,0.086608
2693.828909,0.415292,0.004158,0.087061
2730.384999,0.411292,0.004507,0.092913
2767.437046,0.417226,0.004050,0.089698
2804.991480,0.415689,0.004064,0.091546
2843.056492,0.419042,0.008909,0.093583
2881.637181,0.415213,0.004440,0.088386
2920.741858,0.418332,0.005676,0.092705
2960.377026,0.415121,0.004517,0.093848
3000.550288,0.420426,0.004294,0.084903
3041.268071,0.420097,0.004102,0.087336
3082.538515,0.424747,0.004053,0.087354
3124.370015,0.418111,0.004038,0.088299
3166.768412,0.420655,0.004185,0.089113
3209.742345,0.418621,0.004252,0.092557
3253.299807,0.414545,0.004313,0.089657
3297.447411,0.412447,0.004245,0.086369
3342.194648,0.416395,0.004318,0.088430
3387.549198,0.414079,0.004171,0.087542
3433.519096,0.409603,0.004242,0.085280
3480.113158,0.406932,0.004641,0.087157
3527.339086,0.410403,0.004317,0.088694
3575.206342,0.406671,0.004509,0.091436
3623.722628,0.411203,0.005352,0.086793
3672.897253,0.409918,0.004147,0.091530
3722.739496,0.411950,0.004567,0.094704
3773.258323,0.409963,0.004423,0.090039
3824.462372,0.410845,0.004389,0.086949
3876.360946,0.407850,0.004238,0.084040
3928.964581,0.413287,0.004140,0.086519
3982.281454,0.412353,0.004660,0.089596
4036.321880,0.417750,0.004792,0.084698
4091.096207,0.409534,0.004733,0.089208
4146.613473,0.414905,0.004634,0.089338
4202.884210,0.408632,0.004475,0.082349
4259.918398,0.409187,0.004352,0.089552
4317.726452,0.411147,0.004184,0.087992
4376.319282,0.415179,0.003997,0.085371
4435.707263,0.412261,0.004139,0.087971
4495.900761,0.416205,0.004175,0.088732
4556.911315,0.413308,0.004127,0.089240
4618.749943,0.409642,0.004283,0.089390
4681.428011,0.403845,0.004545,0.086209
4744.955846,0.408742,0.004371,0.087524
4809.346032,0.406003,0.004756,0.087114
4874.610564,0.407026,0.004199,0.085709
4940.760200,0.409132,0.004259,0.087210
5007.807679,0.404553,0.004493,0.090691
5075.765088,0.407842,0.004392,0.089722
5144.644566,0.405603,0.004366,0.092907
-nan,0.404097,-nan,0.093414
5285.220468,0.408300,0.004381,0.088172
5356.942324,0.410926,0.004276,0.094224
5429.637775,0.407697,0.004411,0.091449
5503.319361,0.409803,0.004334,0.091054
-nan,0.409274,-nan,0.091399
5653.695646,0.411166,0.004514,0.093614
5730.417661,0.411889,0.004504,0.093195
5808.181249,0.409363,0.005055,0.092775
5887.000154,0.407932,0.004543,0.091735
5966.888035,0.408042,0.004442,0.091662
6047.860348,0.411739,0.004427,0.089905
6129.931094,0.411637,0.003961,0.087305
6213.116301,0.413584,0.004318,0.087372
6297.430085,0.409003,0.005338,0.090550
6382.887857,0.414576,0.004149,0.088837
6469.505533,0.412713,0.004635,0.090229
6557.298451,0.408816,0.005286,0.097040
6646.282995,0.412176,0.005783,0.093719
6736.474673,0.414676,0.006519,0.090780
6827.890434,0.410939,0.004635,0.087734
6920.546720,0.411708,0.004085,0.086479
7014.460440,0.411779,0.004140,0.086660
7109.648806,0.412526,0.004292,0.087080
7206.128612,0.419429,0.003959,0.088513
7303.917719,0.420113,0.004318,0.090400
7403.033880,0.419813,0.004145,0.087319
7503.495159,0.416018,0.003923,0.088205
7605.320058,0.411976,0.004336,0.093145
7708.526396,0.414413,0.004489,0.091769
7813.132852,0.407550,0.004066,0.085054
7919.159394,0.411108,0.004243,0.087165
8026.624196,0.412011,0.004154,0.085899
8135.547719,0.419392,0.004061,0.091152
8245.949659,0.417353,0.004408,0.086918
8357.849567,0.411518,0.004017,0.091129
8471.267643,0.415382,0.004028,0.084336
8586.225261,0.414637,0.004083,0.086939
8702.742716,0.415708,0.004286,0.087067
8820.841678,0.416866,0.004292,0.089053
8940.542882,0.414021,0.004349,0.089890
9061.868266,0.412908,0.004134,0.091151
9184.840787,0.413039,0.004258,0.089930
9309.481314,0.416863,0.004023,0.086724
9435.813764,0.415332,0.004021,0.090509
9563.860040,0.415947,0.003937,0.089335
9693.644441,0.408729,0.003794,0.085367
9825.190048,0.412021,0.003833,0.089301
9958.520914,0.415347,0.004632,0.090784
10093.660792,0.414834,0.004288,0.088057
10230.634593,0.416587,0.004427,0.085644
10369.466766,0.411832,0.004127,0.089666
10510.183404,0.415400,0.003993,0.088309
10652.809955,0.407674,0.004913,0.088067
10797.371415,0.415742,0.005315,0.090699
10943.862525,0.417389,1.397727,0.092194
11092.406600,0.416782,-nan,0.094954
11242.933772,0.410150,-nan,0.091632
11395.503488,0.407076,-nan,0.091435
11550.143674,0.411416,-nan,0.096483
11706.882579,0.406987,-nan,0.091644
11865.748245,0.412103,-nan,0.095483
12026.769708,0.413026,-nan,0.091885
12189.976321,0.409758,-nan,0.090526
12355.397697,0.405061,-nan,0.094026
12523.064476,0.403582,-nan,0.094577
12693.005794,0.405547,-nan,0.096096
12865.253121,0.408266,-nan,0.096592
13039.838284,0.415276,-nan,0.097278
13216.792945,0.413189,-nan,0.090748
13396.148167,0.415987,-nan,0.088088
13577.937708,0.410129,-nan,0.089666
13762.194478,0.411321,-nan,0.089996
13948.951065,0.416313,-nan,0.087622
14138.242370,0.415545,-nan,0.088543
14330.102280,0.410203,-nan,0.088341
14524.565817,0.412661,-nan,0.087883
14721.575293,0.412216,-nan,0.097146
14921.445293,0.412737,-nan,0.091774
15123.933945,0.407553,-nan,0.099370
15329.169653,0.411842,-nan,0.096565
15537.191149,0.408942,-nan,0.090754
15748.035324,0.407368,-nan,0.093734
15961.740464,0.417266,-nan,0.095284
16178.345968,0.407708,-nan,0.094901
16397.890700,0.406716,-nan,0.093994
16620.414673,0.410918,-nan,0.094264
16845.958593,0.411497,-nan,0.095329
17074.563112,0.412600,-nan,0.092676
17306.081923,0.409461,-nan,0.094521
17541.120906,0.409926,-nan,0.094401
17779.091109,0.400321,-nan,0.091286
18020.426883,0.409792,-nan,0.094533
18264.969181,0.405084,-nan,0.097610
18512.830424,0.412774,-nan,0.094568
18763.955022,0.406597,-nan,0.097930
19018.688068,0.407153,-nan,0.093924
19276.777485,0.402961,-nan,0.098208
19538.368712,0.401282,-nan,0.099197
19803.509827,0.405918,-nan,0.104155
20072.249148,0.403268,-nan,0.100166
20344.535461,0.397576,-nan,0.100907
20620.717756,0.407518,-nan,0.097930
20900.546986,0.409095,-nan,0.096150
21184.173040,0.407895,-nan,0.094888
21471.648343,0.409463,-nan,0.091450
21763.024915,0.405745,-nan,0.096537
22058.285524,0.412689,-nan,0.093633
22357.693778,0.405358,-nan,0.091892
22661.093594,0.411916,-nan,0.090608
22968.610955,0.410326,-nan,0.093343
23280.301677,0.405487,-nan,0.095943
23596.222546,0.408603,-nan,0.098213
23916.429728,0.403397,-nan,0.097256
24240.982677,0.408716,-nan,0.096287
24569.615703,0.408137,-nan,0.099287
24903.360768,0.409900,-nan,0.099359
25241.306371,0.412763,-nan,0.094362
25583.838233,0.407924,-nan,0.094683
25931.017996,0.405989,-nan,0.097247
26282.909720,0.405579,-nan,0.097579
26639.442487,0.407345,-nan,0.098745
27001.082937,0.405555,-nan,0.099858
27367.495020,0.405218,-nan,0.095728
27738.880053,0.417400,-nan,0.095345
28115.305041,0.408463,-nan,0.096744
28496.837020,0.413611,-nan,0.095518
28883.547796,0.405413,-nan,0.101470
29275.505781,0.407011,-nan,0.098995
29672.782874,0.405442,-nan,0.101781
30075.450702,0.408071,-nan,0.099959
30483.583551,0.405808,-nan,0.097683
30897.254324,0.406500,-nan,0.098342
31316.538797,0.401413,-nan,0.098960
31741.513684,0.400403,-nan,0.097425
32171.981670,0.401366,-nan,0.097751
32608.841402,0.407213,-nan,0.095621
33051.353003,0.414805,-nan,0.099822
33499.869159,0.409339,-nan,0.097270
33954.472294,0.404137,-nan,0.100045
34415.243990,0.405026,-nan,0.099509
34882.268953,0.398218,-nan,0.098350
35355.630984,0.413368,-nan,0.103180
35835.417429,0.406879,-nan,0.097906
36321.556115,0.410716,-nan,0.098796
36814.610280,0.412389,-nan,0.101584
37314.195194,0.411553,-nan,0.098558
37820.559508,0.409724,-nan,0.099464
38333.795234,0.415145,-nan,0.099487
38853.996007,0.405176,-nan,0.099041
39381.256492,0.399589,-nan,0.102931
39914.559034,0.403566,-nan,0.103581
40457.338096,0.396842,-nan,0.106143
41006.355723,0.403950,-nan,0.103571
41562.824077,0.399674,-nan,0.107019
42125.787792,0.401332,-nan,0.107151
42698.516827,0.394679,-nan,0.106358
43277.504930,0.396061,-nan,0.110020
43865.242289,0.404713,-nan,0.110109
44460.506170,0.398882,-nan,0.106520
45063.848319,0.401200,-nan,0.105701
45675.377671,0.405421,-nan,0.108154
46295.205529,0.401447,-nan,0.110889
46923.444999,0.400245,-nan,0.106991
47560.209645,0.397432,-nan,0.108818
48205.615431,0.399287,-nan,0.106213
48859.779424,0.402332,-nan,0.107310
49522.820661,0.403592,-nan,0.107088
50194.859578,0.397868,-nan,0.105548
50876.018367,0.399376,-nan,0.106144
51566.420134,0.400197,-nan,0.109430
52266.192007,0.403224,-nan,0.108893
52974.753612,0.402992,-nan,0.104867
53694.001072,0.394158,-nan,0.108869
54422.999308,0.395108,-nan,0.105937
55161.534741,0.401445,-nan,0.106671
55910.092698,0.401208,-nan,0.111357
56668.808605,0.402163,-nan,0.109096
57437.821183,0.397776,-nan,0.101445
58217.268991,0.405903,-nan,0.109191
59007.294050,0.402466,-nan,0.107207
59807.747889,0.399547,-nan,0.110558
60619.652547,0.392592,-nan,0.106273
61442.278420,0.403600,-nan,0.105240
62275.654459,0.403547,-nan,0.113956
63120.695005,0.400647,-nan,0.113967
63977.343598,0.408013,-nan,0.108615
64844.154152,0.401042,-nan,0.115776
65723.849781,0.400679,-nan,0.111459
66617.839049,0.394492,-nan,0.111741
67521.862564,0.399711,-nan,0.115775
68437.181772,0.394650,-nan,0.115809
69366.535148,0.396039,-nan,0.116773
70307.845460,0.400387,-nan,0.115433
71262.000694,0.390555,-nan,0.119212
72229.360530,0.397397,-nan,0.116684
73209.534508,0.391416,-nan,0.118827
74202.895877,0.398597,-nan,0.115139
75209.964408,0.399066,-nan,0.120126
76230.585418,0.390653,-nan,0.119955
77261.388836,0.396571,-nan,0.115083
78313.565513,0.394671,-nan,0.118440
79376.303567,0.389418,-nan,0.117250
80453.462851,0.388718,-nan,0.116055
81545.239793,0.391432,-nan,0.118336
82651.831922,0.392866,-nan,0.118467
83773.441266,0.391708,-nan,0.123046
84910.270834,0.391384,-nan,0.117062
86062.494934,0.394287,-nan,0.121425
87230.421188,0.396937,-nan,0.120975
88413.144741,0.395018,-nan,0.126336
89613.969293,0.388224,-nan,0.124221
90830.056741,0.388184,-nan,0.119679
92062.646460,0.394921,-nan,0.123472
93311.963451,0.391655,-nan,0.123125
94578.068182,0.394176,-nan,0.119567
95861.687685,0.395305,-nan,0.121677
97160.857180,0.388239,-nan,0.123531
98479.088033,0.391008,-nan,0.126619
99816.261354,0.383484,-nan,0.126249
101170.725877,0.388805,-nan,0.126646
102544.712261,0.379229,-nan,0.128222
103935.281872,0.387332,-nan,0.128604
105345.173235,0.390189,-nan,0.130118
106774.452349,0.384584,-nan,0.133122
108224.812747,0.386097,-nan,0.133492
109691.704805,0.384987,-nan,0.133406
111182.813159,0.387916,-nan,0.138165
112683.515453,0.380971,-nan,0.140093
114220.853634,0.381266,-nan,0.137289
115770.863676,0.386216,-nan,0.136862
117341.907808,0.385421,-nan,0.139405
118933.526333,0.380332,-nan,0.135324
120548.244220,0.380037,-nan,0.135972
122183.960709,0.383189,-nan,0.137391
123841.988374,0.383082,-nan,0.138243
125520.618544,0.373439,-nan,0.141596
127226.147201,0.374555,-nan,0.142519
128951.416231,0.378684,-nan,0.139163
130701.702919,0.382776,-nan,0.140780
132476.238928,0.378361,-nan,0.138668
134273.734845,0.386105,-nan,0.143677
136096.116757,0.376718,-nan,0.142580
137940.254145,0.374197,-nan,0.140726
139811.954899,0.374603,-nan,0.143718
141704.308175,0.375163,-nan,0.142627
143634.915792,0.373455,-nan,0.145310
145584.484309,0.368774,-nan,0.144657
147560.107814,0.370603,-nan,0.145048
149562.540846,0.374913,-nan,0.146564
151592.148337,0.372150,-nan,0.148576
153649.297422,0.377095,-nan,0.146602
155728.497101,0.369189,-nan,0.149934
157843.017832,0.369797,-nan,0.147867
159989.762535,0.377034,-nan,0.149017
162159.102399,0.367371,-nan,0.150195
164353.572297,0.369179,-nan,0.151226
166591.872524,0.364618,-nan,0.149735
168849.004293,0.368382,-nan,0.153665
171143.950968,0.369574,-nan,0.152668
173466.312424,0.366518,-nan,0.152373
175815.499060,0.366566,-nan,0.150824
178206.346804,0.367518,-nan,0.152803
180624.658423,0.367489,-nan,0.153964
183075.049920,0.364374,-nan,0.156216
185560.179324,0.367005,-nan,0.155779
188078.284495,0.369526,-nan,0.150174
190628.814587,0.361784,-nan,0.152046
193217.023728,0.360889,-nan,0.152887
195839.490069,0.365926,-nan,0.152503
198496.252392,0.364832,-nan,0.156308
201189.271045,0.362063,-nan,0.155293
203911.093290,0.364166,-nan,0.158984
206680.194741,0.366826,-nan,0.162070
209493.054326,0.360279,-nan,0.158869
212335.935869,0.355350,-nan,0.156982
215215.769133,0.357184,-nan,0.160360
218135.861116,0.359629,-nan,0.160334
221096.620574,0.363626,-nan,0.162595
224091.877297,0.362403,-nan,0.163117
227139.601566,0.359297,-nan,0.160271
230213.916629,0.356289,-nan,0.164704
233344.026487,0.353713,-nan,0.164882
236506.309367,0.358882,-nan,0.167289
239722.251213,0.352834,-nan,0.164391
242972.582835,0.348284,-nan,0.167804
246268.719271,0.349087,-nan,0.164087
249611.565619,0.354084,-nan,0.167885
253001.930390,0.350513,-nan,0.167926
256433.806878,0.347837,-nan,0.166660
259911.563282,0.354584,-nan,0.168611
263437.946265,0.353779,-nan,0.171470
267013.775868,0.348005,-nan,0.170126
270640.753017,0.347239,-nan,0.168609
274305.176844,0.342287,-nan,0.170611
278030.681102,0.345237,-nan,0.172316
281808.967511,0.348818,-nan,0.171958
285633.192086,0.346000,-nan,0.171746
289497.389415,0.342600,-nan,0.170048
293432.724767,0.346497,-nan,0.175408
297414.689220,0.340971,-nan,0.175318
301442.101208,0.340376,-nan,0.179476
305537.047122,0.338084,-nan,0.176828
309690.119998,0.337266,-nan,0.176199
313892.180076,0.339929,-nan,0.178905
318135.926478,0.331853,-nan,0.179581
322465.697536,0.332661,-nan,0.182791
326827.465206,0.329187,-nan,0.181109
331273.583698,0.329984,-nan,0.184496
335777.549195,0.329666,-nan,0.185947
340336.880942,0.330258,-nan,0.187895
344942.477018,0.325892,-nan,0.183233
349630.572785,0.320132,-nan,0.183089
354380.281172,0.324108,-nan,0.183542
359184.909212,0.327892,-nan,0.184618
364064.534623,0.322200,-nan,0.186049
368986.456934,0.318458,-nan,0.185176
374003.027509,0.322184,-nan,0.188881
379078.679146,0.317766,-nan,0.188525
384229.487207,0.317529,-nan,0.190002
389441.244300,0.328437,-nan,0.193800
394714.506237,0.318784,-nan,0.190746
400084.323123,0.322163,-nan,0.193558
405501.292753,0.313508,-nan,0.191029
411015.174960,0.314284,-nan,0.191647
416589.635951,0.316987,-nan,0.195268
422234.237295,0.313242,-nan,0.196510
427979.595468,0.307718,-nan,0.192425
433782.788289,0.314318,-nan,0.196844
439666.908776,0.310195,-nan,0.198516
445641.788194,0.310234,-nan,0.195483
451675.253111,0.309042,-nan,0.195894
457815.910902,0.310587,-nan,0.197010
464022.180725,0.304545,-nan,0.195287
470320.996944,0.307658,-nan,0.197969
476696.872713,0.296763,-nan,0.194384
483148.673499,0.300705,-nan,0.198795
489737.720120,0.298524,-nan,0.200522
496354.330605,0.297676,-nan,0.196295
503108.403322,0.295958,-nan,0.199463
509944.987218,0.291684,-nan,0.198773
516843.972052,0.295153,-nan,0.201582
523854.068501,0.296168,-nan,0.200210
530972.514344,0.291355,-nan,0.201380
538195.462276,0.295855,-nan,0.203396
545482.998040,0.287316,-nan,0.200702
552888.463094,0.287295,-nan,0.201965
560397.605488,0.288116,-nan,0.202316
567983.421277,0.283679,-nan,0.201920
575704.387320,0.283874,-nan,0.204362
583515.017797,0.284563,-nan,0.205004
591438.146199,0.283950,-nan,0.203491
599475.768677,0.280513,-nan,0.201582
607595.040008,0.286279,-nan,0.207140
615856.284086,0.278413,-nan,0.203684
624193.756399,0.276166,-nan,0.202153
632639.175555,0.283474,-nan,0.208377
641249.454535,0.276074,-nan,0.207506
649966.203225,0.277111,-nan,0.205644
658779.525065,0.278953,-nan,0.210092
667712.772057,0.272974,-nan,0.206922
676772.753882,0.266929,-nan,0.203607
685973.618151,0.275163,-nan,0.210841
695260.750800,0.265737,-nan,0.206286
