0.000000,0.995000,0.000000,0.000000
1.003051,0.848306,0.001657,0.025951
1.016133,0.846953,0.001635,0.026185
1.029451,0.845663,0.001709,0.026067
1.043091,0.844719,0.001755,0.026196
1.056921,0.843538,0.001708,0.026653
1.070814,0.841978,0.001708,0.026654
1.084949,0.840406,0.001738,0.026847
1.099144,0.839100,0.001720,0.026840
1.113575,0.837859,0.001748,0.026546
1.128306,0.836503,0.001728,0.026807
1.143252,0.835088,0.001706,0.026909
1.158279,0.834053,0.001784,0.027076
1.173473,0.833022,0.001699,0.026984
1.189044,0.831953,0.001757,0.026638
1.204684,0.830213,0.001710,0.026913
1.220576,0.828934,0.001776,0.027321
1.236724,0.827337,0.001718,0.027227
1.253011,0.826084,0.001787,0.027766
1.269379,0.825222,0.001762,0.027782
1.286295,0.823919,0.001722,0.027675
1.303075,0.822453,0.001799,0.027789
1.320286,0.821050,0.001777,0.028095
1.337691,0.819819,0.001759,0.027913
1.355342,0.818231,0.001714,0.027990
1.373275,0.816869,0.001723,0.028277
1.391377,0.815675,0.001752,0.028180
1.409597,0.814403,0.001768,0.028493
1.428154,0.813559,0.001776,0.028697
1.447165,0.812316,0.001785,0.028606
1.466048,0.811225,0.001718,0.028958
1.485277,0.810087,0.001725,0.029294
1.504956,0.808509,0.001807,0.029298
1.524848,0.806919,0.001879,0.029733
1.545039,0.806091,0.001792,0.029471
1.565515,0.804722,0.001850,0.029988
1.586040,0.803356,0.001749,0.029632
1.606857,0.801953,0.001803,0.029685
1.628151,0.800619,0.001757,0.029606
1.649662,0.799434,0.001852,0.029980
1.671373,0.798300,0.001812,0.030178
1.693446,0.797009,0.001769,0.030562
1.715819,0.795809,0.001864,0.030646
1.738451,0.794484,0.001825,0.030707
1.761329,0.792819,0.001853,0.030205
1.784510,0.791572,0.001879,0.030134
1.808049,0.790034,0.001819,0.030250
1.831935,0.788706,0.001782,0.030234
1.856091,0.787294,0.001820,0.030094
1.880562,0.785981,0.001871,0.030405
1.905355,0.784675,0.001854,0.030362
1.930505,0.783491,0.001855,0.030883
1.956106,0.782294,0.001854,0.030418
1.981928,0.781019,0.001907,0.030827
2.007964,0.779675,0.001936,0.030684
2.034454,0.777981,0.001882,0.030969
2.061247,0.776612,0.001852,0.030625
2.088509,0.775694,0.001896,0.030945
2.115986,0.774806,0.001834,0.030590
2.143788,0.773522,0.001860,0.030262
2.172090,0.772291,0.001930,0.030401
2.200888,0.770800,0.001848,0.030639
2.229748,0.769056,0.001886,0.030831
2.259298,0.767362,0.001870,0.031452
2.289071,0.766100,0.001875,0.031278
2.319230,0.764494,0.001931,0.031493
2.349818,0.762644,0.001923,0.031618
2.380804,0.761028,0.001925,0.031886
2.412275,0.759381,0.001852,0.032008
2.444215,0.758150,0.001914,0.032359
2.476385,0.756887,0.001914,0.032752
2.509133,0.755619,0.001913,0.032716
2.542115,0.754347,0.001913,0.033117
2.575728,0.752603,0.001896,0.032942
2.609641,0.751234,0.001930,0.032851
2.644172,0.749841,0.002014,0.033020
2.679127,0.748631,0.001995,0.033397
2.714495,0.747437,0.001908,0.033786
2.750140,0.745956,0.001933,0.033849
2.786312,0.744987,0.001948,0.033818
2.823184,0.743991,0.001964,0.033732
2.860449,0.742516,0.001959,0.034339
2.898145,0.740578,0.001981,0.034699
2.936432,0.739256,0.001865,0.034902
2.975233,0.737588,0.001959,0.034954
3.014518,0.736369,0.001949,0.035032
3.054159,0.734631,0.002029,0.034829
3.094506,0.733325,0.001944,0.035292
3.135301,0.732344,0.001990,0.035552
3.176734,0.731056,0.001998,0.035337
3.218516,0.729819,0.001976,0.035756
3.261074,0.728494,0.001993,0.036067
3.304118,0.727331,0.001993,0.035888
3.347779,0.726128,0.002060,0.035757
3.391968,0.724363,0.001958,0.036004
3.436701,0.723078,0.002014,0.035713
3.481998,0.721722,0.002011,0.035297
3.528081,0.720628,0.001951,0.035916
3.574581,0.719647,0.002008,0.036121
3.621683,0.718016,0.002034,0.036313
3.669501,0.717084,0.001998,0.037181
3.718065,0.715934,0.002081,0.037846
3.767029,0.714197,0.002055,0.038571
3.816687,0.713034,0.002047,0.038451
3.867150,0.711925,0.001967,0.038537
3.918251,0.710978,0.002073,0.038490
3.969823,0.710216,0.002073,0.038871
4.022364,0.708981,0.002115,0.038916
4.075346,0.707194,0.002069,0.038409
4.129200,0.705309,0.002089,0.039044
4.183781,0.704328,0.002127,0.038719
4.238852,0.703163,0.002107,0.039617
4.294813,0.701838,0.002088,0.039836
4.351390,0.700688,0.002154,0.039567
4.408842,0.699403,0.002150,0.039733
4.467082,0.698006,0.002071,0.039375
4.526011,0.697147,0.002157,0.039410
4.585776,0.694906,0.002079,0.040111
4.646387,0.692553,0.002019,0.040521
4.707774,0.690737,0.002046,0.039495
4.769783,0.689653,0.002090,0.039901
4.833120,0.688650,0.002172,0.039553
4.896746,0.687328,0.002086,0.039891
4.961343,0.685741,0.002093,0.039844
5.026820,0.683747,0.002069,0.038962
5.093352,0.682475,0.002138,0.039509
5.160317,0.681375,0.002183,0.039647
5.228434,0.680175,0.002112,0.040097
5.297490,0.678397,0.002137,0.040307
5.367328,0.676916,0.002112,0.040593
5.438299,0.675691,0.002183,0.040392
5.510124,0.675228,0.002107,0.040934
5.582896,0.673591,0.002134,0.041201
5.656348,0.672662,0.002194,0.040765
5.731104,0.671059,0.002190,0.041195
5.806810,0.669919,0.002258,0.041982
5.883563,0.668481,0.002140,0.042037
5.961127,0.667056,0.002126,0.042464
6.039882,0.665934,0.002231,0.041993
6.119826,0.665000,0.002179,0.042461
6.200419,0.664116,0.002233,0.042415
6.282133,0.663047,0.002148,0.042833
6.365309,0.660919,0.002198,0.042845
6.449211,0.659403,0.002253,0.043127
6.534621,0.658069,0.002189,0.043130
6.620557,0.656731,0.002194,0.043364
6.708167,0.655791,0.002228,0.043689
6.796580,0.655756,0.002228,0.044065
6.886499,0.654819,0.002270,0.043993
6.977178,0.653897,0.002137,0.044311
7.069509,0.652012,0.002245,0.045064
7.162796,0.650919,0.002212,0.045228
7.257221,0.650281,0.002256,0.045469
7.353188,0.648969,0.002168,0.045708
7.450118,0.648181,0.002272,0.045146
7.548729,0.646597,0.002228,0.044902
7.648236,0.645859,0.002202,0.044741
7.749169,0.643822,0.002280,0.044806
7.851531,0.642250,0.002293,0.044570
7.955214,0.640728,0.002239,0.044612
8.060275,0.639934,0.002229,0.045232
8.166718,0.638913,0.002207,0.045314
8.274410,0.637794,0.002271,0.045089
8.383577,0.636997,0.002348,0.045438
8.494420,0.635741,0.002279,0.045911
8.606635,0.634306,0.002353,0.045315
8.720154,0.633606,0.002305,0.045707
8.835236,0.632016,0.002366,0.045643
8.952016,0.631125,0.002322,0.046139
9.070332,0.630034,0.002371,0.046874
9.190021,0.629372,0.002353,0.047510
9.311131,0.628587,0.002330,0.048083
9.434340,0.627522,0.002378,0.049177
9.558786,0.625316,0.002272,0.049414
9.685126,0.624872,0.002310,0.049498
9.813082,0.623394,0.002317,0.049797
9.942463,0.621250,0.002369,0.049670
10.073755,0.619519,0.002353,0.050573
10.206816,0.618188,0.002415,0.050455
10.341499,0.617934,0.002405,0.050088
10.478238,0.616966,0.002439,0.049733
10.616624,0.616366,0.002286,0.049386
10.756802,0.615313,0.002327,0.049447
10.898798,0.615522,0.002360,0.049605
11.042611,0.614063,0.002409,0.049962
11.188456,0.611500,0.002495,0.049230
11.336214,0.610588,0.002458,0.048952
11.485996,0.609222,0.002438,0.049228
11.637400,0.608516,0.002352,0.049458
11.791249,0.607741,0.002363,0.049513
11.946808,0.605759,0.002382,0.048637
12.104715,0.603947,0.002478,0.048146
12.264622,0.602628,0.002453,0.047274
12.426561,0.600431,0.002389,0.048300
12.590508,0.599481,0.002438,0.048001
12.756846,0.598422,0.002494,0.048321
12.925193,0.598150,0.002469,0.049629
13.095867,0.597691,0.002516,0.050251
13.269106,0.596038,0.002504,0.049712
13.444163,0.594556,0.002551,0.050046
13.621880,0.593225,0.002508,0.050174
13.801606,0.592534,0.002546,0.050707
13.983690,0.591897,0.002485,0.050798
14.168497,0.591216,0.002391,0.049732
14.355446,0.590094,0.002539,0.049000
14.545043,0.589372,0.002514,0.048940
14.737385,0.587994,0.002526,0.048083
14.931904,0.587491,0.002468,0.049283
15.129077,0.587278,0.002444,0.049294
15.328542,0.585678,0.002530,0.050564
15.531144,0.584103,0.002475,0.050185
15.736337,0.582466,0.002633,0.051350
15.944177,0.580675,0.002516,0.050585
16.154802,0.579053,0.002501,0.049161
16.368130,0.577972,0.002528,0.049093
16.584143,0.577559,0.002573,0.049462
16.803243,0.577591,0.002578,0.049602
17.025030,0.576925,0.002536,0.049126
17.249970,0.576231,0.002586,0.049760
17.477691,0.575619,0.002519,0.048461
17.708579,0.574188,0.002458,0.049185
17.942606,0.573084,0.002630,0.048552
18.179246,0.571531,0.002588,0.049822
18.419342,0.570662,0.002547,0.049678
18.662776,0.569522,0.002618,0.050801
18.908997,0.568219,0.002549,0.052595
19.158839,0.567788,0.002614,0.052157
19.411773,0.567369,0.002618,0.051946
19.668028,0.566441,0.002659,0.051537
19.927704,0.565497,0.002614,0.051239
20.191091,0.564653,0.002530,0.052402
20.457862,0.563013,0.002642,0.052234
20.727972,0.562741,0.002639,0.052307
21.001682,0.560591,0.002589,0.053228
21.278901,0.559887,0.002683,0.053327
21.560162,0.559341,0.002645,0.053667
21.844909,0.558913,0.002584,0.053346
22.133295,0.558409,0.002625,0.053732
22.425648,0.556866,0.002662,0.053830
22.721778,0.556187,0.002681,0.054362
23.022094,0.554384,0.002694,0.054299
23.325915,0.554019,0.002630,0.056045
23.633728,0.552066,0.002690,0.056025
23.945987,0.551409,0.002693,0.056077
24.262308,0.549956,0.002697,0.055278
24.582957,0.548866,0.002689,0.054331
24.907366,0.548216,0.002715,0.054232
25.236215,0.545634,0.002574,0.052950
25.569609,0.543884,0.002800,0.053115
25.907435,0.542781,0.002726,0.053948
26.249683,0.540838,0.002767,0.054068
26.596313,0.539484,0.002749,0.054099
26.947133,0.539744,0.002721,0.053917
27.303481,0.539616,0.002757,0.055644
27.663892,0.539978,0.002732,0.055471
28.029476,0.538644,0.002749,0.056886
28.399350,0.537662,0.002743,0.059116
28.774211,0.537503,0.002826,0.059404
29.154260,0.536084,0.002629,0.058293
29.539286,0.535144,0.002640,0.058280
29.929478,0.536062,0.002854,0.057629
30.324977,0.533491,0.002859,0.057262
30.725357,0.531812,0.002835,0.058223
31.131339,0.531375,0.002896,0.058015
31.542368,0.531025,0.002870,0.057434
31.958944,0.531544,0.002726,0.055850
32.381106,0.529438,0.002768,0.057160
32.808757,0.528612,0.002774,0.057413
33.242045,0.529022,0.002891,0.059684
33.681189,0.526872,0.002847,0.058303
34.125849,0.526150,0.002843,0.057700
34.576600,0.524891,0.002860,0.057393
35.033204,0.523781,0.002842,0.058100
35.495989,0.522769,0.002958,0.057621
35.964652,0.522491,0.002869,0.055911
36.439739,0.521416,0.002861,0.056286
36.921211,0.518828,0.002863,0.057714
37.408501,0.518463,0.002935,0.056877
37.902869,0.515750,0.003014,0.058160
38.403433,0.516009,0.002907,0.058197
38.910436,0.515097,0.002912,0.058688
39.424462,0.513694,0.002811,0.059954
39.944980,0.512925,0.002969,0.060279
40.472658,0.514434,0.002835,0.062405
41.007185,0.513497,0.002910,0.063482
41.548767,0.512637,0.003032,0.062527
42.097468,0.513487,0.002969,0.062421
42.653556,0.513866,0.003000,0.063887
43.216981,0.512428,0.002948,0.063498
43.787662,0.511478,0.002993,0.060899
44.366075,0.509387,0.002944,0.061612
44.952184,0.509116,0.002995,0.063334
45.545547,0.508469,0.003095,0.062243
46.147328,0.508522,0.003006,0.063464
46.756753,0.508709,0.003107,0.064551
47.374238,0.508334,0.003035,0.064102
47.999943,0.508416,0.002958,0.066539
48.633945,0.508034,0.003019,0.064843
49.276300,0.507456,0.003049,0.064812
49.927226,0.506219,0.003095,0.063531
50.586404,0.506959,0.002997,0.063661
51.254776,0.506928,0.002896,0.064242
51.931714,0.505153,0.003089,0.065841
52.617592,0.503387,0.003062,0.064405
53.312233,0.504116,0.002991,0.064587
54.016724,0.504009,0.003026,0.064572
54.730234,0.502300,0.003069,0.065070
55.452788,0.501306,0.003056,0.065294
56.185319,0.502681,0.003142,0.065495
56.927261,0.500953,0.002990,0.065569
57.679478,0.497947,0.003125,0.065398
58.440953,0.497559,0.003140,0.066580
59.213155,0.496181,0.003080,0.067872
59.995367,0.495356,0.003204,0.069001
60.787555,0.495159,0.003139,0.067560
61.590449,0.494059,0.003242,0.068650
62.403834,0.492503,0.003092,0.068510
63.227742,0.492031,0.003129,0.069431
64.063398,0.491484,0.003155,0.068643
64.909431,0.489653,0.003297,0.068620
65.766676,0.488366,0.003254,0.066717
66.635255,0.488103,0.003220,0.067205
67.515701,0.488441,0.003240,0.068838
68.407099,0.488722,0.003076,0.069189
69.310394,0.486878,0.003102,0.069006
70.226324,0.487903,0.003291,0.071838
71.153580,0.485872,0.003186,0.071260
72.093334,0.483428,0.003146,0.069872
73.045595,0.483281,0.003213,0.070237
74.010635,0.482062,0.003230,0.068591
74.987932,0.481972,0.003182,0.071969
75.978628,0.482619,0.003102,0.071587
76.981920,0.482222,0.003163,0.070651
77.998577,0.481297,0.003083,0.070869
79.028716,0.479441,0.003256,0.070685
80.072674,0.480744,0.003076,0.070441
81.130435,0.478744,0.003237,0.070757
82.201805,0.478734,0.003411,0.072513
83.287534,0.478963,0.003185,0.071900
84.387769,0.478250,0.003243,0.071428
85.502192,0.477450,0.003331,0.073330
86.631703,0.474753,0.003250,0.074336
87.775823,0.474362,0.003361,0.073982
88.935262,0.473991,0.003388,0.072404
90.110277,0.472309,0.003316,0.071030
91.300220,0.472241,0.003251,0.070994
92.505925,0.472219,0.003238,0.071129
93.727955,0.471238,0.003260,0.071622
94.965864,0.472737,0.003194,0.071597
96.220126,0.474241,0.003304,0.070802
97.490921,0.474797,0.003295,0.069671
98.778708,0.473641,0.003408,0.069413
100.083465,0.472737,0.003359,0.070986
101.405389,0.472547,0.003390,0.072797
102.744754,0.469725,0.003260,0.073419
104.101812,0.469641,0.003314,0.072959
105.476986,0.469534,0.003419,0.074604
106.869737,0.468447,0.003301,0.073330
108.281471,0.467709,0.003361,0.072013
109.711710,0.467212,0.003380,0.074136
111.160566,0.466119,0.003365,0.074786
112.628909,0.465606,0.003324,0.073630
114.116847,0.463378,0.003316,0.074047
115.623944,0.464350,0.003333,0.072771
117.151102,0.465322,0.003471,0.072936
118.698555,0.465097,0.003567,0.072757
120.266361,0.464797,0.003396,0.072249
121.854708,0.464803,0.003400,0.071236
123.464250,0.461219,0.003318,0.072879
125.095238,0.459597,0.003438,0.074394
126.747460,0.459628,0.003435,0.074834
128.421334,0.458856,0.003544,0.076791
130.117809,0.457891,0.003437,0.077335
131.836500,0.457066,0.003408,0.077154
133.577980,0.456337,0.003459,0.078842
135.342152,0.455069,0.003432,0.077676
137.129536,0.454509,0.003516,0.078311
138.940941,0.451222,0.003420,0.078683
140.776360,0.450772,0.003477,0.075487
142.635344,0.449775,0.003519,0.075749
144.519350,0.449522,0.003423,0.076801
146.428248,0.449584,0.003358,0.074405
148.362406,0.452269,0.003613,0.077795
150.322139,0.451700,0.003566,0.079739
152.308005,0.451106,0.003542,0.080531
154.319600,0.452059,0.003596,0.078330
156.357878,0.454575,0.003642,0.076987
158.422661,0.452644,0.003509,0.075180
160.515383,0.453291,0.003613,0.077357
162.635769,0.452338,0.003431,0.078074
164.783614,0.451438,0.003584,0.077412
166.960231,0.451981,0.003511,0.081010
169.165637,0.451500,0.003566,0.080793
171.399895,0.450225,0.003594,0.081025
173.664111,0.449606,0.003739,0.081107
175.957583,0.451512,0.003736,0.080710
178.281961,0.449013,0.003593,0.078992
180.636370,0.448897,0.003484,0.080411
183.022515,0.449897,0.003658,0.080594
185.440321,0.448228,0.003599,0.079026
187.889429,0.447816,0.003597,0.080772
190.371162,0.447200,0.003473,0.078711
192.885621,0.448628,0.003642,0.080876
195.433414,0.447072,0.003831,0.081403
198.014536,0.447872,0.003393,0.080028
200.630535,0.449791,0.003772,0.080315
203.280348,0.447391,0.003653,0.079416
205.965355,0.444238,0.003674,0.079921
208.685670,0.445069,0.003769,0.081638
211.442260,0.446187,0.003661,0.084213
214.235304,0.444381,0.003697,0.081992
217.065040,0.443116,0.003908,0.079107
219.931915,0.444575,0.003796,0.079972
222.836709,0.443150,0.003669,0.082362
225.780122,0.442612,0.003564,0.080183
228.762350,0.443847,0.003566,0.080330
231.784138,0.444409,0.003743,0.080449
234.845393,0.443475,0.003871,0.082754
237.947717,0.441975,0.003877,0.084410
241.090663,0.442312,0.003879,0.081960
244.275099,0.439613,0.003695,0.083019
247.501752,0.439544,0.004029,0.083963
250.770598,0.440603,0.004260,0.081338
254.083160,0.439028,0.003964,0.083480
257.439070,0.439656,0.004284,0.082367
260.839157,0.439450,0.003682,0.083020
264.284697,0.439784,0.004004,0.082927
267.775690,0.438922,0.003944,0.084176
271.312086,0.440256,0.003790,0.084023
274.895925,0.440278,0.003567,0.080413
278.527195,0.439575,0.005080,0.084226
282.206029,0.437444,0.004373,0.082542
285.933717,0.437778,0.005309,0.084900
289.710176,0.437934,0.003635,0.084584
293.537007,0.438569,0.004042,0.086086
297.414096,0.437006,0.003826,0.083455
301.342618,0.437013,0.003663,0.085063
305.322740,0.434775,0.003910,0.082090
309.356139,0.433591,0.003974,0.084472
313.441804,0.436184,0.003545,0.080584
317.581854,0.433941,0.003780,0.080197
321.777050,0.433925,0.004218,0.082337
326.027119,0.433788,0.003649,0.079908
330.333492,0.432347,0.004195,0.083099
334.696933,0.430947,0.004092,0.081139
339.117588,0.429281,0.003803,0.076328
343.597021,0.431119,0.003698,0.081916
348.135377,0.432741,0.003881,0.081447
352.733718,0.431522,0.003925,0.081719
357.393020,0.428025,0.003853,0.080728
362.113385,0.430372,0.003791,0.084012
366.896605,0.427731,0.003751,0.081367
371.742657,0.428734,0.004086,0.083233
376.653049,0.428803,0.004221,0.085696
381.628183,0.429431,0.003996,0.084656
386.668985,0.433091,0.003824,0.085010
391.776109,0.429656,0.003962,0.086083
396.951109,0.432609,0.003993,0.085428
402.194288,0.430256,0.004286,0.084753
407.506660,0.430672,0.003754,0.081432
412.889393,0.431675,0.003770,0.083561
418.342800,0.431303,0.003809,0.085874
423.868732,0.429450,0.003648,0.084640
429.467640,0.427041,0.004423,0.084431
435.140205,0.426681,0.004359,0.085325
440.887845,0.428734,0.004003,0.087269
446.711622,0.429784,0.004120,0.084682
452.612024,0.431256,0.004209,0.084537
458.589910,0.429894,0.003821,0.083952
464.647671,0.432616,0.003733,0.086777
470.784935,0.430112,0.004483,0.085387
477.003272,0.430834,0.003856,0.086855
483.304197,0.429544,0.004371,0.085930
489.687687,0.430931,0.003894,0.086328
496.155705,0.429109,0.003784,0.087541
502.709663,0.427737,0.003811,0.084621
509.349641,0.428250,0.004066,0.082555
516.077480,0.428459,0.003988,0.082742
522.894128,0.427803,0.003981,0.086514
529.801049,0.426188,0.004264,0.088110
536.798678,0.429762,0.003899,0.087772
543.889368,0.426363,0.003966,0.085977
551.073237,0.428731,0.003826,0.084520
558.352248,0.426606,0.004110,0.083318
565.727299,0.425234,0.004012,0.081742
573.199791,0.424719,0.003916,0.081389
580.771424,0.425603,0.004054,0.083036
588.442503,0.427709,0.004044,0.080899
596.214815,0.427556,0.003864,0.082736
604.090371,0.428234,0.004218,0.085654
612.069350,0.432197,0.003943,0.083964
620.153986,0.428447,0.003787,0.081813
628.345628,0.428800,0.003823,0.083398
636.645269,0.430653,0.004052,0.083186
645.054491,0.432141,0.004412,0.086888
653.574434,0.430288,0.003803,0.084918
662.207566,0.427628,0.003857,0.080420
670.954296,0.429128,0.004051,0.085422
679.816764,0.428713,0.003948,0.084149
688.796425,0.424863,0.003883,0.085483
697.894825,0.425312,0.003995,0.085543
707.113036,0.426763,0.003950,0.086026
716.452888,0.424878,0.004185,0.088496
725.916592,0.426106,0.004141,0.089930
735.504475,0.430212,0.003873,0.087737
745.219982,0.427259,0.003849,0.085536
755.063394,0.425375,0.003962,0.086476
765.036761,0.428025,0.004078,0.086770
775.141877,0.427706,0.003789,0.088828
785.380565,0.426722,0.003871,0.087614
795.754692,0.426419,0.003937,0.087314
806.265412,0.427669,0.003969,0.086984
816.915372,0.425753,0.003988,0.088770
827.705611,0.424872,0.004034,0.087967
838.638477,0.424378,0.004117,0.088395
849.715753,0.420791,0.003961,0.085976
860.939396,0.422684,0.003848,0.083179
872.311559,0.423912,0.003772,0.086461
883.833905,0.422338,0.003938,0.087805
895.507917,0.420284,0.003981,0.090370
907.336451,0.422225,0.004048,0.091091
919.321381,0.417353,0.004287,0.090463
931.464498,0.420859,0.003687,0.089004
943.767798,0.417656,0.004161,0.087531
956.233993,0.419522,0.004206,0.089771
968.864808,0.420766,0.004208,0.088054
981.662184,0.420194,0.004084,0.088723
994.628420,0.420794,0.003889,0.084546
1007.766472,0.419644,0.004244,0.087670
1021.077596,0.421603,0.003951,0.087386
1034.564709,0.421169,0.004073,0.089007
1048.230161,0.422369,0.004002,0.086108
1062.075809,0.419788,0.004182,0.091049
1076.104895,0.420134,0.003925,0.086450
1090.318718,0.418725,0.003919,0.087465
1104.720441,0.418747,0.004041,0.084206
1119.312663,0.420216,0.003983,0.087655
1134.097232,0.419222,0.004135,0.087130
1149.077195,0.417981,0.004179,0.087987
1164.255337,0.419056,0.003997,0.084414
1179.633503,0.421934,0.004482,0.089690
1195.214993,0.422234,0.004309,0.086854
1211.002412,0.418813,0.004633,0.087875
1226.998368,0.422462,0.004278,0.088207
1243.205500,0.416969,0.004024,0.087712
1259.626522,0.419806,0.004025,0.087047
1276.264809,0.422531,0.003919,0.091915
1293.122473,0.420250,0.004130,0.088414
1310.203457,0.419569,0.004313,0.085975
1327.509518,0.419375,0.004257,0.088502
1345.044303,0.416850,0.004100,0.091351
1362.810512,0.419641,0.004031,0.089415
1380.811501,0.413325,0.003998,0.087436
1399.050768,0.413856,0.004276,0.086936
1417.530338,0.415425,0.004535,0.087298
1436.253857,0.420706,0.004005,0.089210
1455.225289,0.421159,0.004069,0.086355
1474.447086,0.424509,0.003943,0.086756
1493.922454,0.426444,0.003893,0.087504
1513.655722,0.426984,0.004116,0.088515
1533.648905,0.423994,0.004044,0.089973
1553.906903,0.423669,0.003955,0.086397
1574.431958,0.422903,0.004472,0.086044
1595.228316,0.422350,0.004353,0.089318
1616.299039,0.425059,0.004213,0.087467
1637.648589,0.423269,0.004112,0.085352
1659.280139,0.422437,0.004002,0.087179
1681.197176,0.423631,0.004038,0.086747
1703.403746,0.425581,0.004484,0.089709
1725.903545,0.428244,0.004523,0.091782
1748.700644,0.426191,0.004237,0.092199
1771.798794,0.425372,0.004233,0.091579
1795.202114,0.424878,0.004024,0.092077
1818.914809,0.420034,0.004811,0.090828
1842.940301,0.420828,0.004025,0.092038
1867.283351,0.421503,0.004211,0.091518
1891.947813,0.421613,0.004548,0.094620
1916.938419,0.418584,0.004222,0.091260
1942.258967,0.416462,0.004443,0.092942
1967.913958,0.415669,0.004340,0.088204
1993.907562,0.416103,0.004506,0.091418
2020.244688,0.414847,0.004122,0.092752
2046.929649,0.415494,0.004160,0.091066
2073.967113,0.415872,0.004062,0.089179
2101.361707,0.415362,0.004135,0.090496
2129.118147,0.418906,0.004265,0.090188
2157.241351,0.423756,0.004382,0.097726
2185.736248,0.421150,0.004294,0.098429
2214.606475,0.419837,0.004069,0.094552
2243.859367,0.419987,0.004669,0.096300
2273.497894,0.421013,0.004498,0.095320
2303.527819,0.425472,0.004161,0.092707
2333.955008,0.420037,0.004462,0.094439
2364.783631,0.424056,0.004479,0.092445
2396.019595,0.423700,0.004589,0.091180
2427.668067,0.423678,0.004122,0.089822
2459.734852,0.421025,0.004879,0.085680
2492.224611,0.423841,0.004192,0.090218
2525.143984,0.421200,0.003943,0.087042
2558.498093,0.425719,0.004769,0.091394
2592.292782,0.420966,0.003984,0.088963
2626.534281,0.422672,0.006078,0.086892
2661.227552,0.423863,0.004068,0.087909
2696.379328,0.425591,0.014966,0.089345
2731.955626,0.428116,1.111552,0.089581
2768.081536,0.426394,-nan,0.087739
2804.644275,0.422166,-nan,0.090034
2841.690330,0.426450,-nan,0.087138
2879.225510,0.430434,-nan,0.082868
2917.257039,0.429716,-nan,0.084479
2955.790232,0.426600,-nan,0.087485
2994.832938,0.431700,-nan,0.091913
3034.390982,0.431059,-nan,0.086972
3074.471553,0.427100,-nan,0.087171
3115.081765,0.422525,-nan,0.090157
3156.228608,0.420969,-nan,0.088883
3197.918377,0.425403,-nan,0.088679
3240.159549,0.422794,-nan,0.089942
3282.957778,0.428338,-nan,0.088024
3326.321666,0.428044,-nan,0.091680
3370.258624,0.421963,-nan,0.090731
3414.775799,0.425050,-nan,0.089661
3459.881246,0.428728,-nan,0.091103
3505.581480,0.428269,-nan,0.087933
3551.886333,0.428412,-nan,0.087124
3598.802568,0.428509,-nan,0.091202
3646.338569,0.420884,-nan,0.086275
3694.502138,0.427353,-nan,0.084112
3743.302297,0.424725,-nan,0.088995
3792.746828,0.424800,-nan,0.089073
3842.844841,0.424578,-nan,0.092836
3893.604244,0.421275,-nan,0.090225
3945.033883,0.424088,-nan,0.090860
3997.142986,0.429319,-nan,0.089630
4049.940967,0.420112,-nan,0.089460
4103.436011,0.425388,-nan,0.089243
-nan,0.424494,-nan,0.091805
4212.554802,0.420350,-nan,0.090388
4268.197966,0.418347,-nan,0.090773
4324.575585,0.419769,-nan,0.089041
4381.698195,0.423994,-nan,0.088615
-nan,0.420406,-nan,0.091458
4498.216596,0.424306,-nan,0.090535
4557.632635,0.423294,-nan,0.092541
4617.833568,0.422009,-nan,0.090659
4678.830077,0.424616,-nan,0.090369
4740.631658,0.425906,-nan,0.096475
4803.249923,0.422625,-nan,0.091719
4866.695354,0.418137,-nan,0.089591
4930.978740,0.423625,-nan,0.088640
4996.111302,0.420616,-nan,0.089908
5062.103852,0.422637,-nan,0.087088
5128.968528,0.413413,-nan,0.089372
5196.716270,0.416762,-nan,0.088299
5265.304100,0.419244,-nan,0.089975
5334.907172,0.422969,-nan,0.089032
5405.375152,0.417131,-nan,0.091919
5476.774013,0.420247,-nan,0.092628
5549.115549,0.422925,-nan,0.090505
5622.412897,0.425837,-nan,0.093085
5696.678494,0.417812,-nan,0.094169
5771.925033,0.413128,-nan,0.090352
5848.165601,0.418375,-nan,0.091867
5925.412417,0.418744,-nan,0.095831
6003.680228,0.418681,-nan,0.091706
6082.981781,0.420937,-nan,0.091427
6163.331087,0.421044,-nan,0.092779
6244.741590,0.418072,-nan,0.090071
6327.227119,0.422266,-nan,0.086540
6410.802479,0.425366,-nan,0.096438
6495.481773,0.417934,-nan,0.096181
6581.279366,0.420569,-nan,0.094256
6668.056432,0.420534,-nan,0.093905
6756.289225,0.421328,-nan,0.091076
6845.532134,0.419613,-nan,0.092202
6935.953457,0.425131,-nan,0.092041
7027.569292,0.423491,-nan,0.095824
7120.395617,0.420634,-nan,0.095205
7214.447318,0.424425,-nan,0.094856
7309.741503,0.425331,-nan,0.097153
7406.294975,0.424934,-nan,0.093771
7504.123354,0.423150,-nan,0.089788
7603.244096,0.419019,-nan,0.092711
7703.673956,0.420100,-nan,0.093206
7805.430692,0.418422,-nan,0.092816
7908.531258,0.423197,-nan,0.091095
8012.993605,0.423997,-nan,0.090296
8118.784754,0.424309,-nan,0.091953
8226.076219,0.419488,-nan,0.094767
8334.733073,0.423472,-nan,0.092999
8444.824556,0.429306,-nan,0.096220
8556.371282,0.428444,-nan,0.089741
8669.390859,0.420150,-nan,0.092082
8783.903620,0.417041,-nan,0.095372
8899.928270,0.416619,-nan,0.095389
9017.382963,0.420572,-nan,0.099079
9136.596496,0.423078,-nan,0.094632
9257.280139,0.426416,-nan,0.095343
9379.558064,0.413728,-nan,0.092576
9503.451220,0.420078,-nan,0.099234
9628.980492,0.427034,-nan,0.093732
9756.168184,0.425431,-nan,0.090427
9885.035545,0.422150,-nan,0.087805
10015.605339,0.422947,-nan,0.095201
10147.900167,0.422428,-nan,0.095361
10281.886906,0.427278,-nan,0.094578
10417.754434,0.418128,-nan,0.092910
10555.361033,0.417869,-nan,0.094795
10694.784710,0.421094,-nan,0.099902
10836.050389,0.420406,-nan,0.094961
10979.181963,0.422709,-nan,0.097890
11124.203740,0.421394,-nan,0.095300
11271.141712,0.418934,-nan,0.097265
11420.020280,0.417331,-nan,0.095758
11570.865603,0.420728,-nan,0.099217
11723.703168,0.422609,-nan,0.096904
11878.559652,0.422172,-nan,0.099948
12035.461245,0.422394,-nan,0.094337
12194.361871,0.420997,-nan,0.095180
12355.510394,0.415169,-nan,0.100246
12518.711963,0.419241,-nan,0.096113
12684.069410,0.416425,-nan,0.099650
12851.611511,0.417894,-nan,0.096206
13021.366139,0.416781,-nan,0.098336
13193.363353,0.418881,-nan,0.097475
13367.632331,0.418097,-nan,0.096729
13544.202914,0.417256,-nan,0.097742
13723.106052,0.421044,-nan,0.102252
13904.372208,0.421128,-nan,0.097329
14088.033017,0.417309,-nan,0.099109
14274.119290,0.419084,-nan,0.098049
14462.416975,0.425278,-nan,0.099578
14653.698651,0.421050,-nan,0.098243
14847.257154,0.418928,-nan,0.099094
15043.372225,0.414797,-nan,0.098671
15242.077237,0.421231,-nan,0.097111
15443.407576,0.415413,-nan,0.101619
15647.396675,0.420884,-nan,0.093190
15854.080616,0.415566,-nan,0.097514
16063.494562,0.418872,-nan,0.099199
16275.674880,0.424497,-nan,0.096720
16490.657278,0.421022,-nan,0.093294
16708.479812,0.418609,-nan,0.097535
16929.178975,0.423603,-nan,0.098165
17152.793884,0.420566,-nan,0.098429
17379.362057,0.425712,-nan,0.096604
17608.923472,0.416944,-nan,0.098499
17841.516768,0.420359,-nan,0.092766
18077.182453,0.420956,-nan,0.097183
18315.961207,0.417084,-nan,0.094744
18557.766071,0.422309,-nan,0.102607
18803.021602,0.417784,-nan,0.098228
19051.387742,0.413672,-nan,0.095442
19303.034172,0.423134,-nan,0.099712
19558.005373,0.414822,-nan,0.102648
19816.343584,0.417391,-nan,0.101872
20078.094337,0.416903,-nan,0.104822
20343.302426,0.414591,-nan,0.097797
20612.013929,0.422106,-nan,0.095064
20884.274260,0.423841,-nan,0.099076
21160.046237,0.418847,-nan,0.100882
21439.632406,0.419469,-nan,0.097414
21722.824583,0.420503,-nan,0.101409
22009.758032,0.420859,-nan,0.100071
22300.481228,0.419459,-nan,0.100262
22595.044610,0.424459,-nan,0.099259
22893.438394,0.416931,-nan,0.100073
23195.895239,0.418437,-nan,0.104760
23502.285942,0.420109,-nan,0.103915
23812.723829,0.416822,-nan,0.099391
24127.262481,0.413850,-nan,0.102688
24445.955092,0.418550,-nan,0.098172
24768.857901,0.418956,-nan,0.102684
25095.982128,0.412697,-nan,0.103040
25427.514997,0.418719,-nan,0.103082
25763.382995,0.411922,-nan,0.097938
26103.687275,0.408822,-nan,0.101379
26448.486912,0.412163,-nan,0.101543
26797.840596,0.412206,-nan,0.101413
27151.808613,0.415034,-nan,0.105757
27510.452276,0.419488,-nan,0.101638
27873.833554,0.416416,-nan,0.104161
28242.014392,0.409953,-nan,0.101695
28615.058652,0.419497,-nan,0.104359
28993.030232,0.416837,-nan,0.105601
29375.994631,0.414291,-nan,0.101205
29764.016983,0.416353,-nan,0.108058
30156.888109,0.420688,-nan,0.106232
30555.505933,0.416575,-nan,0.104197
30959.108788,0.418416,-nan,0.104564
31368.042639,0.417184,-nan,0.102499
31782.378012,0.419097,-nan,0.104749
32202.186458,0.412369,-nan,0.101084
32627.211162,0.414053,-nan,0.102193
33058.511612,0.408091,-nan,0.104252
33495.175959,0.412050,-nan,0.103016
33937.608262,0.420453,-nan,0.099202
34385.884602,0.414647,-nan,0.104799
34840.082184,0.411309,-nan,0.106635
35300.279288,0.410034,-nan,0.102129
35766.554866,0.411000,-nan,0.103499
36238.989713,0.410988,-nan,0.101436
36717.664428,0.414109,-nan,0.104647
37202.661665,0.414725,-nan,0.103640
37694.065964,0.412081,-nan,0.102410
38191.960717,0.416875,-nan,0.102926
38696.432079,0.420334,-nan,0.099415
39207.567159,0.414997,-nan,0.104388
39725.243900,0.414269,-nan,0.104109
40250.180288,0.420313,-nan,0.103751
40781.838768,0.417053,-nan,0.102860
41320.519434,0.412903,-nan,0.107581
41866.315337,0.413791,-nan,0.106715
42419.320583,0.415187,-nan,0.104544
42979.630330,0.414187,-nan,0.104986
43547.341330,0.421828,-nan,0.107010
44122.551538,0.412641,-nan,0.106999
44705.358666,0.413578,-nan,0.104733
45295.864988,0.415078,-nan,0.106139
45894.170241,0.415066,-nan,0.105485
46500.378758,0.423403,-nan,0.105983
47114.594957,0.415847,-nan,0.105635
47736.923727,0.420981,-nan,0.102707
48367.473293,0.416281,-nan,0.103690
49006.351396,0.414344,-nan,0.105543
49653.668454,0.412684,-nan,0.104519
50309.535689,0.409937,-nan,0.100127
50974.065829,0.415472,-nan,0.105028
51647.374331,0.414859,-nan,0.103863
52329.575837,0.414412,-nan,0.099883
53020.698219,0.417753,-nan,0.102912
53721.131406,0.417766,-nan,0.099559
54430.725669,0.414841,-nan,0.103538
55149.691997,0.415637,-nan,0.107126
55877.383335,0.420347,-nan,0.107700
56616.240693,0.422331,-nan,0.102580
57364.075588,0.413191,-nan,0.106094
58121.735954,0.412316,-nan,0.106841
58889.510108,0.415128,-nan,0.106349
59667.371957,0.416134,-nan,0.107862
60455.508636,0.411791,-nan,0.109719
61254.055442,0.411450,-nan,0.109702
62063.150359,0.412459,-nan,0.101609
62882.932746,0.414172,-nan,0.104761
63713.542958,0.409741,-nan,0.106189
64555.125169,0.403881,-nan,0.106644
65407.823390,0.408997,-nan,0.112532
66271.719664,0.414400,-nan,0.107981
67147.157906,0.411769,-nan,0.108711
68034.062678,0.412619,-nan,0.105626
68932.744929,0.414209,-nan,0.107759
69843.266377,0.413962,-nan,0.104875
70764.957947,0.407175,-nan,0.114494
71700.549071,0.408444,-nan,0.108936
72647.630208,0.411806,-nan,0.108740
73606.980236,0.408275,-nan,0.114899
74579.486708,0.412091,-nan,0.112639
75564.594758,0.417791,-nan,0.107656
76562.715875,0.406438,-nan,0.106924
77574.019957,0.413131,-nan,0.111821
78598.682983,0.405912,-nan,0.110950
79636.879928,0.410900,-nan,0.110901
80688.791085,0.414769,-nan,0.111037
81754.519264,0.410519,-nan,0.112495
82834.479247,0.413931,-nan,0.110480
83928.626706,0.413547,-nan,0.108355
85037.226282,0.419381,-nan,0.111041
86160.469093,0.411100,-nan,0.110575
87298.549163,0.412325,-nan,0.108126
88451.661369,0.409713,-nan,0.112009
89620.005083,0.416087,-nan,0.109881
90803.781151,0.410325,-nan,0.111023
92003.193779,0.405397,-nan,0.111350
93217.657340,0.408966,-nan,0.113469
94448.816014,0.411725,-nan,0.112557
95697.327776,0.405537,-nan,0.112410
96961.378654,0.404891,-nan,0.113997
98242.126013,0.410425,-nan,0.113390
99539.789996,0.407194,-nan,0.114309
100854.595404,0.408247,-nan,0.114566
102186.767210,0.411259,-nan,0.114137
103536.535958,0.411772,-nan,0.111735
104904.133473,0.413509,-nan,0.118935
106289.794868,0.409762,-nan,0.113524
107693.759629,0.412647,-nan,0.115129
109116.269584,0.407794,-nan,0.112821
110557.568249,0.409488,-nan,0.111322
112016.733320,0.406347,-nan,0.110930
113497.532080,0.412947,-nan,0.117362
114996.702302,0.404984,-nan,0.112779
116515.675462,0.404647,-nan,0.115040
118054.712375,0.410362,-nan,0.113309
119614.078008,0.409091,-nan,0.116330
121194.041039,0.412856,-nan,0.116669
122794.451267,0.413441,-nan,0.116124
124416.850869,0.416875,-nan,0.114314
126060.253153,0.410778,-nan,0.115265
127722.846899,0.407328,-nan,0.119032
129411.393007,0.406134,-nan,0.115256
131119.534044,0.409275,-nan,0.123602
132853.822414,0.411675,-nan,0.118288
134608.476649,0.404891,-nan,0.126474
136386.691329,0.405519,-nan,0.120924
138187.994593,0.399662,-nan,0.120595
140012.797922,0.401484,-nan,0.122883
141860.108363,0.402134,-nan,0.120693
143736.767192,0.402128,-nan,0.125182
145635.363028,0.401122,-nan,0.119433
147559.037228,0.409291,-nan,0.126299
149507.235946,0.401125,-nan,0.123418
151482.949354,0.401891,-nan,0.124042
153483.863040,0.403106,-nan,0.122856
155510.594019,0.394703,-nan,0.124156
157564.803966,0.401859,-nan,0.125834
159646.584114,0.401706,-nan,0.122409
161754.094721,0.409591,-nan,0.123101
163891.930531,0.401987,-nan,0.123678
166056.752537,0.405834,-nan,0.123978
168250.169673,0.401372,-nan,0.128436
170472.558728,0.406506,-nan,0.126236
172724.183789,0.404347,-nan,0.125450
175005.790848,0.395428,-nan,0.123082
177317.414163,0.404819,-nan,0.127125
179659.571588,0.401953,-nan,0.121967
182032.665598,0.400500,-nan,0.124106
184431.312193,0.405494,-nan,0.128161
186873.306076,0.389441,-nan,0.128620
189341.685682,0.399984,-nan,0.130819
191842.669251,0.403459,-nan,0.125749
194373.387637,0.403131,-nan,0.129247
196944.178140,0.401097,-nan,0.131153
199545.581996,0.397241,-nan,0.130665
202181.347859,0.397472,-nan,0.133680
204849.761330,0.403106,-nan,0.133614
207556.421016,0.394197,-nan,0.128732
210291.180576,0.400347,-nan,0.138367
213077.193123,0.393634,-nan,0.133720
215891.695105,0.399759,-nan,0.134179
218743.373730,0.397091,-nan,0.133624
221632.719999,0.396738,-nan,0.132699
224560.230777,0.394097,-nan,0.132245
227523.838527,0.392881,-nan,0.135600
230531.770503,0.392606,-nan,0.135575
233576.827538,0.400891,-nan,0.135989
236660.795443,0.396878,-nan,0.135007
239788.137730,0.401719,-nan,0.136559
242954.118914,0.395025,-nan,0.135885
246164.620510,0.396369,-nan,0.136779
249415.510828,0.393587,-nan,0.136903
252708.249387,0.394756,-nan,0.140823
256048.681830,0.394016,-nan,0.139430
259429.818453,0.397862,-nan,0.140818
262857.145760,0.392444,-nan,0.139237
266325.583189,0.388100,-nan,0.138487
269845.216529,0.390459,-nan,0.141385
273411.888445,0.387588,-nan,0.140464
277023.341757,0.391834,-nan,0.139700
280682.498679,0.385178,-nan,0.138254
284386.719420,0.392122,-nan,0.141119
288145.179614,0.391519,-nan,0.141131
291945.705872,0.388841,-nan,0.146887
295804.380213,0.387559,-nan,0.146843
299711.841125,0.383053,-nan,0.147615
303668.769958,0.384106,-nan,0.147129
307686.274464,0.383378,-nan,0.147576
311745.432079,0.380509,-nan,0.147356
315866.158517,0.386416,-nan,0.148162
320040.568092,0.380725,-nan,0.149292
324263.456774,0.381400,-nan,0.151327
328550.278734,0.384684,-nan,0.151792
332890.914502,0.381056,-nan,0.152951
337276.534974,0.377153,-nan,0.155446
341743.200047,0.388491,-nan,0.153927
346257.231646,0.382181,-nan,0.155012
350821.385982,0.376016,-nan,0.153202
355464.502263,0.380850,-nan,0.158676
360154.511347,0.374097,-nan,0.157961
364897.751032,0.372994,-nan,0.157093
369728.339421,0.369513,-nan,0.156752
374621.476533,0.374319,-nan,0.159137
379569.791483,0.373825,-nan,0.159387
384575.493696,0.377300,-nan,0.161912
389663.349449,0.371003,-nan,0.160915
394805.347619,0.382131,-nan,0.163442
400023.230107,0.366372,-nan,0.161569
405309.227441,0.375931,-nan,0.163942
410652.097124,0.367288,-nan,0.160341
416076.061121,0.363763,-nan,0.163809
421583.301911,0.365109,-nan,0.161827
427142.564919,0.371475,-nan,0.166560
432790.418529,0.364909,-nan,0.166667
438506.511415,0.363663,-nan,0.168198
444302.424527,0.366128,-nan,0.171202
450171.762771,0.364109,-nan,0.167899
456101.843178,0.358597,-nan,0.171067
462124.548086,0.357500,-nan,0.170519
468227.651250,0.355431,-nan,0.174273
474432.170367,0.355991,-nan,0.172404
480693.620786,0.354428,-nan,0.173957
487031.774200,0.346912,-nan,0.172546
