0.000000,0.995000,0.000000,0.000000
1.002882,0.849075,0.001719,0.026890
1.015738,0.848207,0.001718,0.026557
1.028814,0.846939,0.001771,0.026463
1.042157,0.845896,0.001722,0.026620
1.055348,0.844639,0.001704,0.026861
1.068962,0.843586,0.001680,0.026741
1.082718,0.842507,0.001716,0.027139
1.096578,0.841439,0.001713,0.027411
1.110664,0.839832,0.001714,0.027970
1.125001,0.838507,0.001776,0.028334
1.139474,0.837250,0.001684,0.028424
1.153932,0.836107,0.001742,0.028715
1.168802,0.834432,0.001729,0.028565
1.183858,0.833082,0.001763,0.028336
1.198915,0.831939,0.001722,0.028053
1.214456,0.831104,0.001711,0.028112
1.229954,0.829943,0.001798,0.028237
1.245728,0.828621,0.001758,0.028190
1.261816,0.827300,0.001704,0.028327
1.278192,0.825646,0.001766,0.028427
1.294434,0.824025,0.001817,0.029329
1.310950,0.822800,0.001782,0.029708
1.327948,0.820925,0.001661,0.029468
1.345095,0.819582,0.001747,0.029159
1.362293,0.817896,0.001785,0.029296
1.379694,0.816689,0.001786,0.029332
1.397472,0.815279,0.001818,0.029559
1.415371,0.813875,0.001817,0.029615
1.433475,0.812286,0.001811,0.029619
1.451988,0.811075,0.001818,0.029877
1.470634,0.810275,0.001777,0.029779
1.489477,0.809079,0.001765,0.029625
1.508676,0.807475,0.001776,0.029531
1.528047,0.806114,0.001741,0.029726
1.547476,0.804832,0.001809,0.030342
1.567579,0.803239,0.001881,0.030151
1.587749,0.801725,0.001783,0.030381
1.608019,0.800364,0.001833,0.030163
1.628574,0.798439,0.001826,0.030334
1.649827,0.797671,0.001832,0.029899
1.670686,0.796118,0.001794,0.029420
1.692265,0.794579,0.001869,0.029489
1.714157,0.793650,0.001800,0.029298
1.735949,0.792086,0.001863,0.029881
1.758387,0.790271,0.001827,0.029678
1.780852,0.789543,0.001819,0.030048
1.803937,0.787986,0.001797,0.030813
1.827134,0.786814,0.001844,0.030661
1.850496,0.785354,0.001807,0.031382
1.874384,0.783700,0.001904,0.032064
1.898325,0.782789,0.001853,0.031831
1.922675,0.781586,0.001858,0.031887
1.947364,0.780171,0.001872,0.032251
1.972321,0.779054,0.001836,0.032667
1.997852,0.777004,0.001854,0.032608
2.023465,0.775671,0.001826,0.032481
2.049445,0.774421,0.001810,0.032426
2.075790,0.773311,0.001797,0.032796
2.102427,0.771511,0.001840,0.032766
2.129493,0.770211,0.001920,0.032653
2.156933,0.768814,0.001932,0.033071
2.184648,0.767175,0.001860,0.032672
2.212680,0.765957,0.001907,0.032498
2.240918,0.764771,0.001907,0.032766
2.270098,0.763214,0.001843,0.032500
2.299160,0.761796,0.001910,0.032540
2.328543,0.760829,0.001911,0.033253
2.358538,0.759607,0.001960,0.033343
2.388855,0.758250,0.001923,0.033503
2.419600,0.756718,0.001926,0.033772
2.450589,0.755721,0.001915,0.033854
2.482161,0.754600,0.001951,0.033518
2.514058,0.752736,0.001916,0.033478
2.546477,0.751632,0.001884,0.033491
2.579161,0.751025,0.001957,0.033713
2.612284,0.749318,0.001948,0.033837
2.645870,0.747886,0.001900,0.034346
2.679898,0.746732,0.001800,0.033943
2.714405,0.745500,0.001852,0.033576
2.749189,0.745057,0.001998,0.034317
2.784564,0.743557,0.001949,0.034251
2.820386,0.741993,0.001875,0.034743
2.856522,0.740589,0.001941,0.035306
2.893352,0.739057,0.001985,0.035418
2.930528,0.738429,0.001922,0.035569
2.968184,0.736932,0.002037,0.035643
3.006192,0.735543,0.001986,0.035936
3.044956,0.733861,0.002037,0.036742
3.084178,0.732411,0.001942,0.037177
3.123726,0.731036,0.001967,0.037685
3.164031,0.729836,0.002008,0.037742
3.204549,0.728325,0.002014,0.038071
3.245823,0.726861,0.002027,0.038365
3.287585,0.725707,0.001966,0.038363
3.329594,0.724257,0.001962,0.037872
3.372520,0.722750,0.001940,0.037722
3.415853,0.721179,0.002024,0.038349
3.459988,0.720014,0.001972,0.037681
3.504405,0.718650,0.001920,0.037599
3.549308,0.717050,0.001988,0.037100
3.595238,0.715614,0.002120,0.037609
3.641200,0.714504,0.001993,0.038436
3.688049,0.713161,0.002068,0.038274
3.735495,0.712171,0.001969,0.038040
3.783571,0.710761,0.002027,0.038616
3.832311,0.709929,0.002010,0.038863
3.881467,0.708268,0.002091,0.039672
3.931277,0.706893,0.002093,0.039701
3.982110,0.706146,0.002095,0.040468
4.033093,0.704393,0.002045,0.040333
4.085061,0.702929,0.002158,0.040885
4.137716,0.701354,0.002014,0.041361
4.190708,0.700118,0.002110,0.040730
4.244534,0.698729,0.002054,0.040862
4.299093,0.697407,0.002030,0.040197
4.354379,0.696361,0.002049,0.040416
4.410397,0.694968,0.002051,0.039802
4.467339,0.694514,0.002108,0.040330
4.524818,0.693911,0.002054,0.039748
4.582833,0.692279,0.002131,0.039301
4.641717,0.691046,0.002160,0.039181
4.701403,0.689736,0.002178,0.038933
4.761990,0.688596,0.002020,0.039197
4.823277,0.686479,0.002102,0.038715
4.885234,0.684643,0.002095,0.039609
4.947993,0.683761,0.002119,0.040265
5.011759,0.682232,0.002222,0.040726
5.075957,0.680386,0.002145,0.041488
5.141177,0.679418,0.002197,0.041443
5.207466,0.677875,0.002197,0.041576
5.274590,0.676279,0.002176,0.041887
5.342193,0.674900,0.002202,0.042595
5.411198,0.673957,0.002120,0.042554
5.480647,0.674243,0.002175,0.043898
5.551038,0.672761,0.002137,0.043279
5.622496,0.672150,0.002190,0.043221
5.694907,0.671232,0.002200,0.043300
5.768000,0.669839,0.002185,0.044467
5.842204,0.668793,0.002189,0.043935
5.917525,0.668057,0.002232,0.043261
5.993347,0.667211,0.002231,0.044033
6.070410,0.665825,0.002172,0.043320
6.148527,0.664607,0.002216,0.042704
6.227606,0.662711,0.002310,0.041997
6.307640,0.661454,0.002171,0.041978
6.389017,0.660486,0.002279,0.041288
6.471040,0.659439,0.002229,0.041906
6.554247,0.658268,0.002299,0.042317
6.638562,0.656854,0.002288,0.042089
6.723899,0.655132,0.002206,0.042168
6.810313,0.653996,0.002268,0.042217
6.898009,0.652811,0.002212,0.042586
6.986788,0.651771,0.002239,0.043491
7.076384,0.650693,0.002271,0.042929
7.167741,0.649386,0.002149,0.042621
7.259869,0.648589,0.002221,0.042896
7.353055,0.647271,0.002223,0.043137
7.447613,0.645900,0.002231,0.043956
7.543484,0.644271,0.002221,0.044164
7.640465,0.643375,0.002248,0.044380
7.739130,0.642768,0.002207,0.044806
7.838365,0.641093,0.002280,0.043564
7.939221,0.640343,0.002268,0.043214
8.041159,0.640193,0.002204,0.043575
8.144844,0.638693,0.002340,0.043195
8.249590,0.638064,0.002330,0.042985
8.355580,0.636836,0.002265,0.042078
8.462972,0.634771,0.002225,0.042496
8.571704,0.634164,0.002331,0.042843
8.682318,0.631850,0.002376,0.043379
8.793971,0.630671,0.002243,0.043726
8.906953,0.629525,0.002312,0.043444
9.021792,0.628171,0.002314,0.044935
9.137450,0.625989,0.002291,0.044856
9.255238,0.625211,0.002465,0.046596
9.374226,0.624271,0.002363,0.047103
9.494683,0.623186,0.002315,0.047723
9.617017,0.622746,0.002291,0.048433
9.740804,0.620464,0.002373,0.047871
9.865811,0.619364,0.002377,0.048170
9.992797,0.619171,0.002356,0.048222
10.121474,0.618164,0.002329,0.047378
10.251663,0.616929,0.002335,0.046216
10.383292,0.616296,0.002460,0.045435
10.517024,0.616100,0.002487,0.045843
10.652344,0.615718,0.002499,0.045996
10.789421,0.614875,0.002327,0.046208
10.928191,0.612979,0.002475,0.045657
11.068687,0.611893,0.002324,0.045219
11.211191,0.610511,0.002472,0.044942
11.355402,0.607686,0.002378,0.045290
11.501317,0.607125,0.002342,0.046993
11.649415,0.607479,0.002407,0.047918
11.798971,0.606382,0.002357,0.049308
11.950866,0.605814,0.002374,0.050427
12.104764,0.604782,0.002478,0.051241
12.260304,0.604564,0.002375,0.050682
12.418167,0.604093,0.002493,0.051692
12.577807,0.602771,0.002408,0.051003
12.739622,0.601643,0.002478,0.051389
12.903571,0.600411,0.002407,0.051336
13.069657,0.599554,0.002378,0.051995
13.237786,0.599929,0.002473,0.052604
13.408041,0.599911,0.002443,0.050760
13.580301,0.599104,0.002479,0.049931
13.755158,0.597807,0.002561,0.050576
13.932066,0.596675,0.002507,0.051122
14.111400,0.595386,0.002426,0.051527
14.292798,0.594686,0.002491,0.050221
14.476879,0.594254,0.002460,0.050686
14.663044,0.593054,0.002431,0.051239
14.851681,0.592046,0.002490,0.051715
15.042880,0.590543,0.002551,0.051690
15.236237,0.589282,0.002556,0.051737
15.432251,0.589257,0.002494,0.052074
15.630886,0.588239,0.002499,0.052909
15.831982,0.587550,0.002546,0.053111
16.035791,0.587054,0.002527,0.052335
16.241775,0.584411,0.002526,0.052280
16.450757,0.582511,0.002529,0.052816
16.662634,0.582057,0.002525,0.052600
16.876869,0.580368,0.002579,0.053035
17.094078,0.581111,0.002493,0.052652
17.313975,0.578479,0.002404,0.053035
17.536560,0.579221,0.002539,0.053979
17.762226,0.577554,0.002532,0.054829
17.990894,0.576025,0.002417,0.053741
18.221808,0.574786,0.002613,0.053663
18.456839,0.573496,0.002531,0.052159
18.694013,0.573789,0.002532,0.052637
18.934437,0.572025,0.002591,0.053429
19.178410,0.571825,0.002581,0.053653
19.424937,0.570243,0.002657,0.054157
19.675032,0.568418,0.002601,0.054846
19.927914,0.566339,0.002602,0.055432
20.184269,0.565229,0.002708,0.054846
20.444108,0.564946,0.002631,0.056368
20.707105,0.564193,0.002535,0.056982
20.973623,0.562957,0.002639,0.057672
21.243236,0.562368,0.002524,0.057375
21.516378,0.560839,0.002651,0.057221
21.793285,0.560068,0.002566,0.056012
22.073820,0.558629,0.002612,0.054653
22.357846,0.556068,0.002660,0.054340
22.645610,0.555839,0.002624,0.054112
22.936929,0.555668,0.002572,0.053413
23.231816,0.554268,0.002812,0.053809
23.530633,0.555279,0.002804,0.053773
23.833480,0.554161,0.002702,0.055283
24.139977,0.552914,0.002703,0.053955
24.450698,0.552464,0.002702,0.053745
24.765566,0.552121,0.002698,0.054713
25.083690,0.551839,0.002582,0.054725
25.406647,0.551811,0.002764,0.053241
25.733356,0.550779,0.002710,0.052578
26.064612,0.549711,0.002553,0.052235
26.400045,0.548950,0.002667,0.053155
26.739729,0.548564,0.002599,0.054247
27.083639,0.548157,0.002612,0.055163
27.432195,0.546868,0.002675,0.055646
27.785070,0.543479,0.002745,0.056495
28.142583,0.543225,0.002837,0.057841
28.504676,0.542939,0.002938,0.058440
28.871719,0.539375,0.002868,0.058099
29.242872,0.538343,0.002853,0.058060
29.619158,0.537039,0.002884,0.058781
30.000015,0.535264,0.002813,0.058013
30.386085,0.535189,0.002839,0.058261
30.777113,0.535536,0.002858,0.057786
31.173052,0.533496,0.002769,0.057339
31.574179,0.536543,0.002833,0.059946
31.980452,0.535782,0.002881,0.060194
32.392047,0.535654,0.002774,0.061507
32.808872,0.533754,0.002819,0.060021
33.230559,0.533296,0.002972,0.060055
33.658552,0.531796,0.002872,0.061864
34.091579,0.529896,0.002870,0.061316
34.529994,0.527932,0.002980,0.062335
34.974133,0.527286,0.002881,0.062234
35.424035,0.525693,0.002768,0.060868
35.880043,0.525225,0.002864,0.061535
36.341951,0.525639,0.002877,0.060860
36.809236,0.526125,0.002688,0.061494
37.282991,0.525093,0.002905,0.061935
37.762890,0.524361,0.002953,0.061621
38.248772,0.524857,0.002944,0.058606
38.740746,0.521214,0.002956,0.058474
39.239281,0.519904,0.002966,0.059993
39.743842,0.520382,0.002862,0.059903
40.255326,0.520371,0.002836,0.062066
40.773467,0.517125,0.002899,0.061846
41.297752,0.515979,0.002981,0.061249
41.829265,0.517521,0.002987,0.064988
42.367136,0.515043,0.002951,0.067280
42.912303,0.513425,0.002898,0.065343
43.464885,0.510821,0.003075,0.065241
44.023952,0.510168,0.002952,0.064904
44.590423,0.510139,0.003025,0.062955
45.164315,0.508686,0.003017,0.063533
45.745382,0.508468,0.002991,0.065479
46.334050,0.508707,0.003070,0.064162
46.930079,0.506500,0.002909,0.065168
47.533911,0.506907,0.003018,0.064278
48.145578,0.506275,0.003063,0.064532
48.765203,0.504389,0.003143,0.065174
49.392595,0.502643,0.003142,0.065912
50.028139,0.502468,0.003144,0.065326
50.671684,0.502536,0.003154,0.067239
51.323678,0.500829,0.003086,0.067393
51.984040,0.499457,0.003149,0.068748
52.652640,0.500432,0.002949,0.069012
53.330387,0.501046,0.002971,0.069163
54.016369,0.501704,0.003039,0.068680
54.711673,0.499643,0.003109,0.067564
55.415428,0.500071,0.003058,0.066800
56.128657,0.497779,0.002998,0.066654
56.850935,0.497218,0.003123,0.066546
57.582387,0.497443,0.003035,0.066567
58.323159,0.496400,0.003070,0.065302
59.073800,0.498571,0.003008,0.066635
59.833830,0.499007,0.003084,0.066702
60.603564,0.499289,0.003160,0.065416
61.383568,0.495764,0.003223,0.066295
62.173137,0.496968,0.002964,0.068472
62.973273,0.494586,0.003261,0.068683
63.783717,0.493557,0.003130,0.066474
64.604280,0.490918,0.003105,0.067059
65.435342,0.490132,0.003155,0.066393
66.277764,0.491468,0.003096,0.066210
67.130460,0.491086,0.003051,0.068641
67.993899,0.491268,0.003198,0.067634
68.868925,0.490164,0.003111,0.066533
69.755070,0.490050,0.003103,0.063451
70.652295,0.489271,0.002984,0.063773
71.561538,0.488964,0.002994,0.062971
72.482547,0.488646,0.003176,0.061541
73.415207,0.486329,0.003088,0.062373
74.359906,0.484975,0.002950,0.062849
75.316706,0.482929,0.003215,0.064680
76.285901,0.481807,0.003304,0.063860
77.267511,0.484443,0.003305,0.065390
78.261555,0.482304,0.003366,0.064386
79.268361,0.480093,0.003293,0.066306
80.288867,0.481268,0.003169,0.064982
81.321506,0.482854,0.003140,0.066251
82.367634,0.480643,0.003153,0.068254
83.427851,0.481457,0.003195,0.069501
84.501461,0.480025,0.003224,0.067137
85.588737,0.481075,0.003108,0.066550
86.690134,0.480786,0.003156,0.065528
87.805256,0.478839,0.003037,0.065300
88.935280,0.478004,0.003223,0.067992
90.079734,0.475743,0.003128,0.067192
91.238509,0.477271,0.003284,0.065865
92.412600,0.476014,0.003211,0.065010
93.601721,0.476729,0.003185,0.065687
94.806092,0.476064,0.003183,0.066074
96.026243,0.474771,0.003269,0.070260
97.261351,0.471711,0.003265,0.069793
98.513046,0.471764,0.003369,0.070266
99.780502,0.472879,0.003334,0.067582
101.064504,0.471768,0.003268,0.072640
102.365085,0.471239,0.003224,0.068202
103.682289,0.468514,0.003192,0.066668
105.016402,0.468479,0.003402,0.067208
106.367772,0.468875,0.003261,0.068037
107.736485,0.467793,0.003233,0.067672
109.122300,0.468600,0.003313,0.066769
110.526629,0.468943,0.003237,0.067335
111.948988,0.465332,0.003218,0.066810
113.389556,0.463854,0.003370,0.067546
114.848352,0.464036,0.003187,0.068670
116.326381,0.465043,0.003465,0.071245
117.823027,0.463529,0.003269,0.071886
119.339575,0.460650,0.003406,0.072408
120.874640,0.457543,0.003462,0.070059
122.430151,0.458921,0.003287,0.070077
124.005722,0.459979,0.003373,0.072530
125.601329,0.461021,0.003359,0.070829
127.217381,0.458921,0.003309,0.072048
128.853993,0.461457,0.003507,0.072299
130.512065,0.459300,0.003373,0.071474
132.191468,0.459950,0.003628,0.072425
133.892612,0.459586,0.003326,0.073182
135.615496,0.457046,0.003410,0.074023
137.360425,0.457682,0.003448,0.074830
139.128134,0.457632,0.003634,0.073411
140.918177,0.458468,0.003506,0.074401
142.731324,0.457896,0.003560,0.075795
144.568113,0.456243,0.003404,0.076396
146.428338,0.453539,0.003504,0.075609
148.312487,0.454375,0.003408,0.073898
150.220698,0.454779,0.003535,0.074278
152.153884,0.454607,0.003392,0.076032
154.111638,0.452482,0.003471,0.075586
156.094797,0.453600,0.003420,0.071898
158.103642,0.450900,0.003502,0.074175
160.137737,0.452475,0.003498,0.074225
162.198427,0.450168,0.003693,0.073650
164.285315,0.449146,0.003439,0.075728
166.399417,0.450050,0.003630,0.075107
168.540451,0.450336,0.003699,0.078468
170.709449,0.450486,0.003703,0.077080
172.905734,0.450100,0.003375,0.076958
175.130590,0.449457,0.003364,0.073222
177.384085,0.449593,0.003428,0.075041
179.666652,0.447411,0.003509,0.078509
181.978574,0.449100,0.003512,0.075101
184.320645,0.447214,0.003750,0.074865
186.691779,0.449157,0.003549,0.076398
189.094315,0.450689,0.003486,0.076864
191.527288,0.450361,0.003550,0.075977
193.991928,0.448825,0.003601,0.078533
196.487809,0.449246,0.003427,0.077661
199.016611,0.449718,0.003678,0.079764
201.577549,0.450229,0.003680,0.078302
204.171005,0.451200,0.003563,0.077505
206.798508,0.449239,0.003599,0.076291
209.459678,0.448832,0.003496,0.075913
212.154549,0.449218,0.003686,0.076862
214.884714,0.447182,0.003696,0.077702
217.649397,0.448829,0.003514,0.076554
220.450145,0.448371,0.003455,0.076237
223.286716,0.446536,0.003510,0.075641
226.160174,0.440400,0.003762,0.076579
229.070388,0.442311,0.003675,0.076889
232.017876,0.443171,0.003645,0.076028
235.003496,0.441039,0.003713,0.074393
238.027278,0.439075,0.003784,0.074657
241.090910,0.440004,0.003627,0.074682
244.192466,0.438646,0.003604,0.073356
247.334745,0.433621,0.003817,0.076111
250.517692,0.437329,0.003885,0.079144
253.740951,0.438093,0.003701,0.079507
257.006393,0.437171,0.003872,0.081001
260.313315,0.439525,0.003652,0.083743
263.662888,0.436814,0.003888,0.082538
267.055565,0.436957,0.003815,0.084269
270.491934,0.439050,0.003786,0.083075
273.972543,0.438939,0.003872,0.083403
277.498238,0.437254,0.003834,0.084104
281.068790,0.438036,0.003781,0.084061
284.685277,0.440754,0.003833,0.083174
288.348569,0.439182,0.003869,0.082089
292.058861,0.438164,0.003967,0.084513
295.817026,0.440196,0.003704,0.085271
299.623449,0.437311,0.003591,0.084262
303.478958,0.435718,0.003671,0.082318
307.384279,0.437096,0.003853,0.079637
311.339234,0.436175,0.003569,0.081432
315.345803,0.436304,0.003645,0.083842
319.403453,0.439796,0.003658,0.082694
323.513690,0.438646,0.003839,0.082354
327.676623,0.439921,0.004146,0.083584
331.893012,0.437539,0.003744,0.083638
336.163602,0.439025,0.003878,0.082404
340.489539,0.442239,0.004213,0.083065
344.870671,0.441896,0.003890,0.080552
349.308262,0.438457,0.003875,0.085248
353.803012,0.438479,0.003565,0.082241
358.355827,0.438021,0.003643,0.078389
362.967166,0.439661,0.003980,0.083217
367.637654,0.442543,0.003924,0.086210
372.368468,0.437900,0.003741,0.082730
377.159983,0.437550,0.004004,0.082130
382.012958,0.436200,0.003849,0.082830
386.928716,0.435632,0.003625,0.085164
391.907828,0.436789,0.003919,0.083782
396.950713,0.433036,0.003765,0.082627
402.058632,0.430829,0.003629,0.081721
407.232530,0.431579,0.003770,0.081257
412.472562,0.430664,0.003699,0.079061
417.779931,0.430686,0.003800,0.083148
423.155998,0.432736,0.003840,0.081412
428.601356,0.434318,0.004069,0.082873
434.116175,0.434529,0.003690,0.083675
439.702305,0.436554,0.003763,0.083598
445.360666,0.435332,0.003869,0.084359
451.091267,0.433857,0.003937,0.087453
456.895784,0.432900,0.004199,0.087828
462.774543,0.434400,0.003817,0.086037
468.730027,0.436746,0.003686,0.085457
474.761200,0.439529,0.003838,0.083575
480.870039,0.441757,0.003583,0.084575
487.058337,0.438211,0.003913,0.084553
493.325497,0.436614,0.003796,0.080681
499.673629,0.435407,0.003696,0.081790
506.103328,0.433836,0.003779,0.083717
512.615996,0.437596,0.003870,0.085261
519.211927,0.434904,0.003796,0.087468
525.892732,0.441311,0.003783,0.085116
532.660544,0.437786,0.003940,0.085265
539.514245,0.440793,0.003939,0.083404
546.456816,0.439646,0.003780,0.083170
553.488494,0.441375,0.003769,0.085890
560.610621,0.440457,0.003496,0.085562
567.824560,0.438804,0.003857,0.087111
575.131160,0.443446,0.004079,0.085172
582.531988,0.445432,0.003773,0.085472
590.027904,0.443182,0.003809,0.087775
597.620224,0.441246,0.003779,0.085010
605.310552,0.434289,0.003893,0.084209
613.099675,0.432918,0.003664,0.087911
620.988826,0.433650,0.004043,0.088060
628.979455,0.434332,0.004020,0.083236
637.073300,0.438268,0.003902,0.083690
645.270910,0.432068,0.003916,0.085087
653.574189,0.434511,0.003974,0.088187
661.984300,0.436618,0.003781,0.089374
670.502682,0.430696,0.003810,0.087213
679.130904,0.433993,0.004039,0.088841
687.869721,0.431714,0.004068,0.086721
696.720791,0.432143,0.004070,0.087850
705.686337,0.434096,0.003955,0.087586
714.766871,0.434332,0.003808,0.088618
723.964538,0.433389,0.004024,0.087352
733.280405,0.429064,0.003755,0.088410
742.716055,0.432125,0.003987,0.088896
752.273341,0.427229,0.003889,0.088560
761.953313,0.431718,0.003966,0.089031
771.758280,0.425607,0.004054,0.083708
781.689445,0.424864,0.004582,0.088015
791.747897,0.428539,0.004219,0.089565
801.935935,0.427893,0.004163,0.089025
812.254908,0.424311,0.004045,0.089464
822.707089,0.424811,0.003948,0.088201
833.293800,0.426518,0.004208,0.086906
844.016787,0.427793,0.004321,0.087750
854.876967,0.423825,0.003793,0.082999
865.877282,0.424857,0.004321,0.088316
877.019634,0.422104,0.004298,0.090334
888.304919,0.424375,0.004550,0.088441
899.735565,0.422914,0.004842,0.085625
911.313276,0.422457,0.003884,0.086799
923.040266,0.423550,0.004097,0.086575
934.917612,0.422918,0.003947,0.084915
946.947953,0.423307,0.003933,0.083691
959.133148,0.421796,0.004158,0.086179
971.475522,0.424150,0.004534,0.087327
983.976029,0.423043,0.004246,0.087596
996.638176,0.418311,0.004614,0.088990
1009.462235,0.418643,0.003880,0.088701
1022.452421,0.419964,0.004568,0.091671
1035.609076,0.421375,0.004081,0.089881
1048.935303,0.421143,0.004125,0.092797
1062.432675,0.423329,0.003978,0.090688
1076.103915,0.416539,0.004063,0.089167
1089.951201,0.417918,0.004110,0.086503
1103.976755,0.418396,0.004481,0.089459
1118.182413,0.415021,0.004025,0.087111
1132.571110,0.418146,0.004163,0.087959
1147.145040,0.417614,0.004161,0.088307
1161.906423,0.417443,0.004336,0.093120
1176.857557,0.418429,0.004221,0.088687
1192.001318,0.417304,0.004443,0.088993
1207.340127,0.415300,0.004148,0.088377
1222.875654,0.419854,0.004018,0.090436
1238.611891,0.417846,0.004555,0.091107
1254.550204,0.420543,0.004288,0.089109
1270.693538,0.415646,0.003966,0.090114
1287.044600,0.417932,0.004211,0.091571
1303.606380,0.416221,0.004089,0.085883
1320.381045,0.417993,0.004473,0.087470
1337.371507,0.419793,0.004365,0.086861
1354.581061,0.419918,0.005420,0.093508
1372.011994,0.418754,0.006247,0.090894
1389.666039,0.417989,0.004685,0.087441
1407.548281,0.418136,0.003700,0.085975
1425.660510,0.415718,0.004200,0.084532
1444.005747,0.420450,0.003843,0.092117
1462.587487,0.421832,0.004266,0.092893
1481.407522,0.420729,0.003945,0.089593
1500.470547,0.421532,0.004316,0.090139
1519.778425,0.418671,0.003972,0.087976
1539.334577,0.423868,0.004339,0.088430
1559.142885,0.423836,0.004171,0.092274
1579.205323,0.427221,0.003872,0.090149
1599.526659,0.424000,0.004024,0.091281
1620.109230,0.425921,0.003955,0.089433
1640.956837,0.429886,0.004241,0.086100
1662.072594,0.425429,0.004265,0.087071
1683.459582,0.427743,0.004066,0.085947
1705.122272,0.427679,0.003796,0.084219
1727.064555,0.424529,0.011639,0.090461
1749.282214,0.421036,0.145573,0.085233
1771.797625,0.418546,-nan,0.085850
1794.596880,0.416657,-nan,0.084708
1817.689703,0.421743,-nan,0.094551
1841.079496,0.421043,-nan,0.094763
1864.770346,0.419414,-nan,0.090555
1888.766433,0.418511,-nan,0.089183
1913.071048,0.417218,-nan,0.088182
1937.687995,0.413379,-nan,0.087327
1962.622120,0.418175,-nan,0.091014
1987.877243,0.418164,-nan,0.092191
2013.456887,0.421000,-nan,0.087448
2039.365875,0.418529,-nan,0.084772
2065.608600,0.417914,-nan,0.086791
2092.188406,0.423018,-nan,0.090095
2119.110503,0.417800,-nan,0.090338
2146.379103,0.417621,-nan,0.086733
2173.998458,0.412961,-nan,0.088396
2201.973716,0.419846,-nan,0.092939
2230.308724,0.419721,-nan,0.089592
2259.007944,0.428400,-nan,0.089365
2288.076732,0.422971,-nan,0.090475
2317.519424,0.423543,-nan,0.093227
2347.341159,0.423039,-nan,0.095184
2377.546740,0.420929,-nan,0.092282
2408.141595,0.418882,-nan,0.095924
2439.128852,0.423193,-nan,0.095232
2470.515133,0.425111,-nan,0.090624
2502.305794,0.422368,-nan,0.092874
2534.505487,0.419407,-nan,0.088070
2567.119291,0.419536,-nan,0.092602
2600.152848,0.422650,-nan,0.091161
2633.611266,0.426446,-nan,0.093096
2667.500368,0.424329,-nan,0.087190
2701.825726,0.425443,-nan,0.088123
2736.592878,0.419654,-nan,0.090203
2771.807324,0.419300,-nan,0.093678
2807.474564,0.418418,-nan,0.097476
2843.600844,0.425200,-nan,0.097857
2880.192341,0.421379,-nan,0.093719
2917.254522,0.424979,-nan,0.087438
2954.793342,0.421436,-nan,0.088747
2992.815732,0.422136,-nan,0.086690
3031.327080,0.424211,-nan,0.090512
3070.333850,0.426375,-nan,0.090604
3109.842958,0.422914,-nan,0.088833
3149.860351,0.420889,-nan,0.089490
3190.392524,0.421829,-nan,0.092604
3231.446747,0.416946,-nan,0.092722
3273.028422,0.418807,-nan,0.094731
3315.145780,0.412282,-nan,0.093382
-nan,0.420811,-nan,0.092537
3401.012908,0.422114,-nan,0.094636
3444.777217,0.420679,-nan,0.092170
3489.104203,0.425204,-nan,0.087716
3534.001795,0.423811,-nan,0.092222
-nan,0.427011,-nan,0.086488
3625.537962,0.428954,-nan,0.090151
3672.191110,0.432018,-nan,0.090856
3719.444821,0.425382,-nan,0.088206
3767.306388,0.434311,-nan,0.091027
3815.783593,0.424800,-nan,0.091891
3864.885399,0.421200,-nan,0.093267
3914.618471,0.420000,-nan,0.091217
3964.991503,0.421929,-nan,0.089944
4016.013195,0.418471,-nan,0.095296
4067.691032,0.421150,-nan,0.091497
4120.034119,0.419604,-nan,0.090384
4173.050618,0.410671,-nan,0.092626
4226.748924,0.420832,-nan,0.089095
4281.138346,0.424139,-nan,0.094901
4336.228132,0.427314,-nan,0.095281
4392.026205,0.430768,-nan,0.091513
4448.542825,0.420693,-nan,0.092556
4505.786617,0.416111,-nan,0.092479
4563.766785,0.425882,-nan,0.089958
4622.493179,0.424836,-nan,0.091316
4681.975349,0.421786,-nan,0.094916
4742.222846,0.424021,-nan,0.094049
4803.245932,0.424664,-nan,0.088294
4865.053690,0.419854,-nan,0.093896
4927.657249,0.414729,-nan,0.093068
4991.065532,0.413225,-nan,0.089552
5055.290317,0.422054,-nan,0.091956
5120.341682,0.421950,-nan,0.089572
5186.230211,0.421114,-nan,0.091179
5252.966778,0.421250,-nan,0.093164
5320.561625,0.419354,-nan,0.090371
5389.026509,0.419554,-nan,0.092278
5458.371679,0.424421,-nan,0.089374
5528.610224,0.418871,-nan,0.089496
5599.752596,0.421271,-nan,0.093001
5671.810030,0.426411,-nan,0.097435
5744.794487,0.422175,-nan,0.093895
5818.718257,0.418771,-nan,0.093131
5893.593236,0.418132,-nan,0.090210
5969.431686,0.416321,-nan,0.092411
6046.246468,0.419782,-nan,0.094440
6124.049221,0.416254,-nan,0.097125
6202.853305,0.416800,-nan,0.096544
6282.671294,0.420393,-nan,0.091493
6363.516587,0.416643,-nan,0.094583
6445.402215,0.423525,-nan,0.097285
6528.341417,0.417729,-nan,0.094054
6612.348008,0.413743,-nan,0.098745
6697.435173,0.416536,-nan,0.100972
6783.617658,0.414936,-nan,0.095458
6870.909180,0.422443,-nan,0.092585
6959.323478,0.422404,-nan,0.098201
7048.876364,0.416679,-nan,0.092900
7139.581122,0.418100,-nan,0.089821
7231.452444,0.417114,-nan,0.092034
7324.506497,0.417650,-nan,0.091231
7418.758495,0.414996,-nan,0.090813
7514.222692,0.417546,-nan,0.097501
7610.915197,0.416907,-nan,0.091871
7708.852815,0.414732,-nan,0.096598
7808.049872,0.420182,-nan,0.095818
7908.523642,0.426243,-nan,0.092075
8010.290022,0.428389,-nan,0.096627
8113.366378,0.421921,-nan,0.090351
8217.768712,0.427825,-nan,0.095338
8323.515209,0.417107,-nan,0.091245
8430.621747,0.425950,-nan,0.093645
8538.981115,0.421029,-nan,0.087759
8648.986871,0.424071,-nan,0.085409
8760.282291,0.425414,-nan,0.093753
8873.009314,0.424471,-nan,0.092532
8987.187320,0.420032,-nan,0.093432
9102.834060,0.415354,-nan,0.087140
9219.968738,0.425029,-nan,0.088990
9338.610873,0.426882,-nan,0.093953
9458.780069,0.424214,-nan,0.095127
9580.495434,0.425057,-nan,0.089388
9703.776793,0.423314,-nan,0.092033
9828.645247,0.418293,-nan,0.088986
9955.119895,0.419782,-nan,0.099122
10083.221669,0.422446,-nan,0.091316
10212.972672,0.421929,-nan,0.090569
10344.392422,0.424471,-nan,0.091004
10477.503906,0.426871,-nan,0.088714
10612.328347,0.422679,-nan,0.092539
10748.887416,0.428600,-nan,0.094106
10887.203953,0.422200,-nan,0.089197
11027.300022,0.419464,-nan,0.085344
11169.199069,0.420232,-nan,0.094618
11312.924117,0.423168,-nan,0.096923
11458.498668,0.421289,-nan,0.096509
11605.946312,0.420182,-nan,0.090484
11755.291394,0.427907,-nan,0.095164
11906.557899,0.419439,-nan,0.092737
12059.771153,0.422368,-nan,0.094463
12214.955815,0.420418,-nan,0.096454
12372.137687,0.422039,-nan,0.089094
12531.342486,0.426225,-nan,0.095877
12692.595181,0.416761,-nan,0.091750
12855.923386,0.423989,-nan,0.093412
13021.352565,0.421018,-nan,0.088146
13188.911094,0.418714,-nan,0.087273
13358.626196,0.424639,-nan,0.090648
13530.524488,0.426286,-nan,0.094572
13704.634679,0.416150,-nan,0.095218
13880.985264,0.426039,-nan,0.091775
14059.605884,0.423511,-nan,0.096729
14240.524366,0.420332,-nan,0.099205
14423.771158,0.420543,-nan,0.094335
14609.376471,0.418411,-nan,0.097654
14797.369141,0.412786,-nan,0.093273
14987.781335,0.413961,-nan,0.098456
15180.643463,0.419875,-nan,0.099264
15375.987086,0.423475,-nan,0.095659
15573.845528,0.424339,-nan,0.094514
15774.249016,0.427918,-nan,0.091351
15977.231765,0.426236,-nan,0.092237
16182.826451,0.426179,-nan,0.094281
16391.066913,0.414021,-nan,0.092004
16601.986597,0.414793,-nan,0.097653
16815.620746,0.422375,-nan,0.093231
17032.003602,0.414721,-nan,0.094772
17251.170935,0.416593,-nan,0.092743
17473.159075,0.415279,-nan,0.093263
17698.003090,0.420786,-nan,0.090988
17925.739973,0.418236,-nan,0.090837
18156.393910,0.426254,-nan,0.091671
18390.044338,0.417493,-nan,0.092507
18626.686974,0.423368,-nan,0.091551
18866.375252,0.414779,-nan,0.089032
19109.146909,0.435154,-nan,0.094528
19355.042947,0.427329,-nan,0.092687
19604.063019,0.426139,-nan,0.094104
19856.368606,0.420114,-nan,0.096273
20111.879548,0.419611,-nan,0.095662
20370.679212,0.416721,-nan,0.097939
20632.808261,0.416818,-nan,0.092156
20898.310705,0.411200,-nan,0.102240
21167.229893,0.420264,-nan,0.097362
21439.609518,0.423607,-nan,0.100170
21715.493539,0.416154,-nan,0.095574
21994.263306,0.425307,-nan,0.098368
22277.957953,0.414614,-nan,0.101048
22564.630530,0.415854,-nan,0.094349
22854.991693,0.419089,-nan,0.103584
23149.089116,0.412607,-nan,0.100730
23446.970904,0.418114,-nan,0.099503
23748.685938,0.424271,-nan,0.103406
24054.283842,0.427886,-nan,0.097160
24363.812941,0.425668,-nan,0.095944
24677.326703,0.413671,-nan,0.095448
24994.873431,0.413304,-nan,0.101541
25316.507337,0.419821,-nan,0.103623
25642.279597,0.415993,-nan,0.098120
25972.243243,0.421668,-nan,0.096093
26306.453970,0.409261,-nan,0.098427
26644.964926,0.411518,-nan,0.107399
26987.832124,0.415839,-nan,0.101243
27335.110590,0.415304,-nan,0.103226
27686.858035,0.415082,-nan,0.100079
28043.132165,0.416539,-nan,0.104142
28403.990301,0.408825,-nan,0.101572
28769.492036,0.417854,-nan,0.099104
29139.697453,0.416921,-nan,0.104969
29514.666342,0.412957,-nan,0.100579
29894.460358,0.412021,-nan,0.099055
30279.141223,0.428689,-nan,0.094417
30668.772872,0.427086,-nan,0.103474
31063.004225,0.407818,-nan,0.107060
31463.141194,0.416093,-nan,0.101863
31868.008233,0.414993,-nan,0.106178
32278.085073,0.421121,-nan,0.103439
32693.439006,0.415054,-nan,0.105591
33114.137196,0.419061,-nan,0.101276
33539.600281,0.409604,-nan,0.110289
33971.844927,0.412721,-nan,0.104755
34408.993175,0.428054,-nan,0.101159
34851.767540,0.416429,-nan,0.104789
35300.239071,0.419811,-nan,0.100075
35754.481742,0.421189,-nan,0.101142
36214.570069,0.414575,-nan,0.101607
36680.578287,0.415796,-nan,0.104473
37152.583306,0.418164,-nan,0.104794
37630.661596,0.412400,-nan,0.103165
38114.892275,0.416861,-nan,0.103440
38605.353797,0.415261,-nan,0.104545
39102.126466,0.418486,-nan,0.101196
39605.292311,0.412275,-nan,0.106044
40114.932039,0.406114,-nan,0.108825
40631.129856,0.418375,-nan,0.101171
41153.970286,0.424529,-nan,0.101278
41683.530472,0.408214,-nan,0.105227
42219.921582,0.420875,-nan,0.103412
42763.206584,0.418143,-nan,0.101597
43313.299423,0.414657,-nan,0.108603
43870.839790,0.421546,-nan,0.106344
44435.368858,0.410225,-nan,0.103804
45007.162268,0.412982,-nan,0.111942
45586.313196,0.414114,-nan,0.108331
46172.893912,0.409457,-nan,0.109145
46766.887782,0.412425,-nan,0.109109
47368.866881,0.410279,-nan,0.108270
47978.408577,0.413471,-nan,0.109847
48595.793673,0.417768,-nan,0.105465
49221.123032,0.411439,-nan,0.106745
49854.499661,0.410654,-nan,0.110047
50496.026072,0.418157,-nan,0.109021
51145.807979,0.412875,-nan,0.103557
51803.950981,0.410475,-nan,0.105449
52470.563306,0.418879,-nan,0.112691
53145.753181,0.415400,-nan,0.101720
53829.632077,0.411721,-nan,0.105113
54522.310215,0.412221,-nan,0.109366
55223.901936,0.421911,-nan,0.108453
55934.522055,0.412061,-nan,0.106146
56654.286662,0.410921,-nan,0.112643
57383.312565,0.411725,-nan,0.110403
58121.719503,0.415596,-nan,0.108732
58869.356652,0.404621,-nan,0.104915
59627.161850,0.418514,-nan,0.107379
60394.442797,0.412132,-nan,0.109327
61171.596856,0.416571,-nan,0.105179
61958.068935,0.411229,-nan,0.108563
62756.036397,0.407382,-nan,0.112801
63563.579373,0.407718,-nan,0.114072
64381.514112,0.412539,-nan,0.114133
65209.592213,0.410843,-nan,0.111474
66048.856070,0.414286,-nan,0.112038
66899.013271,0.409729,-nan,0.110255
67759.868118,0.412325,-nan,0.111410
68631.800792,0.412614,-nan,0.109721
69514.953851,0.406000,-nan,0.120267
70409.470297,0.401196,-nan,0.107432
71315.498227,0.406861,-nan,0.109868
72233.184740,0.406757,-nan,0.109825
73162.679308,0.404625,-nan,0.110617
74104.135299,0.412396,-nan,0.113926
75057.706022,0.416804,-nan,0.117072
76023.015048,0.411961,-nan,0.116960
77001.816082,0.415779,-nan,0.111669
77991.990617,0.414693,-nan,0.108268
78996.281868,0.414061,-nan,0.115748
80012.804485,0.408525,-nan,0.113239
81042.407224,0.410907,-nan,0.114489
82085.259549,0.410804,-nan,0.116521
83141.530916,0.410525,-nan,0.113987
84211.394088,0.406371,-nan,0.110554
85294.418289,0.405911,-nan,0.116141
86392.599505,0.414307,-nan,0.114455
87504.297725,0.404825,-nan,0.116358
88630.301199,0.407868,-nan,0.111497
89770.793889,0.412746,-nan,0.111703
90925.886646,0.406164,-nan,0.114687
92095.996120,0.409993,-nan,0.117106
93281.085635,0.413939,-nan,0.114411
94481.424834,0.411414,-nan,0.118011
95697.209374,0.417161,-nan,0.116251
96928.639171,0.404786,-nan,0.113318
98175.915040,0.400496,-nan,0.112679
99439.012476,0.410793,-nan,0.115969
100718.823086,0.406986,-nan,0.115133
102014.870599,0.411007,-nan,0.119357
103327.595946,0.399868,-nan,0.113642
104656.411386,0.409700,-nan,0.124297
106003.939981,0.403514,-nan,0.118954
107367.996552,0.405796,-nan,0.120060
108749.605241,0.413746,-nan,0.112573
110148.993245,0.405932,-nan,0.118493
111566.388322,0.396921,-nan,0.119265
113002.022203,0.405746,-nan,0.114582
114456.130051,0.411796,-nan,0.119514
115928.949018,0.409629,-nan,0.117910
117420.720316,0.403700,-nan,0.116269
118931.687868,0.408196,-nan,0.120201
120461.629393,0.407704,-nan,0.115478
122012.202181,0.410654,-nan,0.117336
123579.044027,0.406086,-nan,0.117219
125172.506565,0.414246,-nan,0.124096
126783.224135,0.402718,-nan,0.118501
128414.667695,0.407307,-nan,0.120490
130067.105613,0.400439,-nan,0.125141
131740.806010,0.405507,-nan,0.115839
133436.044481,0.403314,-nan,0.120845
135150.579017,0.406393,-nan,0.117064
136892.243266,0.397646,-nan,0.122701
138653.770053,0.406325,-nan,0.123557
140437.963811,0.408071,-nan,0.126369
142239.389816,0.393464,-nan,0.122737
144074.790327,0.405846,-nan,0.128351
145929.485026,0.399050,-nan,0.123368
147807.302217,0.403689,-nan,0.123459
149709.284087,0.398211,-nan,0.125240
151635.740113,0.400232,-nan,0.126632
153586.771586,0.400643,-nan,0.127369
155563.340111,0.399200,-nan,0.125450
157565.125659,0.405146,-nan,0.129211
159592.670651,0.404739,-nan,0.127007
161646.305196,0.406039,-nan,0.124467
163726.367340,0.401779,-nan,0.123439
165833.194166,0.401896,-nan,0.121743
167967.132840,0.405096,-nan,0.123811
170123.920490,0.398907,-nan,0.132488
172317.740885,0.401904,-nan,0.127978
174535.121931,0.402621,-nan,0.124511
176781.036729,0.397546,-nan,0.126032
179055.160853,0.396625,-nan,0.128261
181359.938136,0.396975,-nan,0.129178
183693.674136,0.404189,-nan,0.127528
186057.440989,0.401261,-nan,0.131213
188451.624421,0.403029,-nan,0.127337
190876.615674,0.401039,-nan,0.125338
193332.811990,0.400861,-nan,0.127671
195820.615016,0.400171,-nan,0.128798
198340.430616,0.397393,-nan,0.128472
200892.671072,0.399904,-nan,0.126131
203477.754227,0.400564,-nan,0.131750
206094.222175,0.399139,-nan,0.127055
208748.142524,0.402371,-nan,0.125642
211434.309038,0.407911,-nan,0.127710
214153.966508,0.394446,-nan,0.132263
216905.979664,0.398971,-nan,0.130065
219701.983214,0.398739,-nan,0.133142
222523.651046,0.391393,-nan,0.131077
225392.608323,0.397468,-nan,0.138857
228292.956382,0.395157,-nan,0.134240
231230.625143,0.402086,-nan,0.133855
234200.903407,0.386104,-nan,0.137369
237219.855567,0.394671,-nan,0.137023
240272.396074,0.390446,-nan,0.137434
243361.879217,0.388032,-nan,0.138461
246495.822040,0.395957,-nan,0.138127
249667.245562,0.393657,-nan,0.139595
252878.867680,0.387700,-nan,0.140389
256129.166906,0.396375,-nan,0.142666
259430.438298,0.398761,-nan,0.141429
262763.706085,0.389996,-nan,0.144506
266150.087708,0.388286,-nan,0.143981
269573.269724,0.390446,-nan,0.145840
273043.785764,0.393914,-nan,0.147065
276557.308073,0.381314,-nan,0.144545
280116.041877,0.388543,-nan,0.145497
283718.300904,0.395650,-nan,0.145895
287360.740753,0.381982,-nan,0.150339
291069.370347,0.383829,-nan,0.146026
294814.754715,0.393796,-nan,0.150041
298608.164727,0.378400,-nan,0.146844
302442.313414,0.383146,-nan,0.150550
306338.102313,0.382018,-nan,0.154874
310284.953144,0.380504,-nan,0.150572
314277.694042,0.382750,-nan,0.155265
318321.812754,0.387136,-nan,0.153836
322417.971717,0.378768,-nan,0.151655
326562.915321,0.379346,-nan,0.157079
330759.492007,0.374550,-nan,0.155379
335025.425286,0.372407,-nan,0.154370
339336.525600,0.370432,-nan,0.156622
343703.101157,0.378071,-nan,0.153702
348124.961291,0.370404,-nan,0.157572
