0.000000,0.995000,0.000000,0.000000
1.002934,0.851647,0.001691,0.025521
1.016231,0.850816,0.001689,0.025705
1.029393,0.849794,0.001687,0.025744
1.043108,0.848553,0.001709,0.025775
1.056847,0.847375,0.001662,0.025465
1.070687,0.846066,0.001752,0.025752
1.084993,0.844803,0.001721,0.026061
1.099177,0.843522,0.001683,0.026337
1.113749,0.842284,0.001726,0.026728
1.128380,0.841122,0.001719,0.026494
1.143300,0.840059,0.001693,0.026512
1.158329,0.838853,0.001776,0.026243
1.173409,0.837600,0.001714,0.026503
1.189065,0.836169,0.001688,0.026333
1.204696,0.834572,0.001769,0.026691
1.220562,0.833297,0.001748,0.027126
1.236758,0.831544,0.001708,0.027466
1.252910,0.830341,0.001740,0.027452
1.269497,0.829178,0.001817,0.027445
1.286109,0.827806,0.001749,0.027377
1.303174,0.826516,0.001728,0.027440
1.320373,0.825434,0.001755,0.027845
1.337690,0.823622,0.001773,0.027685
1.355321,0.822022,0.001732,0.027831
1.373126,0.820931,0.001743,0.027788
1.391271,0.819616,0.001777,0.028043
1.409601,0.818413,0.001785,0.028417
1.428274,0.816903,0.001795,0.028475
1.447217,0.815322,0.001756,0.028651
1.466201,0.814563,0.001731,0.028827
1.485385,0.813478,0.001793,0.028778
1.505069,0.812512,0.001857,0.029290
1.525022,0.811066,0.001815,0.029319
1.545116,0.809838,0.001735,0.029559
1.565415,0.808647,0.001768,0.029895
1.586005,0.807684,0.001811,0.029858
1.606977,0.806200,0.001808,0.030203
1.628155,0.804791,0.001779,0.030491
1.649490,0.803497,0.001787,0.030435
1.671338,0.802812,0.001810,0.030349
1.693558,0.801722,0.001839,0.030052
1.715751,0.800497,0.001798,0.030358
1.738296,0.799266,0.001781,0.030733
1.761283,0.797447,0.001881,0.030849
1.784391,0.796216,0.001816,0.030740
1.808104,0.795300,0.001715,0.030478
1.832094,0.793900,0.001829,0.030935
1.856103,0.792684,0.001912,0.031202
1.880362,0.790991,0.001846,0.031650
1.905398,0.789637,0.001791,0.032165
1.930528,0.788222,0.001825,0.032616
1.955935,0.786719,0.001862,0.032721
1.981712,0.785209,0.001864,0.032654
2.007886,0.784356,0.001854,0.032706
2.034297,0.783100,0.001890,0.033083
2.061132,0.781769,0.001909,0.033196
2.088344,0.780294,0.001878,0.033556
2.115870,0.778544,0.001835,0.033406
2.143908,0.777259,0.001852,0.033697
2.172018,0.775619,0.001899,0.033468
2.200906,0.774300,0.001928,0.033924
2.229797,0.772741,0.001823,0.033855
2.259177,0.770947,0.001880,0.033610
2.289051,0.768875,0.001909,0.034013
2.319149,0.767078,0.001832,0.033959
2.349897,0.765566,0.001900,0.034127
2.380818,0.764003,0.001882,0.034094
2.412232,0.762159,0.001876,0.034195
2.444063,0.760800,0.001870,0.034463
2.476504,0.759062,0.001881,0.034597
2.509067,0.757387,0.001882,0.034645
2.542066,0.755887,0.001871,0.034654
2.575558,0.754491,0.001916,0.034374
2.609447,0.753044,0.001945,0.034366
2.644008,0.751447,0.001970,0.034362
2.678948,0.750225,0.001884,0.034322
2.714135,0.748975,0.001968,0.034265
2.750118,0.747481,0.001984,0.034567
2.786378,0.745953,0.001899,0.034421
2.823202,0.744925,0.001958,0.034777
2.860467,0.743959,0.002012,0.034752
2.898084,0.742988,0.001986,0.035061
2.936284,0.740969,0.001954,0.035191
2.975080,0.739519,0.001955,0.036232
3.014478,0.738238,0.001948,0.036923
3.054199,0.736844,0.002046,0.036854
3.094505,0.735803,0.002015,0.037163
3.135390,0.734278,0.001982,0.036940
3.176660,0.732925,0.001952,0.037173
3.218513,0.731672,0.001972,0.037319
3.261124,0.730375,0.001972,0.037499
3.304245,0.729231,0.001969,0.037465
3.347719,0.728172,0.001982,0.037325
3.391958,0.726875,0.001995,0.037282
3.436611,0.725456,0.002003,0.037165
3.482162,0.723734,0.002034,0.037228
3.527981,0.722594,0.001984,0.037688
3.574635,0.721256,0.002047,0.037974
3.621773,0.719828,0.002003,0.038391
3.669453,0.719163,0.002077,0.038448
3.718019,0.718222,0.002051,0.038373
3.767021,0.716806,0.001998,0.038454
3.816767,0.715644,0.002077,0.038362
3.867286,0.714516,0.002060,0.038076
3.918213,0.713016,0.002010,0.038292
3.969868,0.711550,0.002003,0.038405
4.022278,0.710309,0.001984,0.039032
4.075381,0.709419,0.002060,0.039178
4.129245,0.708256,0.002044,0.039644
4.183567,0.706353,0.002074,0.040230
4.238763,0.704466,0.002013,0.040287
4.294759,0.702759,0.002018,0.040172
4.351451,0.701581,0.002087,0.039710
4.408994,0.699884,0.002052,0.039745
4.467172,0.697856,0.002160,0.039173
4.526173,0.696928,0.002090,0.039377
4.585957,0.695388,0.002143,0.038981
4.646319,0.693113,0.002105,0.039529
4.707814,0.691853,0.002125,0.039752
4.769893,0.690337,0.002133,0.039152
4.832907,0.689388,0.002125,0.038850
4.896694,0.687387,0.002140,0.039171
4.961301,0.685853,0.002186,0.039741
5.026862,0.684934,0.002222,0.039474
5.093187,0.683484,0.002125,0.039729
5.160295,0.682453,0.002100,0.040124
5.228385,0.682181,0.002088,0.040322
5.297594,0.680672,0.002141,0.040142
5.367405,0.679216,0.002168,0.040290
5.438281,0.678278,0.002142,0.040540
5.510122,0.676941,0.002173,0.040883
5.582867,0.675638,0.002180,0.040500
5.656475,0.674088,0.002105,0.040918
5.731043,0.672753,0.002168,0.040805
5.807029,0.671788,0.002172,0.041088
5.883374,0.670041,0.002169,0.040745
5.961165,0.668994,0.002200,0.041519
6.039846,0.668181,0.002217,0.041740
6.119605,0.666837,0.002140,0.041624
6.200398,0.665253,0.002170,0.042205
6.282277,0.664341,0.002134,0.042675
6.365296,0.662378,0.002248,0.042869
6.449186,0.660741,0.002222,0.042991
6.534368,0.658556,0.002139,0.043218
6.620469,0.657597,0.002294,0.043066
6.707975,0.656472,0.002209,0.043250
6.796631,0.655631,0.002218,0.043261
6.886208,0.655244,0.002205,0.044440
6.977140,0.654122,0.002188,0.044839
7.069419,0.653109,0.002154,0.044920
7.162775,0.652456,0.002258,0.045296
7.257108,0.651744,0.002267,0.045510
7.352866,0.650659,0.002223,0.045204
7.450091,0.648569,0.002245,0.044950
7.548470,0.647650,0.002284,0.044051
7.648321,0.647269,0.002285,0.044560
7.749376,0.646037,0.002249,0.044880
7.851586,0.644450,0.002298,0.045277
7.955227,0.643516,0.002258,0.045236
8.060220,0.642681,0.002268,0.044192
8.166574,0.640816,0.002364,0.044720
8.274476,0.638694,0.002305,0.045196
8.383886,0.637922,0.002273,0.044936
8.494461,0.636944,0.002298,0.044858
8.606649,0.635800,0.002325,0.045309
8.720233,0.635028,0.002338,0.045198
8.835391,0.633953,0.002365,0.045737
8.951958,0.632959,0.002397,0.045605
9.070296,0.631309,0.002292,0.046147
9.189819,0.630053,0.002351,0.046137
9.311210,0.629606,0.002317,0.045226
9.434254,0.628578,0.002344,0.046301
9.558731,0.627672,0.002250,0.046202
9.684937,0.627306,0.002352,0.047183
9.812908,0.625822,0.002304,0.047053
9.942580,0.624247,0.002362,0.048435
10.073606,0.622316,0.002372,0.048194
10.206781,0.622091,0.002379,0.047577
10.341495,0.621009,0.002397,0.048463
10.478010,0.619344,0.002457,0.049836
10.616432,0.618363,0.002318,0.049600
10.756746,0.617084,0.002354,0.050513
10.898731,0.615341,0.002464,0.051008
11.042481,0.614031,0.002340,0.050174
11.188399,0.613122,0.002391,0.049735
11.336188,0.611991,0.002411,0.050673
11.485776,0.611259,0.002335,0.051213
11.637492,0.610234,0.002322,0.051862
11.791179,0.609106,0.002499,0.051430
11.946910,0.608109,0.002315,0.051738
12.104692,0.608025,0.002403,0.051203
12.264624,0.606703,0.002344,0.050303
12.426343,0.605056,0.002394,0.050589
12.590435,0.602784,0.002360,0.050028
12.756819,0.601675,0.002459,0.050064
12.925249,0.600419,0.002460,0.050654
13.095834,0.598944,0.002407,0.052550
13.268903,0.598772,0.002437,0.051795
13.444004,0.597641,0.002422,0.053664
13.621974,0.597397,0.002486,0.052971
13.801546,0.596137,0.002436,0.053173
13.983713,0.593778,0.002409,0.053099
14.168373,0.593272,0.002512,0.051346
14.355567,0.593431,0.002517,0.050376
14.545013,0.592762,0.002496,0.050482
14.737295,0.591537,0.002505,0.051583
14.931879,0.590275,0.002531,0.051856
15.128919,0.590219,0.002512,0.051983
15.328614,0.588616,0.002485,0.052333
15.531304,0.586728,0.002508,0.051600
15.736135,0.584769,0.002610,0.051810
15.944191,0.583606,0.002642,0.051942
16.154692,0.583081,0.002535,0.053735
16.367945,0.581928,0.002506,0.053297
16.584127,0.580141,0.002495,0.053732
16.803129,0.578378,0.002591,0.054433
17.025173,0.577197,0.002616,0.054563
17.249953,0.576347,0.002574,0.054097
17.477690,0.576147,0.002550,0.053192
17.708512,0.575069,0.002533,0.052602
17.942448,0.575272,0.002631,0.052758
18.179368,0.574856,0.002573,0.053658
18.419383,0.573447,0.002545,0.053382
18.662664,0.571300,0.002454,0.053698
18.909077,0.569566,0.002670,0.053866
19.158758,0.568650,0.002581,0.053155
19.411982,0.567097,0.002626,0.054683
19.668119,0.565256,0.002757,0.053622
19.928039,0.563947,0.002707,0.053618
20.191093,0.562109,0.002636,0.053923
20.457941,0.562069,0.002626,0.053904
20.727983,0.561900,0.002635,0.055015
21.001868,0.560456,0.002608,0.055306
21.278989,0.560647,0.002742,0.054713
21.560076,0.560244,0.002712,0.055267
21.844723,0.559484,0.002637,0.056322
22.133117,0.559906,0.002700,0.057474
22.425424,0.560019,0.002565,0.058831
22.721841,0.558256,0.002567,0.058212
23.021909,0.557100,0.002712,0.057936
23.325765,0.555953,0.002682,0.058499
23.633990,0.555709,0.002689,0.058313
23.945952,0.554278,0.002751,0.057764
24.262147,0.552175,0.002710,0.057204
24.582576,0.551238,0.002529,0.057504
24.907423,0.551122,0.002756,0.057804
25.236046,0.549325,0.002702,0.057951
25.569380,0.548238,0.002766,0.058556
25.907285,0.547387,0.002804,0.059182
26.249484,0.546650,0.002880,0.059155
26.596200,0.544588,0.002817,0.057023
26.947332,0.543359,0.002697,0.058194
27.303317,0.542594,0.002710,0.057635
27.663637,0.541744,0.002772,0.057853
28.029124,0.540816,0.002768,0.056479
28.399276,0.539834,0.002747,0.056954
28.774516,0.538525,0.002729,0.058230
29.154717,0.539253,0.002929,0.059283
29.539371,0.539537,0.002796,0.059430
29.929747,0.538563,0.002833,0.057959
30.324961,0.537509,0.002945,0.059436
30.725463,0.537050,0.002883,0.060104
31.131234,0.537516,0.002802,0.059882
31.542435,0.536375,0.002910,0.059333
31.959052,0.536166,0.002796,0.058621
32.381105,0.535062,0.002775,0.057128
32.808700,0.533981,0.002818,0.057300
33.241994,0.533950,0.002940,0.057943
33.681090,0.532206,0.002796,0.058168
34.125862,0.530334,0.002870,0.056556
34.576443,0.529272,0.002740,0.057356
35.033289,0.529253,0.002879,0.059057
35.496158,0.529612,0.002833,0.059100
35.964766,0.528837,0.002793,0.058420
36.439498,0.527487,0.002782,0.058164
36.920768,0.526100,0.002730,0.058678
37.408750,0.524806,0.002858,0.060636
37.902799,0.523769,0.002891,0.060348
38.403044,0.523219,0.002776,0.060380
38.910457,0.521972,0.002958,0.061622
39.424460,0.520281,0.002886,0.061380
39.945064,0.521887,0.002810,0.060967
40.472848,0.521387,0.002844,0.059863
41.007267,0.522212,0.002905,0.059601
41.548784,0.521937,0.002819,0.059721
42.097607,0.521719,0.002791,0.061581
42.653523,0.522344,0.002878,0.061349
43.216845,0.519641,0.002920,0.061603
43.787769,0.519159,0.002834,0.062318
44.365990,0.519281,0.002887,0.061805
44.951911,0.520481,0.002880,0.062057
45.545565,0.520463,0.002793,0.062490
46.147116,0.518363,0.002905,0.062714
46.756604,0.517228,0.002876,0.062593
47.374350,0.515344,0.002916,0.062422
47.999974,0.511831,0.002900,0.062530
48.633957,0.511369,0.002941,0.061306
49.276106,0.509953,0.002951,0.062142
49.926964,0.510403,0.003069,0.062900
50.586571,0.510937,0.002984,0.063842
51.254828,0.510822,0.003035,0.064026
51.931730,0.508981,0.002938,0.063192
52.617506,0.510594,0.002991,0.062712
53.312342,0.508563,0.002912,0.062741
54.016907,0.507212,0.003011,0.064607
54.729728,0.508566,0.002966,0.066189
55.452980,0.507581,0.003008,0.063313
56.185046,0.506859,0.003041,0.061483
56.927217,0.505741,0.002879,0.062302
57.679352,0.506466,0.003058,0.060729
58.441123,0.505366,0.002907,0.062863
59.212872,0.505287,0.002961,0.062461
59.995118,0.503150,0.003014,0.063141
60.787556,0.502619,0.003097,0.063639
61.590160,0.503381,0.002995,0.061114
62.403643,0.500256,0.002930,0.062309
63.227843,0.501344,0.003036,0.062637
64.063081,0.499609,0.003163,0.060984
64.909378,0.501019,0.003121,0.060511
65.766416,0.498722,0.003005,0.061509
66.635039,0.500947,0.003076,0.064816
67.515074,0.499544,0.002965,0.065305
68.407137,0.497597,0.003157,0.065580
69.310380,0.497266,0.003022,0.064448
70.226113,0.494991,0.003072,0.065022
71.153438,0.495378,0.003056,0.066761
72.093263,0.493259,0.003042,0.065548
73.045841,0.491522,0.003192,0.068104
74.010213,0.493169,0.003141,0.067335
74.987816,0.493309,0.002982,0.067485
75.978447,0.491016,0.003168,0.068496
76.981822,0.489522,0.003150,0.068969
77.998525,0.488522,0.003202,0.068375
79.028609,0.488494,0.003145,0.068128
80.072597,0.487734,0.003199,0.068801
81.130257,0.487906,0.003156,0.068506
82.201536,0.489003,0.003200,0.067388
83.287406,0.488087,0.003075,0.068236
84.387706,0.486431,0.003250,0.067053
85.502300,0.487184,0.003173,0.067473
86.631521,0.484497,0.003162,0.070363
87.775999,0.484281,0.003190,0.071565
88.935218,0.483634,0.003222,0.070758
90.109733,0.484338,0.003225,0.069709
91.299802,0.484756,0.003239,0.067266
92.506052,0.484272,0.003146,0.069764
93.727943,0.483231,0.003125,0.070353
94.965586,0.481959,0.003032,0.068357
96.219944,0.480137,0.003268,0.068964
97.490918,0.480162,0.003307,0.068189
98.778398,0.480013,0.003157,0.067117
100.083393,0.479606,0.003213,0.066812
101.405426,0.477181,0.003149,0.066655
102.744629,0.476566,0.003238,0.067611
104.101585,0.477744,0.003146,0.067557
105.476772,0.476803,0.003251,0.068958
106.869818,0.477587,0.003334,0.071597
108.281385,0.476203,0.003237,0.071495
109.711632,0.476222,0.003265,0.069161
111.160829,0.476497,0.003233,0.070706
112.628919,0.476944,0.003382,0.072015
114.116585,0.476453,0.003397,0.071783
115.623916,0.473788,0.003286,0.070922
117.151156,0.474044,0.003312,0.068195
118.698643,0.473863,0.003276,0.068378
120.266138,0.475497,0.003292,0.071366
121.854750,0.471872,0.003347,0.072289
123.464338,0.473250,0.003688,0.071623
125.094640,0.473422,0.003298,0.071551
126.747117,0.472675,0.003479,0.072421
128.421385,0.471428,0.003425,0.071449
130.117833,0.470800,0.003373,0.071351
131.836223,0.470469,0.003308,0.072770
133.577497,0.471997,0.003352,0.071662
135.341664,0.472922,0.003166,0.072634
137.129630,0.472603,0.003281,0.073955
138.941091,0.467953,0.003487,0.074922
140.775900,0.468703,0.003210,0.075554
142.635738,0.468506,0.003260,0.074548
144.519542,0.468422,0.003281,0.074986
146.428196,0.468750,0.003349,0.076078
148.362275,0.467109,0.003383,0.077310
150.321823,0.465281,0.003381,0.074062
152.307343,0.464744,0.003331,0.072349
154.319422,0.465444,0.003521,0.074980
156.357882,0.465294,0.003232,0.075612
158.422739,0.466178,0.003407,0.075043
160.515100,0.464969,0.003455,0.076468
162.635495,0.463494,0.003550,0.074451
164.783303,0.462294,0.003460,0.073649
166.960017,0.461869,0.003501,0.075290
169.165543,0.460712,0.003545,0.075656
171.399910,0.463350,0.003394,0.075323
173.663803,0.463328,0.003373,0.072998
175.957463,0.463012,0.003351,0.073480
178.281787,0.459647,0.003514,0.073980
180.636435,0.460344,0.003433,0.076795
183.022504,0.460656,0.003385,0.077182
185.440037,0.457400,0.003525,0.074363
187.889228,0.455691,0.003483,0.076955
190.371168,0.456141,0.003540,0.075300
192.885605,0.456338,0.003485,0.075900
195.433159,0.454100,0.003699,0.075968
198.014707,0.452706,0.003557,0.078136
200.630420,0.455491,0.003480,0.078570
203.280336,0.455328,0.003510,0.077638
205.965171,0.452109,0.003526,0.078319
208.685815,0.451484,0.003645,0.081035
211.442132,0.452187,0.003470,0.080192
214.235165,0.449809,0.003616,0.076824
217.064738,0.454978,0.003624,0.075853
219.931761,0.456988,0.003382,0.076008
222.836973,0.458644,0.003548,0.078726
225.779986,0.459263,0.003492,0.075471
228.762362,0.457459,0.003458,0.077886
231.783833,0.457966,0.003404,0.076103
234.845509,0.459844,0.003554,0.074666
237.947079,0.461803,0.003484,0.075387
241.089952,0.461850,0.003352,0.075780
244.274480,0.464444,0.003404,0.078408
247.501021,0.457697,0.003411,0.075187
250.770332,0.460725,0.003623,0.076860
254.082761,0.458519,0.003615,0.073700
257.438560,0.455891,0.003735,0.074874
260.839070,0.460572,0.003377,0.076973
264.284420,0.458581,0.003358,0.075602
267.775072,0.456791,0.003560,0.077884
271.312218,0.453569,0.003635,0.074473
274.895858,0.453100,0.003517,0.076946
278.526769,0.453453,0.003605,0.075356
282.205741,0.455425,0.003542,0.076139
285.933037,0.454909,0.003404,0.075049
289.709812,0.452531,0.003500,0.073928
293.536716,0.453437,0.003556,0.074515
297.413801,0.453681,0.003572,0.074845
301.342373,0.452150,0.003713,0.077061
305.322683,0.450359,0.003592,0.078509
309.355640,0.450100,0.003617,0.080913
313.441696,0.447944,0.003617,0.077868
317.581850,0.445775,0.003509,0.078105
321.776669,0.444100,0.003588,0.078301
326.027053,0.443475,0.003624,0.078976
330.333406,0.444756,0.003694,0.079294
334.696878,0.442734,0.003813,0.077709
339.117553,0.441625,0.003609,0.078156
343.596545,0.443803,0.003584,0.078512
348.135106,0.445372,0.003634,0.079584
352.733660,0.443169,0.003704,0.077452
357.392932,0.441416,0.003635,0.077680
362.113690,0.439628,0.003949,0.081331
366.896280,0.439869,0.003625,0.083937
371.742499,0.438994,0.003520,0.083172
376.652788,0.442069,0.003833,0.081529
381.627972,0.437878,0.003812,0.078450
386.668819,0.439644,0.003834,0.078869
391.776177,0.442041,0.003672,0.079613
396.950954,0.444706,0.003541,0.081527
402.194336,0.444762,0.003886,0.084461
407.506346,0.443647,0.003556,0.084992
412.889241,0.442500,0.003730,0.084956
418.343040,0.438981,0.003747,0.082823
423.868714,0.441244,0.003919,0.082167
429.467085,0.441937,0.003712,0.082772
435.140200,0.439287,0.003946,0.083296
440.887524,0.439225,0.003817,0.084460
446.711532,0.439684,0.003679,0.080865
452.611965,0.440859,0.003805,0.080969
458.590127,0.441437,0.003595,0.081626
464.647044,0.444372,0.003676,0.079973
470.784519,0.441641,0.003563,0.081004
477.003331,0.441434,0.003650,0.080030
483.303844,0.438716,0.003832,0.081253
489.687433,0.437722,0.003711,0.080243
496.155503,0.440737,0.003945,0.079061
502.709361,0.441384,0.003799,0.076065
509.349510,0.438613,0.003841,0.081744
516.076918,0.438866,0.003788,0.084553
522.893694,0.440403,0.003877,0.083151
529.800297,0.440200,0.003825,0.082410
536.798637,0.440853,0.003724,0.084513
543.888925,0.440806,0.003791,0.083819
551.073273,0.437525,0.003736,0.083569
558.352346,0.435194,0.004065,0.083001
565.727274,0.436763,0.004012,0.084005
573.199840,0.434906,0.003899,0.085612
580.771330,0.438072,0.003795,0.084220
588.442176,0.436453,0.003904,0.082804
596.214884,0.438472,0.003780,0.085406
604.090221,0.436513,0.003772,0.083327
612.069394,0.439256,0.003773,0.084022
620.153772,0.439931,0.003927,0.083214
628.345520,0.438741,0.003746,0.082218
636.645162,0.435006,0.003742,0.080568
645.054226,0.437222,0.003629,0.082258
653.574443,0.439681,0.003626,0.082083
662.207283,0.439000,0.003915,0.085212
670.954496,0.434059,0.004099,0.083916
679.816636,0.430578,0.003826,0.081061
688.796502,0.432097,0.003977,0.083467
697.894642,0.432931,0.003880,0.080660
707.112745,0.434375,0.003893,0.082495
716.452866,0.434078,0.003844,0.083312
725.916217,0.432878,0.003931,0.085711
735.505047,0.430634,0.004213,0.088918
745.219931,0.433925,0.004153,0.090052
755.063502,0.433431,0.003927,0.089739
765.036641,0.435259,0.005673,0.088298
775.141793,0.430219,0.004544,0.088658
785.380391,0.429853,0.004057,0.085022
795.754541,0.430241,0.004046,0.087462
806.265621,0.427234,0.004011,0.089148
816.915009,0.426884,0.003843,0.090455
827.705510,0.428959,0.004069,0.090081
838.638432,0.430750,0.003927,0.086805
849.716199,0.432975,0.004390,0.090699
860.939473,0.430991,0.004090,0.089693
872.311536,0.433816,0.003856,0.088182
883.833436,0.429356,0.003960,0.085347
895.508377,0.429466,0.003990,0.084983
907.336481,0.432734,0.004037,0.088900
919.321261,0.434591,0.004031,0.089134
931.464291,0.436791,0.004082,0.087272
943.767640,0.435200,0.003857,0.084267
956.233457,0.433344,0.003876,0.085588
968.864501,0.432966,0.003907,0.083704
981.661883,0.439137,0.003907,0.086696
994.628452,0.439169,0.003873,0.086205
1007.766214,0.435369,0.003634,0.081757
1021.077600,0.433581,0.003872,0.082383
1034.564639,0.435078,0.003732,0.083223
1048.230048,0.431541,0.003732,0.083387
1062.075788,0.439516,0.003840,0.084870
1076.104460,0.437591,0.003977,0.084279
1090.318625,0.432672,0.004102,0.084585
1104.720534,0.437259,0.003954,0.089474
1119.312490,0.432050,0.004142,0.090125
1134.097019,0.431406,0.004199,0.090371
1149.077490,0.426900,0.004339,0.090213
1164.254930,0.433131,0.004191,0.090291
1179.633732,0.431872,0.004602,0.092895
1195.214986,0.431266,0.004121,0.087830
1211.002189,0.434566,0.004449,0.092223
1226.998244,0.436537,0.004536,0.090017
1243.205414,0.435675,0.003981,0.085251
1259.626648,0.438081,0.003813,0.087415
1276.264402,0.436616,0.003923,0.087725
1293.122514,0.435253,0.003959,0.086187
1310.202880,0.433913,0.003835,0.086131
1327.509297,0.432884,0.003942,0.087753
1345.044142,0.436422,0.004016,0.089072
1362.810559,0.434928,0.004046,0.086666
1380.811611,0.434706,0.004408,0.088682
1399.050427,0.435625,0.004195,0.086478
1417.529704,0.440303,0.004016,0.087412
1436.253914,0.436484,0.004242,0.088518
1455.225037,0.436494,0.003969,0.088906
1474.446787,0.433516,0.005560,0.088117
1493.922376,0.437431,0.003636,0.085431
1513.655492,0.437447,0.004555,0.088321
1533.648826,0.434297,0.004974,0.085544
1553.906577,0.431566,0.005461,0.082799
1574.431413,0.433650,0.003868,0.085116
1595.228159,0.438797,0.003725,0.087333
1616.298674,0.437356,0.003779,0.087011
1637.648817,0.435859,0.003916,0.084515
1659.280154,0.430709,0.003907,0.084516
1681.196582,0.432562,0.003859,0.089975
1703.403568,0.429731,0.003903,0.086298
1725.903463,0.426584,0.004048,0.085362
1748.700551,0.426141,0.004267,0.082806
1771.798653,0.430675,0.004075,0.086532
1795.202315,0.434691,0.003879,0.085442
1818.914394,0.434872,0.004302,0.086525
1842.940455,0.433162,0.003932,0.083176
1867.283184,0.434197,0.003937,0.083656
1891.947719,0.432244,0.003921,0.086117
1916.938226,0.433403,0.003666,0.086790
1942.258847,0.429212,0.004180,0.084366
1967.913780,0.424800,0.004372,0.087140
1993.907159,0.432181,0.003913,0.083444
2020.244372,0.430103,0.003984,0.084452
2046.929267,0.433247,0.003778,0.084991
2073.966856,0.431791,0.004128,0.086766
2101.361368,0.434456,0.004096,0.083620
2129.117757,0.435456,0.003931,0.083729
2157.240989,0.433478,0.004034,0.084602
2185.735504,0.431522,0.004148,0.086444
2214.606615,0.430441,0.003921,0.085102
2243.858683,0.435853,0.003730,0.088475
2273.497382,0.429337,0.003889,0.088604
2303.527468,0.432234,0.004000,0.083931
2333.954422,0.435025,0.003856,0.088436
2364.783368,0.435819,0.003814,0.086352
2396.019316,0.430591,0.003988,0.082529
2427.667680,0.432566,0.003776,0.084361
2459.734527,0.437881,0.003835,0.087028
2492.224711,0.436072,0.004031,0.084167
2525.143764,0.438684,0.003718,0.083207
2558.497938,0.437659,0.003725,0.084997
2592.292852,0.439322,0.003777,0.088431
2626.533867,0.436747,0.003774,0.083264
2661.227004,0.437916,0.003595,0.081172
2696.378498,0.442131,0.003634,0.081042
2731.994485,0.446278,0.003773,0.084808
2768.080911,0.438244,0.003644,0.080254
2804.644485,0.436300,0.003804,0.083655
2841.690293,0.434944,0.003638,0.085844
2879.225752,0.436412,0.003724,0.086463
2917.256446,0.438969,0.003716,0.085832
2955.790313,0.436750,0.003764,0.082373
2994.832780,0.437800,0.004361,0.085943
3034.391130,0.429516,0.003899,0.089024
3074.471410,0.433622,0.003768,0.085825
3115.081894,0.433084,0.004186,0.093129
3156.228273,0.433387,0.003995,0.088653
3197.918604,0.431378,0.003867,0.090126
3240.159461,0.426216,0.004534,0.087428
3282.958044,0.430847,0.004072,0.088404
3326.321740,0.433094,0.004120,0.091047
3370.258623,0.435469,0.004215,0.088130
3414.775750,0.432534,0.003875,0.085044
3459.881031,0.430222,0.004097,0.086506
3505.581808,0.431344,0.004113,0.087112
3551.886421,0.425506,0.004487,0.091551
3598.802667,0.429759,0.004515,0.091344
3646.338737,0.431044,0.004021,0.090584
3694.502478,0.425225,0.004147,0.089420
3743.302788,0.425603,0.004325,0.085565
3792.746733,0.426209,0.004017,0.088352
3842.844849,0.426587,0.004104,0.084241
3893.604127,0.426106,0.004087,0.088271
3945.033910,0.427238,0.003853,0.084260
3997.143063,0.427547,0.004086,0.091762
4049.940919,0.427072,0.004246,0.089160
4103.435503,0.431438,0.003999,0.088752
-nan,0.432788,-nan,0.087042
4212.554507,0.428441,0.004161,0.089329
4268.197572,0.433681,0.003843,0.089385
4324.575561,0.434450,0.003955,0.089682
4381.697914,0.432356,0.003826,0.088045
-nan,0.430369,-nan,0.087341
4498.216497,0.428487,0.004035,0.085191
4557.632723,0.429081,0.004072,0.089429
4617.833777,0.430409,0.004445,0.086641
4678.829823,0.428412,0.003972,0.088640
4740.631823,0.429481,0.004079,0.092708
4803.250030,0.424913,0.004192,0.088811
4866.695304,0.437403,0.003790,0.086068
4930.978406,0.428822,0.003805,0.085630
4996.110854,0.431734,0.003836,0.084351
5062.103549,0.437631,0.004096,0.085331
5128.968029,0.429175,0.004045,0.083123
5196.715507,0.431216,0.003895,0.085343
5265.358127,0.432734,0.004398,0.087151
5334.907370,0.435372,0.004083,0.087731
5405.375333,0.437128,0.004677,0.089449
5476.773889,0.434475,0.004034,0.091765
5549.115318,0.437578,0.003986,0.090711
5622.413068,0.436034,0.004019,0.088171
5696.678416,0.433447,0.004058,0.086070
5771.924433,0.432997,0.003769,0.081704
5848.164846,0.431150,0.003866,0.085736
5925.412338,0.434984,0.003852,0.086733
6003.680380,0.433434,0.003908,0.085365
6082.981552,0.436088,0.003948,0.084345
6163.330948,0.427856,0.003968,0.089515
6244.740882,0.433991,0.003811,0.084677
6327.226789,0.437712,0.003869,0.086858
6410.802380,0.432781,0.003996,0.083761
6495.481146,0.435341,0.003854,0.082388
6581.279150,0.431328,0.003888,0.088664
6668.209942,0.428703,0.004111,0.083940
6756.289282,0.433844,0.004062,0.085285
6845.531460,0.438447,0.003748,0.086604
6935.953160,0.434031,0.003872,0.082619
7027.569221,0.432784,0.004080,0.090092
7120.395229,0.426728,0.004139,0.085787
7214.447479,0.427019,0.003986,0.085487
7309.741427,0.434678,0.003921,0.087823
7406.294963,0.432244,0.003945,0.090730
7504.122754,0.429097,0.003668,0.090502
7603.244192,0.436509,0.003919,0.084790
7703.673434,0.439559,0.004003,0.082846
7805.430207,0.434981,0.003875,0.088370
7908.530846,0.430509,0.003835,0.082942
8012.993351,0.434884,0.003707,0.085419
8118.835349,0.439206,0.003856,0.082016
8226.075930,0.436831,0.003839,0.085717
8334.732560,0.439625,0.003709,0.084621
8444.824654,0.432481,0.003843,0.086737
8556.371145,0.431762,0.003864,0.085101
8669.390915,0.428884,0.003646,0.083154
8783.903214,0.429812,0.003823,0.085722
8899.928570,0.436516,0.003995,0.086010
9017.485934,0.432209,0.003986,0.087284
9136.596627,0.431888,0.004258,0.088895
9257.280221,0.428662,0.004017,0.084586
9379.557886,0.436844,0.003961,0.091100
9503.451384,0.428156,0.004445,0.091382
9628.980419,0.428006,0.004063,0.089138
9756.168030,0.432631,0.004425,0.087636
9885.035324,0.431316,0.003727,0.092527
10015.605319,0.437700,0.003596,0.090045
10147.899849,0.437887,0.003879,0.091050
10281.941858,0.431522,0.004163,0.086317
10417.754228,0.434687,0.003978,0.083163
10555.360527,0.438462,0.003921,0.084968
10694.784299,0.437325,0.004114,0.089137
10836.049991,0.440294,0.004354,0.084570
10979.181560,0.438278,0.003701,0.087055
11124.204055,0.433781,0.004141,0.088461
11271.141714,0.435928,0.004012,0.090177
11420.019797,0.437800,0.003819,0.085824
11570.865367,0.438016,0.003786,0.085672
11723.703053,0.432362,0.004030,0.085833
11878.559608,0.430591,0.004425,0.086482
12035.461541,0.435834,0.003755,0.085978
12194.435781,0.430803,0.003921,0.082457
12355.509929,0.426887,0.004008,0.084619
12518.711957,0.431850,0.004015,0.083683
12684.069445,0.437656,0.003699,0.084304
12851.610909,0.438650,0.003910,0.085934
13021.365864,0.433434,0.003821,0.089845
13193.362954,0.433838,0.005071,0.087682
13367.631762,0.434775,0.003690,0.082551
13544.202843,0.433828,0.003940,0.088058
13723.106170,0.432150,0.004041,0.086080
13904.372263,0.430444,0.004041,0.085596
14088.032770,0.430897,0.004096,0.088632
14274.119119,0.439863,0.005910,0.090002
14462.663789,0.431397,0.004340,0.087022
14653.698561,0.432803,0.006345,0.088963
14847.256776,0.438778,0.004469,0.086814
15043.371792,0.431950,0.004015,0.088441
15242.077336,0.434628,0.003818,0.086848
15443.407504,0.435591,0.004183,0.086200
15647.396735,0.434272,0.003852,0.084927
15854.080350,0.433763,0.003766,0.085212
16063.494396,0.429819,0.004179,0.085275
16275.674513,0.430347,0.004391,0.087678
16490.657140,0.434956,0.003829,0.089420
16708.479335,0.436328,0.003829,0.085976
16929.179055,0.436081,0.004422,0.084537
17152.793967,0.434253,0.005338,0.089484
17379.362101,0.439413,0.004222,0.088131
17608.923205,0.431897,0.003944,0.087197
17841.516835,0.434178,0.004026,0.083559
18077.182415,0.436184,0.004056,0.086003
18315.960911,0.428188,0.003982,0.083385
18557.893394,0.433484,0.003845,0.091623
18803.021485,0.431134,0.003974,0.086895
19051.387538,0.432625,0.003982,0.089152
19303.034175,0.430959,0.003952,0.086511
19558.004723,0.434059,0.003646,0.087147
19816.343485,0.434894,0.004278,0.092217
20078.094230,0.429997,0.004136,0.088231
20343.302434,0.433662,0.003883,0.088340
20612.013347,0.427794,0.003929,0.091682
20884.274325,0.429909,0.003782,0.087945
21160.131252,0.427400,0.003899,0.086390
21439.631761,0.433506,0.003989,0.083327
21722.824682,0.429962,0.003876,0.089869
22009.757649,0.429809,0.003686,0.086577
22300.481065,0.428928,0.004257,0.089353
22594.908965,0.439759,3.826371,0.088219
22893.498620,0.439231,-nan,0.079389
23195.894955,0.439166,-nan,0.084070
23502.285996,0.435834,-nan,0.091591
23812.723845,0.436734,-nan,0.087599
24127.262001,0.437050,-nan,0.090344
24445.955291,0.432019,-nan,0.090990
24768.858065,0.437881,-nan,0.085027
25096.025629,0.430278,-nan,0.090466
25427.515169,0.427887,-nan,0.091148
25763.382933,0.436953,-nan,0.087467
26103.311039,0.430059,-nan,0.087462
26448.486494,0.428491,-nan,0.094939
26797.840101,0.430056,-nan,0.095311
27151.808388,0.429328,-nan,0.090401
27510.452360,0.428025,-nan,0.097315
27873.369140,0.420944,-nan,0.097430
28242.014821,0.426472,-nan,0.097017
28615.058516,0.428800,-nan,0.089951
28993.029901,0.429828,-nan,0.093860
29375.994148,0.432638,-nan,0.091237
29764.016817,0.427562,-nan,0.094178
30157.164935,0.430891,-nan,0.096211
30555.505992,0.433372,-nan,0.092262
30959.108514,0.430225,-nan,0.092784
31368.042447,0.424737,-nan,0.092808
31782.377958,0.429900,-nan,0.094540
32202.186042,0.427678,-nan,0.091492
32627.539130,0.437353,-nan,0.092226
33058.511048,0.433781,-nan,0.093220
33494.713263,0.423891,-nan,0.098427
33937.608174,0.426806,-nan,0.093395
34385.884241,0.431359,-nan,0.092318
34840.081871,0.426625,-nan,0.097512
35300.279099,0.427791,-nan,0.092357
35766.554566,0.433819,-nan,0.092735
36238.989577,0.429181,-nan,0.092596
36717.664146,0.429803,-nan,0.096077
37202.661663,0.425828,-nan,0.096044
37693.938752,0.425322,-nan,0.094553
38191.960528,0.426556,-nan,0.090907
38696.431610,0.432700,-nan,0.092456
39207.566555,0.435200,-nan,0.095823
39725.453224,0.424319,-nan,0.097068
40250.180037,0.431600,-nan,0.092211
40781.838239,0.425847,-nan,0.095006
41320.518922,0.431112,-nan,0.095791
41866.315101,0.429931,-nan,0.093229
42419.320452,0.426556,-nan,0.094855
42979.630363,0.427422,-nan,0.098252
43547.341008,0.427769,-nan,0.094926
44122.551176,0.425653,-nan,0.100030
44705.358837,0.422966,-nan,0.098466
45295.864481,0.425713,-nan,0.096642
45894.170162,0.426803,-nan,0.096774
46500.379122,0.426109,-nan,0.093360
47114.594770,0.429081,-nan,0.094084
47736.923701,0.422119,-nan,0.092994
48367.472861,0.426713,-nan,0.094028
49006.351208,0.434144,-nan,0.091489
49653.668083,0.429259,-nan,0.094998
50309.535113,0.438462,-nan,0.095004
50974.066005,0.433719,-nan,0.092241
51647.373861,0.428625,-nan,0.096250
52329.575675,0.429794,-nan,0.091343
53020.788543,0.429697,-nan,0.097152
53721.131667,0.429909,-nan,0.095123
54430.725580,0.427669,-nan,0.096401
55149.692089,0.427431,-nan,0.097373
55878.043145,0.436241,-nan,0.095199
56616.240668,0.430522,-nan,0.097501
57364.075480,0.424641,-nan,0.096806
58121.788687,0.431400,-nan,0.099758
58889.509790,0.434637,-nan,0.097422
59667.371921,0.425900,-nan,0.096371
60455.508438,0.422447,-nan,0.095760
61254.055421,0.431931,-nan,0.093597
62063.150161,0.423184,-nan,0.092992
62882.932307,0.426625,-nan,0.094857
63713.542738,0.430869,-nan,0.097204
64555.124850,0.425222,-nan,0.094464
65406.361144,0.433109,-nan,0.101792
66271.784295,0.431909,-nan,0.098842
67146.751049,0.430031,-nan,0.098694
68034.093584,0.430428,-nan,0.101250
68932.744977,0.427547,-nan,0.099508
69843.266584,0.424237,-nan,0.099214
70765.814787,0.426497,-nan,0.097554
71700.549265,0.426072,-nan,0.102180
72646.737349,0.421287,-nan,0.104732
73606.759940,0.428422,-nan,0.105983
74577.959595,0.420684,-nan,0.109538
75564.594869,0.419669,-nan,0.107280
76562.715409,0.429622,-nan,0.102804
77574.020032,0.423663,-nan,0.104324
78598.682650,0.423909,-nan,0.104670
79636.879804,0.428616,-nan,0.106548
80688.790469,0.427284,-nan,0.102429
81754.596013,0.422628,-nan,0.106624
82834.479293,0.425450,-nan,0.107935
83928.626519,0.425769,-nan,0.104748
85037.225826,0.425594,-nan,0.104003
86160.468728,0.425366,-nan,0.100050
87298.548694,0.423966,-nan,0.104188
88451.661357,0.423309,-nan,0.106196
89619.842306,0.423609,-nan,0.110577
90803.781200,0.421619,-nan,0.106280
92002.852318,0.417272,-nan,0.111188
93218.092964,0.422462,-nan,0.112293
94449.756267,0.428497,-nan,0.112189
95697.328007,0.419891,-nan,0.110519
96961.378392,0.420259,-nan,0.111786
98242.125416,0.426297,-nan,0.111107
99539.789988,0.426491,-nan,0.109893
100854.595041,0.422263,-nan,0.112026
102186.767260,0.421466,-nan,0.108336
103536.535839,0.422450,-nan,0.107305
104902.041955,0.417141,-nan,0.112669
106289.794989,0.423909,-nan,0.114829
107693.759842,0.419428,-nan,0.111893
109116.269406,0.419887,-nan,0.110655
110557.568272,0.417281,-nan,0.111168
112017.905233,0.425506,-nan,0.112220
113497.531741,0.425594,-nan,0.111428
114996.702430,0.418466,-nan,0.110544
116513.770903,0.420153,-nan,0.114585
118054.712195,0.413794,-nan,0.112737
119614.077630,0.420481,-nan,0.108617
121194.040941,0.415203,-nan,0.109869
122794.873429,0.425650,-nan,0.116099
124416.850760,0.423609,-nan,0.112676
126060.253131,0.420572,-nan,0.110281
127725.362733,0.412916,-nan,0.107607
129412.466363,0.422312,-nan,0.109209
131121.854687,0.425728,-nan,0.111566
132849.855747,0.420694,-nan,0.113218
134608.667124,0.416438,-nan,0.117502
136386.647560,0.410794,-nan,0.112486
138188.201039,0.420731,-nan,0.116838
140013.506538,0.420694,-nan,0.113930
141862.922529,0.415206,-nan,0.111095
143736.767167,0.418894,-nan,0.117728
145633.108424,0.418447,-nan,0.119570
147559.036807,0.416706,-nan,0.119692
149508.120470,0.419700,-nan,0.119711
151482.403482,0.419491,-nan,0.118587
153483.863070,0.417869,-nan,0.118241
155511.206727,0.413859,-nan,0.113517
157563.925760,0.414947,-nan,0.119836
159646.583882,0.417494,-nan,0.117552
161755.329816,0.424062,-nan,0.118982
163891.929972,0.422153,-nan,0.119708
166056.752372,0.416978,-nan,0.115352
168250.169057,0.415228,-nan,0.116918
170472.558772,0.412787,-nan,0.118821
172724.303248,0.414872,-nan,0.114867
175005.139408,0.416259,-nan,0.116371
177317.413884,0.422450,-nan,0.117590
179653.740658,0.410681,-nan,0.126052
182026.667888,0.420450,-nan,0.118966
184437.105850,0.408363,-nan,0.118269
186873.305685,0.415272,-nan,0.120003
189341.684790,0.412919,-nan,0.120612
191841.647532,0.421522,-nan,0.120065
194376.687906,0.412113,-nan,0.120488
196943.874531,0.405706,-nan,0.121687
199545.581977,0.419903,-nan,0.124623
202181.347638,0.413287,-nan,0.125649
204851.928668,0.410709,-nan,0.122166
207554.124054,0.412484,-nan,0.127384
210299.382008,0.409675,-nan,0.125267
213077.192983,0.404994,-nan,0.124554
215891.695366,0.410678,-nan,0.125034
218743.373609,0.417919,-nan,0.125358
221632.719789,0.407500,-nan,0.125728
224558.944735,0.410166,-nan,0.128356
227524.747217,0.415997,-nan,0.126396
230531.770402,0.411237,-nan,0.128306
233576.827496,0.413334,-nan,0.129071
236661.050463,0.410322,-nan,0.129794
239788.138137,0.410000,-nan,0.125893
242954.551590,0.410331,-nan,0.129814
246164.620157,0.405181,-nan,0.128032
249416.168989,0.406569,-nan,0.128076
252710.667275,0.414209,-nan,0.127987
256048.681656,0.410341,-nan,0.129973
259430.787459,0.415625,-nan,0.129829
262857.567140,0.414463,-nan,0.127729
266329.610459,0.410559,-nan,0.127792
269847.515589,0.410869,-nan,0.127153
273409.088400,0.406112,-nan,0.132355
277023.341673,0.411978,-nan,0.132351
280682.498160,0.409009,-nan,0.131161
284389.988390,0.405178,-nan,0.128976
288146.449999,0.411175,-nan,0.129888
291952.333820,0.409428,-nan,0.131264
295808.443254,0.415378,-nan,0.129063
299713.549053,0.406691,-nan,0.133066
303675.078730,0.408062,-nan,0.129245
307674.629086,0.413572,-nan,0.134828
311750.452810,0.407888,-nan,0.130506
315865.839000,0.407088,-nan,0.133836
320039.725038,0.404506,-nan,0.134592
324267.932324,0.408544,-nan,0.134400
328539.488940,0.404356,-nan,0.136490
332888.861095,0.410747,-nan,0.139133
337288.017075,0.395119,-nan,0.134478
341743.200099,0.410138,-nan,0.141127
346252.372944,0.410578,-nan,0.136761
350828.926986,0.402847,-nan,0.140238
355462.006856,0.398237,-nan,0.141202
360155.784036,0.404372,-nan,0.141857
364917.533878,0.408384,-nan,0.143693
369737.671184,0.400184,-nan,0.141330
374621.476471,0.396528,-nan,0.140157
379558.159252,0.400794,-nan,0.143647
384572.666213,0.397050,-nan,0.144987
389641.104597,0.389369,-nan,0.151380
394810.369584,0.394369,-nan,0.151943
400022.164570,0.391722,-nan,0.149720
405309.227093,0.389375,-nan,0.149127
410662.891386,0.391441,-nan,0.149256
416076.443726,0.394541,-nan,0.150622
421583.301398,0.396088,-nan,0.150239
427143.815894,0.392844,-nan,0.150136
432794.108947,0.392388,-nan,0.154006
438508.221455,0.392625,-nan,0.152893
444303.035394,0.395981,-nan,0.155286
450163.990284,0.387088,-nan,0.154260
456111.760163,0.388069,-nan,0.153550
462142.798523,0.392934,-nan,0.158235
468242.249386,0.391381,-nan,0.156582
474431.128735,0.387394,-nan,0.158439
480695.490436,0.386209,-nan,0.156676
487048.342750,0.386172,-nan,0.158944
